# Columns: ustar Ttilde_over_Tinf | Case=jet_M12_T05 | x*=-14.979769
0.000000000000000000e+00 1.108849214814073392e+00
1.699124308444610598e-02 1.108817715278464844e+00
5.105664311803673888e-02 1.108555050074354398e+00
8.514348075210627365e-02 1.108033879161458346e+00
1.190512652850810316e-01 1.107262342637540087e+00
1.524822446829383060e-01 1.106257421127302409e+00
1.850914850978660486e-01 1.105046259338880565e+00
2.165463981195153986e-01 1.103663780375660597e+00
2.465695238484425511e-01 1.102148852921365663e+00
2.749640473914428118e-01 1.100540075667387541e+00
3.016158527892516261e-01 1.098873037644859663e+00
3.264866190438645566e-01 1.097178361994804119e+00
3.495967269164573787e-01 1.095481453637762392e+00
3.710117702025726993e-01 1.093802146696440714e+00
3.908244578233697752e-01 1.092155663297466273e+00
4.091450223209002202e-01 1.090552741905413958e+00
4.260884967825044889e-01 1.089000999489515120e+00
4.417712623185168219e-01 1.087504991981704139e+00
4.563036558523235753e-01 1.086067436113718587e+00
4.697901972523261804e-01 1.084689240372483710e+00
4.823257209552866409e-01 1.083370534467881230e+00
4.939989840876528038e-01 1.082110067638047957e+00
5.048900280216085390e-01 1.080906187724057554e+00
5.150736896474005233e-01 1.079756370239966845e+00
5.246166588474014958e-01 1.078658159101157477e+00
5.335804059438099545e-01 1.077608394886366838e+00
5.420190397592989928e-01 1.076604266123654563e+00
5.499826952706343697e-01 1.075642644283020477e+00
5.575162805955742318e-01 1.074720996035674503e+00
5.646620739553597224e-01 1.073836301641726054e+00
5.714571324421540144e-01 1.072986069136866449e+00
5.779356566737867684e-01 1.072167266452878964e+00
5.841276358766587240e-01 1.071377092573261969e+00
5.900623310283377165e-01 1.070612102417747957e+00
5.957662941111560029e-01 1.069869704064708937e+00
6.012643805448344425e-01 1.069147255569468546e+00
6.065789481776190373e-01 1.068443052148172256e+00
6.117312337005542666e-01 1.067754915154841555e+00
6.167409809751229766e-01 1.067081055813016821e+00
6.216308928510165810e-01 1.066419104466468815e+00
6.264224097794233170e-01 1.065767571227181243e+00
6.311309781814978814e-01 1.065125002800852982e+00
6.357649682738231167e-01 1.064490199573126628e+00
6.403318795926914442e-01 1.063861071528634294e+00
6.448392700161580393e-01 1.063235799836875550e+00
6.492959793444695871e-01 1.062613320206395873e+00
6.537103049781595177e-01 1.061993078428981496e+00
6.580916652098928177e-01 1.061373810871450996e+00
6.624502138391316075e-01 1.060752889120441633e+00
6.667968807837674206e-01 1.060128679157136933e+00
6.711389427252969497e-01 1.059501083570484781e+00
6.754820376838819307e-01 1.058871633484525177e+00
6.798364584592133664e-01 1.058239729548828834e+00
6.842036004538317728e-01 1.057607481314698950e+00
6.885909289707037306e-01 1.056975607407147910e+00
6.930201258476169635e-01 1.056341686674644453e+00
6.975035021896559551e-01 1.055697963033942921e+00
7.020373698948063623e-01 1.055042302506014940e+00
7.066163952168530438e-01 1.054377919695874688e+00
7.112435204891300877e-01 1.053707398104629434e+00
7.159422153759682494e-01 1.053024311236127275e+00
7.207394159303993630e-01 1.052324190036499241e+00
7.256152643671686109e-01 1.051609320283481530e+00
7.305272732332153129e-01 1.050883724013439213e+00
7.354709379224370069e-01 1.050148211843606738e+00
7.404720795264533306e-01 1.049407015111730290e+00
7.455630912698453239e-01 1.048661221812094091e+00
7.507518376386930203e-01 1.047902472112909544e+00
7.560027235122726008e-01 1.047124840426951975e+00
7.613465616230563615e-01 1.046328022006305147e+00
7.668422028931377588e-01 1.045513453794288727e+00
7.724809116005779686e-01 1.044675233144614523e+00
7.781908820844907204e-01 1.043816228496052156e+00
7.839924279614050029e-01 1.042932507291245869e+00
7.899312093510255650e-01 1.042021021817905124e+00
7.959602100710937433e-01 1.041090151463646807e+00
8.020369744144102420e-01 1.040136767891155278e+00
8.081841820132954490e-01 1.039150245450326526e+00
8.144783543919045243e-01 1.038138652134939388e+00
8.209247873660724393e-01 1.037105376802074153e+00
8.274883728902321378e-01 1.036048687878389885e+00
8.341447699890345291e-01 1.034970170314464255e+00
8.409154184861098447e-01 1.033869805554820109e+00
8.478935896288708474e-01 1.032744211022677883e+00
8.550298540109203538e-01 1.031568385441627322e+00
8.623212933775271649e-01 1.030362501223586635e+00
8.697471237687005585e-01 1.029135854010373663e+00
8.772732253000158353e-01 1.027890600598509341e+00
8.848380149171864995e-01 1.026609558502274533e+00
8.924436115661062985e-01 1.025290356190109220e+00
9.001683127035984278e-01 1.023935384251501546e+00
9.079623335847464283e-01 1.022544931443174709e+00
9.157429804909411608e-01 1.021149482862669489e+00
9.235828572379742862e-01 1.019732614738598775e+00
9.315233099588879906e-01 1.018285658313846209e+00
9.394086276855699857e-01 1.016770929074386931e+00
9.470939301456700044e-01 1.015231307818406759e+00
9.544792016721306283e-01 1.013694398899902538e+00
9.613661870311062119e-01 1.012174451837800415e+00
9.676231333959222081e-01 1.010699334096156310e+00
9.731269642589253088e-01 1.009231541266113030e+00
9.777698783712686081e-01 1.007881880194681390e+00
9.815798487810212247e-01 1.006673964961783740e+00
9.845175501205482016e-01 1.005615504640383850e+00
9.866352284916350968e-01 1.004729343076022241e+00
9.880506745705163185e-01 1.004048036761064022e+00
9.888756370137073981e-01 1.003556825837873756e+00
9.892901212101541386e-01 1.003234376830146601e+00
9.894776336707803432e-01 1.003042898137300520e+00
9.895501200493539429e-01 1.002940517458422720e+00
9.895800767974862744e-01 1.002892744091119059e+00
9.895932826844604513e-01 1.002872125130048087e+00
9.896004367732758045e-01 1.002862525457589360e+00
9.896037883881262376e-01 1.002858212606263066e+00
9.896082133064092456e-01 1.002855004748731904e+00
9.896153342420268562e-01 1.002852817476223679e+00
9.896231072766323855e-01 1.002850155483002270e+00
9.896303661987494449e-01 1.002847766468558000e+00
9.896370141746164695e-01 1.002845444513803530e+00
9.896432187631925004e-01 1.002842568311442806e+00
9.896527913779278318e-01 1.002840048946442408e+00
9.896629567803257865e-01 1.002837353153508415e+00
9.896734534156762519e-01 1.002834320266427603e+00
9.896829102436430770e-01 1.002830972206459892e+00
9.896928362006729429e-01 1.002826711202420062e+00
9.897036050625943604e-01 1.002823021198396614e+00
9.897158284596254685e-01 1.002818978383251514e+00
9.897285874526265959e-01 1.002815255495025371e+00
9.897433772194939028e-01 1.002811981141523923e+00
9.897578402328887082e-01 1.002808392794765524e+00
9.897730357748385499e-01 1.002804547430937498e+00
9.897879510671442338e-01 1.002800601847974704e+00
9.898028691108292643e-01 1.002795838864396494e+00
9.898159763753335838e-01 1.002790955178634480e+00
9.898310910419119146e-01 1.002786231782844428e+00
9.898480462584834383e-01 1.002782314389448315e+00
9.898662415584168484e-01 1.002778340542550994e+00
9.898837128493196413e-01 1.002774306924459014e+00
9.899018771892416080e-01 1.002769963572399003e+00
9.899192499754821961e-01 1.002765513458279356e+00
9.899371009012614131e-01 1.002760569182190364e+00
9.899544872105442428e-01 1.002756003954056396e+00
9.899730994551276808e-01 1.002751471063228150e+00
9.899914999712721153e-01 1.002746780049649900e+00
9.900116626865376190e-01 1.002742266764736323e+00
9.900323572653596527e-01 1.002738080571682122e+00
9.900538746805830348e-01 1.002733711293687380e+00
9.900737712095686316e-01 1.002729379521700936e+00
9.900934636062131977e-01 1.002724159440419927e+00
9.901132892357316084e-01 1.002719292836459664e+00
9.901353474081416861e-01 1.002714850490814547e+00
9.901576684625463809e-01 1.002710699498150948e+00
9.901800526266257840e-01 1.002706176679147410e+00
9.902002052686792455e-01 1.002701108468500246e+00
9.902201690293251923e-01 1.002695364036284564e+00
9.902393446465039828e-01 1.002689752511189969e+00
9.902603777371328242e-01 1.002684372785527467e+00
9.902815547961821840e-01 1.002679415996668544e+00
9.903027509156029362e-01 1.002673890631472498e+00
9.903227827397249605e-01 1.002668071414095863e+00
9.903437326862380985e-01 1.002662076901638999e+00
9.903648700000301508e-01 1.002656846518223066e+00
9.903879100300482241e-01 1.002651633211411264e+00
9.904113370816437500e-01 1.002646825111950912e+00
9.904358016721698244e-01 1.002642370572657482e+00
9.904585042004155904e-01 1.002637110450176561e+00
9.904813770047534716e-01 1.002631483518140243e+00
9.905046246170953195e-01 1.002626688206330163e+00
9.905290398251624939e-01 1.002621296402266271e+00
9.905514497260989870e-01 1.002615643129399547e+00
9.905732181675350745e-01 1.002609551700050394e+00
9.905944309380524393e-01 1.002603585254597363e+00
9.906173981966437392e-01 1.002598063890006275e+00
9.906400005310892487e-01 1.002592163965637440e+00
9.906636622164500805e-01 1.002586316863594229e+00
9.906868308069146645e-01 1.002581139412208167e+00
9.907101396596199594e-01 1.002575014112068397e+00
9.907323055623477037e-01 1.002568879254443601e+00
9.907552015642954180e-01 1.002562810273284422e+00
9.907781357266102207e-01 1.002556896568741251e+00
9.908024835479550818e-01 1.002551338334308317e+00
9.908268843967061867e-01 1.002546053173297036e+00
9.908530818879588420e-01 1.002540674967603129e+00
9.908780614137217002e-01 1.002535390118848957e+00
9.909021240300618372e-01 1.002529547719280378e+00
9.909245367049939190e-01 1.002523299619465513e+00
9.909480364209267700e-01 1.002516905147570192e+00
9.909715836758884455e-01 1.002510876800747353e+00
9.909960088595919370e-01 1.002504844152587005e+00
9.910196890752708265e-01 1.002498916145840635e+00
9.910440585229394195e-01 1.002492738346321133e+00
9.910677895189733411e-01 1.002486898516995462e+00
9.910914944364561663e-01 1.002480584625912163e+00
9.911141968289034487e-01 1.002474050840970632e+00
9.911381637587411975e-01 1.002467545273919569e+00
9.911631618946873390e-01 1.002461917347819753e+00
9.911901693310324335e-01 1.002456561736919660e+00
9.912153407853644405e-01 1.002450891800359845e+00
9.912391560227286069e-01 1.002444370300940024e+00
9.912617195779415136e-01 1.002437652885468600e+00
9.912873429978055206e-01 1.002431821409169865e+00
9.913138658998217334e-01 1.002426840480577841e+00
9.913396882595373327e-01 1.002420983851763259e+00
9.913624385481608625e-01 1.002414052407267331e+00
9.913843400837220043e-01 1.002406348572361772e+00
9.914066495438067506e-01 1.002399748880137276e+00
9.914311895474520187e-01 1.002393228121927216e+00
9.914565972407179961e-01 1.002387247921191271e+00
9.914838474307297034e-01 1.002381991907272951e+00
9.915096837130168428e-01 1.002376571050452636e+00
9.915349969719574608e-01 1.002370458403667897e+00
9.915589252979539747e-01 1.002364003543905868e+00
9.915844369066398878e-01 1.002357539511074869e+00
9.916092864277746832e-01 1.002351570661059288e+00
9.916332331064594552e-01 1.002344818089603518e+00
9.916556189780885155e-01 1.002337665836733560e+00
9.916798401714956857e-01 1.002330895782229003e+00
9.917051001472028116e-01 1.002324982219744642e+00
9.917312920897659589e-01 1.002318889123336554e+00
9.917559798187800535e-01 1.002312869387472549e+00
9.917813207313036505e-01 1.002306409495981487e+00
9.918067622105307679e-01 1.002300460729690812e+00
9.918331898227727983e-01 1.002294744573253293e+00
9.918577076490159294e-01 1.002288301252349800e+00
9.918816997221485687e-01 1.002280937353389634e+00
9.919043568743786121e-01 1.002273887111334805e+00
9.919294088063250747e-01 1.002267402223817383e+00
9.919549745136613250e-01 1.002261489849350928e+00
9.919811476329519762e-01 1.002255415199122979e+00
9.920056017939399284e-01 1.002248831514389815e+00
9.920309090589567447e-01 1.002242088635966866e+00
9.920563729300392319e-01 1.002236122553525011e+00
9.920827146875795810e-01 1.002230028177021337e+00
9.921074000802306836e-01 1.002223733370088077e+00
9.921318827981098210e-01 1.002216702946457261e+00
9.921557502095725845e-01 1.002209741328062176e+00
9.921806966596252719e-01 1.002203037140902975e+00
9.922050782078696285e-01 1.002196568609455163e+00
9.922309102721261764e-01 1.002189918241667144e+00
9.922567953472002378e-01 1.002183953033076280e+00
9.922837473688338461e-01 1.002178078407538031e+00
9.923088226954066560e-01 1.002171683332512497e+00
9.923336456990553556e-01 1.002164682953561092e+00
9.923573830264400542e-01 1.002157771281611653e+00
9.923828056296951639e-01 1.002150911142703604e+00
9.924075470102655672e-01 1.002144340553253521e+00
9.924331245875499530e-01 1.002137588537503454e+00
9.924583081998289424e-01 1.002131246508325191e+00
9.924850215345869531e-01 1.002124866869336328e+00
9.925105911295782901e-01 1.002118899374566219e+00
9.925362291735557729e-01 1.002111888023575537e+00
9.925604004782935252e-01 1.002105628380563829e+00
9.925848858365918792e-01 1.002097531840986600e+00
9.926097140714990053e-01 1.002090770614693538e+00
9.926350022380220350e-01 1.002084684255165392e+00
9.926594024199685284e-01 1.002077169764123754e+00
9.926824956506247188e-01 1.002072045705352465e+00
