# Columns: ustar Ttilde_over_Tinf | Case=jet_M08_T05 | x*=-14.979769
0.000000000000000000e+00 1.108801747548565864e+00
1.687778072851355352e-02 1.108770535633516241e+00
5.071608772001506837e-02 1.108512001810328718e+00
8.457408559434986817e-02 1.107998752261235564e+00
1.182588147318291011e-01 1.107238251772117543e+00
1.514842539987586445e-01 1.106246392295484604e+00
1.839158425843923361e-01 1.105049054821912291e+00
2.152268733502902265e-01 1.103680104436207898e+00
2.451411317694995040e-01 1.102177748441781624e+00
2.734595056727342488e-01 1.100580439500749463e+00
3.000634526067564312e-01 1.098923952875270338e+00
3.249097097084395203e-01 1.097239301743577533e+00
3.480138391222106220e-01 1.095552196059186523e+00
3.694363465268725721e-01 1.093882760689434797e+00
3.892652116208806246e-01 1.092246244799693233e+00
4.076067026220978051e-01 1.090653411302517473e+00
4.245733150662643340e-01 1.089111658306272989e+00
4.402805036053027421e-01 1.087625355258912574e+00
4.548385353563583755e-01 1.086196912229274725e+00
4.683522016905235508e-01 1.084827057196317890e+00
4.809178979437611634e-01 1.083515457472352672e+00
4.926259887402892335e-01 1.082260657420392125e+00
5.035577927054772918e-01 1.081060633300448437e+00
5.137881082677090427e-01 1.079912632167110420e+00
5.233833604000166506e-01 1.078813779490574776e+00
5.324040908233499403e-01 1.077761013923085098e+00
5.409028862427269768e-01 1.076751503959510137e+00
5.489285098483536185e-01 1.075782415152310767e+00
5.565244914746706462e-01 1.074851334831356864e+00
5.637319064636792110e-01 1.073955750810809073e+00
5.705882238711067478e-01 1.073093352116576416e+00
5.771298849284050014e-01 1.072261656218538084e+00
5.833889924558920415e-01 1.071458197677422230e+00
5.893953083773283419e-01 1.070680161208491299e+00
5.951752306502035017e-01 1.069924702976825959e+00
6.007539977146694188e-01 1.069189113179700445e+00
6.061532766397479399e-01 1.068471473834391228e+00
6.113921904691477227e-01 1.067770237281278511e+00
6.164820340146317523e-01 1.067084329291054123e+00
6.214346347370163226e-01 1.066412301547547958e+00
6.262623673505570698e-01 1.065752644521131609e+00
6.309838719407184771e-01 1.065103544412044245e+00
6.356202022010793984e-01 1.064463314170648545e+00
6.401955708571567261e-01 1.063828905542533398e+00
6.447301625410083448e-01 1.063197292147884720e+00
6.492393625421726266e-01 1.062566300287117516e+00
6.537242973313287520e-01 1.061935788337481590e+00
6.581797332249373911e-01 1.061306625467589138e+00
6.625997089028924369e-01 1.060680823505857129e+00
6.669917547124952772e-01 1.060058703842851280e+00
6.713662292577210478e-01 1.059438955545325856e+00
6.757354890545237414e-01 1.058819951207135679e+00
6.801076431476991146e-01 1.058199906258648237e+00
6.844966848182074681e-01 1.057575389052226367e+00
6.889187629551337677e-01 1.056943352593116670e+00
6.933845202074089276e-01 1.056302448447084874e+00
6.979013839365082461e-01 1.055652095396564683e+00
7.024839058267797753e-01 1.054991613194787403e+00
7.071239058879168482e-01 1.054322834502450235e+00
7.117979252909167887e-01 1.053647396670924996e+00
7.165039358581417606e-01 1.052961071844231045e+00
7.212769614472067659e-01 1.052263340686981241e+00
7.261272926165862618e-01 1.051555538397714873e+00
7.310523605440085726e-01 1.050838260376296462e+00
7.360491631121224287e-01 1.050106882075706682e+00
7.411093700967685827e-01 1.049364871910541730e+00
7.462649220850474663e-01 1.048605957424072699e+00
7.515367927914299306e-01 1.047825468885633660e+00
7.569022319794751485e-01 1.047023044623364152e+00
7.623601801936505939e-01 1.046202967203673673e+00
7.679024265488061385e-01 1.045366046206570365e+00
7.735251296392012810e-01 1.044508336551068117e+00
7.792766100591381750e-01 1.043625262172528601e+00
7.851940036634326159e-01 1.042711481111479932e+00
7.911788343640399068e-01 1.041779833156237789e+00
7.971936940476646027e-01 1.040832888833069569e+00
8.033210658634254431e-01 1.039868253030739043e+00
8.096123468327116601e-01 1.038874231505666712e+00
8.160325399537067259e-01 1.037852460823274647e+00
8.225437013810492637e-01 1.036808301032472457e+00
8.290996163673559627e-01 1.035763256737580518e+00
8.358054831485204339e-01 1.034697467340060184e+00
8.426756674855647722e-01 1.033579186417799001e+00
8.497103553154287114e-01 1.032423106522603273e+00
8.568893044461162178e-01 1.031232679355355231e+00
8.641393279926283810e-01 1.030020624311043242e+00
8.714086482635585718e-01 1.028814362298435370e+00
8.788291896846053275e-01 1.027575034450129321e+00
8.864370497114032466e-01 1.026279822317676116e+00
8.940878781902564798e-01 1.024973299468093568e+00
9.017939605839980777e-01 1.023643003855075895e+00
9.096488326985016082e-01 1.022256591102006062e+00
9.176943150290483020e-01 1.020839610610014381e+00
9.257179911069673972e-01 1.019388388091127640e+00
9.335477657675470553e-01 1.017871843980632462e+00
9.411736380872083307e-01 1.016360688045132132e+00
9.487031171902481352e-01 1.014844072152547572e+00
9.560158151468547416e-01 1.013277766880540609e+00
9.628386547096616788e-01 1.011749020318834180e+00
9.689649640089003091e-01 1.010297503726575563e+00
9.744404382094759010e-01 1.008896704076609696e+00
9.791421311296018004e-01 1.007532103037873661e+00
9.829009047680956623e-01 1.006267480186352925e+00
9.857180829469639471e-01 1.005206291652600559e+00
9.877438575325099279e-01 1.004357478189813691e+00
9.890708994110744001e-01 1.003699353929987881e+00
9.898288551143235026e-01 1.003252619429488179e+00
9.902374578067422162e-01 1.002969980936391003e+00
9.904287192205876167e-01 1.002791005110831302e+00
9.904996654423153801e-01 1.002692505396149958e+00
9.905261581236350921e-01 1.002646619361763802e+00
9.905404921509296523e-01 1.002627488576645520e+00
9.905479939112095122e-01 1.002619272786042792e+00
9.905553030283570370e-01 1.002614528651229575e+00
9.905606743924953994e-01 1.002610747963964322e+00
9.905662853933984158e-01 1.002608031497173480e+00
9.905732864320576647e-01 1.002606587681855954e+00
9.905798803733646407e-01 1.002605012099938575e+00
9.905852559960904857e-01 1.002602891390681927e+00
9.905897396953798895e-01 1.002600732170599418e+00
9.905962886902724973e-01 1.002597787113349570e+00
9.906033208707026860e-01 1.002594831200076975e+00
9.906105916995828764e-01 1.002591789695712166e+00
9.906186206399082428e-01 1.002588608769161116e+00
9.906277552026054867e-01 1.002585585016435799e+00
9.906360402700010725e-01 1.002582164875772897e+00
9.906465879814269071e-01 1.002578675115859408e+00
9.906583021005036516e-01 1.002575794704314349e+00
9.906705576440777428e-01 1.002572653567389116e+00
9.906820015538861934e-01 1.002569391771863438e+00
9.906947076444401201e-01 1.002565612507756221e+00
9.907074260824665357e-01 1.002561771259683043e+00
9.907213925124294107e-01 1.002558397142172764e+00
9.907349137840102404e-01 1.002555210145075426e+00
9.907497108251990259e-01 1.002551685776666979e+00
9.907645187887957894e-01 1.002548210401582818e+00
9.907809239669826962e-01 1.002544517352314202e+00
9.907967834599004098e-01 1.002541174182192130e+00
9.908130349493445843e-01 1.002537661598828622e+00
9.908276390687830171e-01 1.002533557393474606e+00
9.908422993405802126e-01 1.002528867654289835e+00
9.908566140098237218e-01 1.002524562515738182e+00
9.908725831895504044e-01 1.002520364924281537e+00
9.908873435571668997e-01 1.002515836716276088e+00
9.909029873024690627e-01 1.002510950274376089e+00
9.909205142442408798e-01 1.002507222112691387e+00
9.909409564837062812e-01 1.002503924313390860e+00
9.909600317630274935e-01 1.002500425353208380e+00
9.909792552149003786e-01 1.002496488326761748e+00
9.909979468258884872e-01 1.002492822569092779e+00
9.910168889638228951e-01 1.002488836051028676e+00
9.910330916936418433e-01 1.002484011650405682e+00
9.910494967293543844e-01 1.002478455911839594e+00
9.910664013127983285e-01 1.002473556849131864e+00
9.910861202983443086e-01 1.002469325808967415e+00
9.911069258214606492e-01 1.002465961951210183e+00
9.911299125141176392e-01 1.002462497564007515e+00
9.911509299058705036e-01 1.002458902200341395e+00
9.911699877787161217e-01 1.002454302050446833e+00
9.911862310614808491e-01 1.002448882968173027e+00
9.912035624260661093e-01 1.002443063162204773e+00
9.912212410621613623e-01 1.002437884896943965e+00
9.912410111210461228e-01 1.002433071416939381e+00
9.912609022137500725e-01 1.002428580540914549e+00
9.912820274690565814e-01 1.002424065634289763e+00
9.913022027633862088e-01 1.002419954461722718e+00
9.913226300227243604e-01 1.002414943612733422e+00
9.913407955785278336e-01 1.002409317738843342e+00
9.913594731354614664e-01 1.002403744340333303e+00
9.913786768332188970e-01 1.002398809802167667e+00
9.914009750241109531e-01 1.002394173115635390e+00
9.914233088604978983e-01 1.002390129348680103e+00
9.914458864962480966e-01 1.002385752238294625e+00
9.914664916915941761e-01 1.002381369131642996e+00
9.914874731538435570e-01 1.002376256679721411e+00
9.915075493426069864e-01 1.002371060509044343e+00
9.915291181892258443e-01 1.002366150397058897e+00
9.915501792881558085e-01 1.002361402076151098e+00
9.915714630437914012e-01 1.002355993079201424e+00
9.915896857594039826e-01 1.002350264071555364e+00
9.916077292091629580e-01 1.002343903330750852e+00
9.916261346172516866e-01 1.002338099524692439e+00
9.916477615084022812e-01 1.002332910808286126e+00
9.916703415621959117e-01 1.002328507274094616e+00
9.916943787943440780e-01 1.002323937320450442e+00
9.917172830586357124e-01 1.002319745667061168e+00
9.917403766272764321e-01 1.002315106786435095e+00
9.917604744545237550e-01 1.002309689521365677e+00
9.917803215398435235e-01 1.002303555844122451e+00
9.918004214058451229e-01 1.002297792940234356e+00
9.918233281101004328e-01 1.002292897803898075e+00
9.918452518827365338e-01 1.002288497961074665e+00
9.918670936114324377e-01 1.002282824902851921e+00
9.918871544549724417e-01 1.002277021410761915e+00
9.919076758425278140e-01 1.002271193302754160e+00
9.919270363171107663e-01 1.002265189758056341e+00
9.919481819004106748e-01 1.002259214914250185e+00
9.919705867821348999e-01 1.002254457606803095e+00
9.919953506925985875e-01 1.002250114871279241e+00
9.920182468605764914e-01 1.002245692784025755e+00
9.920405065370485609e-01 1.002240137799843112e+00
9.920610442279496066e-01 1.002234246535757434e+00
9.920824735328758193e-01 1.002228538432420324e+00
9.921031565729714341e-01 1.002222993872688095e+00
9.921257148288377126e-01 1.002217441184698909e+00
9.921475675579485287e-01 1.002212495830072214e+00
9.921690490161712006e-01 1.002206552353441804e+00
9.921886084311075660e-01 1.002200129180175425e+00
9.922097728078881351e-01 1.002194089569583557e+00
9.922325319839997437e-01 1.002189435239049242e+00
9.922573665186913416e-01 1.002184995478160090e+00
9.922795789864167215e-01 1.002179985596364009e+00
9.923010352197449979e-01 1.002173803912880468e+00
9.923215438627476237e-01 1.002167773316674282e+00
9.923439665999460590e-01 1.002162271648939784e+00
9.923661032980631846e-01 1.002157200590113373e+00
9.923887155394377491e-01 1.002151629108855913e+00
9.924093961131031927e-01 1.002145890360149449e+00
9.924309229353592832e-01 1.002139908424818371e+00
9.924524092588962176e-01 1.002134403038315025e+00
9.924752817481640177e-01 1.002128793749721636e+00
9.924972136949549162e-01 1.002123398359680229e+00
9.925197262672065257e-01 1.002117652419056260e+00
9.925414109685829489e-01 1.002112322657567889e+00
9.925643789019191754e-01 1.002106842242154849e+00
9.925861781269458284e-01 1.002101334301019442e+00
9.926084956646908930e-01 1.002095525920408292e+00
9.926297999088133928e-01 1.002089724307884122e+00
9.926522375299742240e-01 1.002083852737212455e+00
9.926737586368370447e-01 1.002078451981665452e+00
9.926964914143242558e-01 1.002072748454552631e+00
9.927184607706852626e-01 1.002067152996626964e+00
9.927413065734013164e-01 1.002061566534526271e+00
9.927628267905176385e-01 1.002055969559642046e+00
9.927853192363683688e-01 1.002049975722739905e+00
9.928069160131630655e-01 1.002044320947599987e+00
9.928299344028310713e-01 1.002038672242336004e+00
9.928521436163125768e-01 1.002033231977826455e+00
9.928750611278770455e-01 1.002027635130668948e+00
9.928965601771228000e-01 1.002021890614058774e+00
9.929185705888501356e-01 1.002015568677291135e+00
9.929398593230229775e-01 1.002009640403079604e+00
9.929627134387247755e-01 1.002003744329260648e+00
9.929851415071432319e-01 1.001998534025877241e+00
9.930086618608793270e-01 1.001993206419186544e+00
9.930310193571152411e-01 1.001987788879626029e+00
9.930542741896727366e-01 1.001981968901990205e+00
9.930755377118118954e-01 1.001976031998222050e+00
9.930976185708439985e-01 1.001969442619799144e+00
9.931186335078862060e-01 1.001963480005881646e+00
9.931417654340978229e-01 1.001957576403740946e+00
9.931644765582264833e-01 1.001952726133065408e+00
9.931879060635288026e-01 1.001946061813084432e+00
9.932103902894756642e-01 1.001940718003284436e+00
9.932331990935474586e-01 1.001935585842176568e+00
9.932547232438254659e-01 1.001928520114333976e+00
9.932747486529771574e-01 1.001923385139705802e+00
