# Columns: ustar Ttilde_over_Tinf | Case=jet_M16_T05 | x*=-14.979769
0.000000000000000000e+00 1.108765572050237624e+00
1.686943517441641394e-02 1.108734481417385620e+00
5.069652117857340046e-02 1.108475912793204232e+00
8.455058823652936151e-02 1.107962740962730397e+00
1.182329755043007302e-01 1.107202801917742674e+00
1.514502715854121606e-01 1.106212485536541390e+00
1.838636043071639470e-01 1.105018021396725114e+00
2.151455216870971354e-01 1.103653337732852124e+00
2.450215900418579729e-01 1.102156503981552849e+00
2.732953801061580035e-01 1.100565697902898599e+00
2.998499707196659037e-01 1.098916509868424596e+00
3.246440072860705683e-01 1.097239677424408866e+00
3.476951667973620097e-01 1.095560573331710863e+00
3.690664862240047306e-01 1.093898997674245699e+00
3.888490446634824682e-01 1.092270046034133690e+00
4.071515077913163139e-01 1.090684395970996423e+00
4.240875444362974256e-01 1.089149505023175868e+00
4.397721785786394832e-01 1.087669746930029380e+00
4.543146917093237591e-01 1.086247520630649221e+00
4.678188261056618891e-01 1.084883401487195531e+00
4.803801205174478839e-01 1.083576987800752622e+00
4.920874434003609799e-01 1.082326669316687529e+00
5.030205816402101293e-01 1.081130431494357724e+00
5.132521292830837245e-01 1.079985504056307777e+00
5.228453721907525553e-01 1.078889205636305970e+00
5.318572729587798253e-01 1.077838621522172469e+00
5.403383700316228833e-01 1.076831173840649969e+00
5.483359732325223668e-01 1.075864045085970222e+00
5.558944010112852885e-01 1.074934742111758101e+00
5.630559882207571976e-01 1.074040482703094934e+00
5.698604109000999784e-01 1.073178752021054505e+00
5.763461130943714483e-01 1.072346824009275279e+00
5.825484448498626788e-01 1.071542569455128824e+00
5.885001481337315266e-01 1.070763787260620381e+00
5.942285372199035409e-01 1.070008794113983086e+00
5.997565404487936735e-01 1.069275681019917323e+00
6.051016203591284004e-01 1.068562701228234157e+00
6.102791638286616527e-01 1.067867774882429899e+00
6.153040184433110626e-01 1.067189323194877026e+00
6.201930906188007908e-01 1.066525859799601239e+00
6.249626553060606549e-01 1.065876124984322715e+00
6.296293452198313823e-01 1.065238352269573197e+00
6.342084969879467904e-01 1.064610439586754387e+00
6.387117037365453998e-01 1.063990230670387005e+00
6.431520645037409611e-01 1.063375655984305279e+00
6.475454348376268321e-01 1.062764730454136330e+00
6.519126501270451346e-01 1.062155371047743602e+00
6.562695963293934120e-01 1.061546023137628136e+00
6.606256757869424234e-01 1.060935278228830381e+00
6.649883877276518973e-01 1.060322679195913054e+00
6.693605392064272408e-01 1.059708009086145042e+00
6.737374670211154770e-01 1.059091353297407556e+00
6.781190528231142434e-01 1.058471814277589962e+00
6.825233660837706218e-01 1.057848455300389734e+00
6.869668034225538955e-01 1.057218177206546539e+00
6.914485540894184101e-01 1.056577902967686944e+00
6.959603589915569488e-01 1.055925585799893263e+00
7.005016853479154593e-01 1.055264188933913161e+00
7.050939038704266970e-01 1.054595900542328213e+00
7.097425803489438856e-01 1.053922549738323999e+00
7.144398246679802833e-01 1.053244073673634595e+00
7.192044921782941858e-01 1.052557192901592442e+00
7.240509459795174685e-01 1.051860368012229152e+00
7.289773146686980843e-01 1.051151029838991446e+00
7.339745771358641147e-01 1.050425491979171566e+00
7.390178785897938418e-01 1.049681882259192900e+00
7.441135316347318174e-01 1.048924408157883237e+00
7.493114601337171887e-01 1.048154866700564902e+00
7.546267012687800646e-01 1.047365464314499617e+00
7.600477371514304803e-01 1.046551215775132659e+00
7.655593378549432337e-01 1.045715012986713655e+00
7.711381840007761612e-01 1.044867053650181621e+00
7.768091553437023178e-01 1.044013647664667310e+00
7.826151453369206701e-01 1.043152112805695086e+00
7.885475781529401873e-01 1.042259646574645204e+00
7.946221966273296911e-01 1.041323768923154036e+00
8.008706875194672170e-01 1.040346361282375121e+00
8.072719577558211679e-01 1.039345278489966828e+00
8.137859413991594959e-01 1.038328787582149637e+00
8.204457444647176301e-01 1.037295695075556079e+00
8.272312831347929940e-01 1.036233189536314603e+00
8.341105856401740404e-01 1.035131784617302930e+00
8.411343513054760912e-01 1.033995368395628889e+00
8.482865605117291263e-01 1.032804690285792359e+00
8.555885355292182082e-01 1.031585029572467782e+00
8.629151534356555020e-01 1.030372943061482083e+00
8.702297216408156899e-01 1.029148136240194855e+00
8.776102372194983792e-01 1.027908896016141327e+00
8.850665887560786871e-01 1.026634643242966272e+00
8.926096450089454626e-01 1.025317859286176692e+00
9.002335851570869574e-01 1.023992782137069124e+00
9.079692197304050083e-01 1.022622980105851065e+00
9.157818516941923503e-01 1.021210561756269009e+00
9.235328009641565750e-01 1.019777198563715626e+00
9.313549433913569375e-01 1.018312341041967883e+00
9.392323361411720750e-01 1.016813612858778804e+00
9.468753495071202675e-01 1.015267665372518335e+00
9.541379942350702859e-01 1.013743233291524382e+00
9.609311315164790201e-01 1.012233298823614236e+00
9.671562004496776499e-01 1.010739224730085262e+00
9.726466999147076464e-01 1.009312268486005193e+00
9.773745013801119486e-01 1.007968891055631033e+00
9.812582689409923287e-01 1.006735542308991871e+00
9.842333191770799017e-01 1.005659258647420451e+00
9.863057882291187406e-01 1.004775020410321629e+00
9.876095144606472642e-01 1.004112226275731823e+00
9.883845123550186740e-01 1.003651455527661218e+00
9.887924721125130878e-01 1.003345293253781634e+00
9.889870769507170811e-01 1.003158166880135926e+00
9.890700621298872397e-01 1.003053586669665709e+00
9.890958918166739000e-01 1.003006358860127012e+00
9.891057981882176442e-01 1.002990615115134210e+00
9.891144299292543574e-01 1.002982950070684165e+00
9.891210769763891797e-01 1.002978369323125563e+00
9.891261182797380647e-01 1.002975127864837335e+00
9.891332099207620354e-01 1.002972652689633426e+00
9.891427949142562737e-01 1.002970294056654055e+00
9.891509058382260688e-01 1.002967540503570731e+00
9.891589454367740730e-01 1.002964864882310403e+00
9.891663619021728859e-01 1.002961945340307803e+00
9.891757792387431136e-01 1.002958610241398540e+00
9.891864790615397807e-01 1.002955329722780897e+00
9.891980626844683044e-01 1.002951931662232843e+00
9.892098973992425881e-01 1.002948747774319971e+00
9.892230768087399984e-01 1.002945199203133297e+00
9.892360226638656773e-01 1.002941481533147217e+00
9.892508116194472789e-01 1.002937799824365595e+00
9.892649728445395141e-01 1.002933753578072906e+00
9.892790505741494433e-01 1.002929109483789549e+00
9.892938337047726405e-01 1.002925020370667220e+00
9.893106148061535654e-01 1.002921098067540040e+00
9.893268572121184379e-01 1.002916886957146980e+00
9.893442418274634997e-01 1.002912644482101490e+00
9.893612880404303311e-01 1.002908499620623228e+00
9.893779963662848731e-01 1.002903369827082170e+00
9.893942549376970597e-01 1.002898476941920691e+00
9.894130130029402670e-01 1.002894051776340278e+00
9.894316575784979362e-01 1.002889483001359272e+00
9.894516783672132609e-01 1.002885163379060085e+00
9.894716880193878961e-01 1.002881029231609489e+00
9.894917180928420875e-01 1.002876220167156607e+00
9.895103850193056605e-01 1.002871208172587458e+00
9.895308911442052269e-01 1.002866317434021104e+00
9.895519581340529447e-01 1.002862134401073080e+00
9.895729114601150567e-01 1.002857236117504769e+00
9.895918756104886693e-01 1.002851796616640589e+00
9.896117524713416991e-01 1.002846329560754590e+00
9.896319656168992562e-01 1.002840742427044241e+00
9.896551888833676758e-01 1.002836050525308220e+00
9.896788548773136629e-01 1.002832230958347282e+00
9.897016270181605568e-01 1.002827208960741734e+00
9.897217534088553759e-01 1.002821586828105183e+00
9.897427592237766358e-01 1.002815772864226629e+00
9.897642207881973686e-01 1.002810386826244349e+00
9.897857170328400178e-01 1.002804601481805946e+00
9.898055879182434680e-01 1.002798551970636387e+00
9.898276777835689488e-01 1.002792802230899394e+00
9.898504844344860887e-01 1.002787334882627057e+00
9.898746297363711921e-01 1.002781833340342432e+00
9.898991565387635916e-01 1.002777339486041974e+00
9.899254739674830939e-01 1.002772939928228135e+00
9.899501291345910170e-01 1.002767918253215873e+00
9.899730189482828235e-01 1.002761749761866383e+00
9.899948682354681173e-01 1.002755671002594218e+00
9.900191687089913151e-01 1.002750085070972963e+00
9.900428387016476650e-01 1.002744513318586606e+00
9.900653992159883510e-01 1.002737978441195610e+00
9.900874685956290167e-01 1.002731801289811209e+00
9.901127699273863936e-01 1.002726286738269801e+00
9.901375628031570120e-01 1.002720915100878685e+00
9.901611086317878563e-01 1.002714659242733841e+00
9.901837150382151176e-01 1.002708324438327470e+00
9.902090819788246234e-01 1.002702460270740170e+00
9.902330405079208253e-01 1.002696601339216453e+00
9.902559086941686850e-01 1.002689926942420318e+00
9.902794774055755367e-01 1.002683845915004257e+00
9.903070012523256249e-01 1.002678537548451043e+00
9.903332898283568886e-01 1.002673118549469500e+00
9.903578958286148870e-01 1.002666730508834370e+00
9.903820521847405134e-01 1.002660695066808660e+00
9.904096493791026967e-01 1.002655307824179332e+00
9.904354734958209505e-01 1.002649562476698675e+00
9.904592015792912374e-01 1.002642541652154051e+00
9.904814258114064129e-01 1.002635444959300237e+00
9.905057942470665289e-01 1.002628851008608546e+00
9.905302969351917897e-01 1.002622632811243308e+00
9.905564021804718067e-01 1.002616162476725581e+00
9.905833169790951853e-01 1.002610570630488418e+00
9.906106905861791212e-01 1.002604828235554635e+00
9.906344646994216241e-01 1.002598044176628900e+00
9.906578028117500878e-01 1.002590629167879221e+00
9.906833170039750502e-01 1.002584511163847836e+00
9.907124617514805331e-01 1.002579369979566204e+00
9.907396088793897215e-01 1.002573933991769861e+00
9.907647327288895411e-01 1.002566895405860858e+00
9.907884903161437995e-01 1.002559809883795117e+00
9.908137963824071859e-01 1.002553006267636659e+00
9.908381627992818297e-01 1.002546120162683962e+00
9.908630052416552703e-01 1.002538887472079310e+00
9.908881454691311763e-01 1.002532477793437682e+00
9.909159970819594321e-01 1.002526663895962011e+00
9.909437399733370677e-01 1.002521174868868714e+00
9.909715365479381255e-01 1.002515023057149346e+00
9.909970845291957708e-01 1.002508458254497636e+00
9.910223415892949195e-01 1.002501380254909424e+00
9.910464427129703768e-01 1.002494235704407544e+00
9.910719697821279706e-01 1.002487091718996526e+00
9.910974146142181862e-01 1.002480502641191151e+00
9.911242152046917386e-01 1.002473809729231391e+00
9.911505673988048049e-01 1.002467514269253179e+00
9.911778786684142251e-01 1.002461290036376962e+00
9.912041485574757393e-01 1.002454963778131924e+00
9.912310799040732201e-01 1.002448082721474343e+00
9.912566469034176375e-01 1.002441248086566761e+00
9.912828923668842718e-01 1.002434408503916519e+00
9.913080914729254234e-01 1.002427620446727730e+00
9.913346320911319287e-01 1.002420690371905510e+00
9.913605775802016851e-01 1.002414176620526121e+00
9.913877120779226448e-01 1.002407531877024693e+00
9.914137532043192369e-01 1.002400860047287345e+00
9.914401042300070577e-01 1.002393869902754142e+00
9.914656202010435626e-01 1.002387226725403480e+00
9.914925374087171228e-01 1.002380411309309105e+00
9.915191235842065742e-01 1.002373807207476375e+00
9.915466285338603303e-01 1.002367299374485210e+00
9.915723679840828808e-01 1.002360826456571985e+00
9.915988262751830318e-01 1.002353823115641696e+00
9.916241603802140592e-01 1.002346640082668383e+00
9.916505739665366637e-01 1.002339289080019569e+00
9.916764181728544569e-01 1.002332550273448586e+00
9.917037256727110339e-01 1.002325996455801782e+00
9.917300888560921512e-01 1.002319586582476996e+00
9.917573706934618150e-01 1.002312734944647454e+00
9.917835498965870134e-01 1.002305705062478847e+00
9.918107072254616075e-01 1.002298793018009837e+00
9.918369941124441924e-01 1.002292369789740123e+00
9.918641667287720898e-01 1.002285246140180330e+00
9.918897790202965137e-01 1.002278105083471704e+00
9.919161891933332420e-01 1.002270936493191655e+00
9.919417330111610642e-01 1.002263747562313068e+00
9.919690172428268227e-01 1.002256703993959386e+00
9.919959832905211883e-01 1.002250196254873105e+00
9.920237878252478048e-01 1.002243519397023164e+00
9.920502488444273848e-01 1.002236863123653121e+00
9.920770785885855148e-01 1.002229315012669542e+00
9.921029795501972171e-01 1.002222327554119108e+00
9.921301043008160514e-01 1.002215367064639207e+00
9.921565851610550935e-01 1.002208381538228776e+00
9.921839683926646503e-01 1.002200970558510873e+00
9.922098913694481492e-01 1.002194309873465805e+00
9.922372671594567040e-01 1.002186845304869900e+00
9.922635129173484891e-01 1.002180217032312637e+00
9.922904891509256586e-01 1.002172297545899093e+00
9.923171442931071340e-01 1.002165444649009141e+00
9.923442972897799086e-01 1.002158947676633716e+00
9.923701163538470871e-01 1.002151022962006310e+00
9.923937739444711470e-01 1.002145153521566634e+00
