# Columns: ustar Ttilde_over_Tinf | Case=jet_M12_T75 | x*=-14.979769
0.000000000000000000e+00 1.109298476881461326e+00
1.652442139404112706e-02 1.109268347700593571e+00
4.968068425603070631e-02 1.109018187226904040e+00
8.288237551505427125e-02 1.108521590167098392e+00
1.159290838830959736e-01 1.107786101020316272e+00
1.485274229525676282e-01 1.106827706904627284e+00
1.803388426370115261e-01 1.105672103106506210e+00
2.110372957197975408e-01 1.104352497802041588e+00
2.403508942511934088e-01 1.102906033180713008e+00
2.680871329128595715e-01 1.101369803502372235e+00
2.941343436566894454e-01 1.099778158704080688e+00
3.184559842829964293e-01 1.098160649677870193e+00
3.410723064830248341e-01 1.096541584435498429e+00
3.620460946568910265e-01 1.094939945703965023e+00
3.814649974315595382e-01 1.093370119049165368e+00
3.994325250763308688e-01 1.091842278969357372e+00
4.160572981217819377e-01 1.090363418874461310e+00
4.314491852505110692e-01 1.088937802069914529e+00
4.457133100351405863e-01 1.087567806893773525e+00
4.589502584153303255e-01 1.086254084934207498e+00
4.712532563508494698e-01 1.084996224992048175e+00
4.827099341225751794e-01 1.083792849517712042e+00
4.934010512404102822e-01 1.082642100400010410e+00
5.034030104380300408e-01 1.081541478638128551e+00
5.127858677507439733e-01 1.080488132662837053e+00
5.216131405048496372e-01 1.079478901826703918e+00
5.299395063189458188e-01 1.078510799824126565e+00
5.378121182442755499e-01 1.077580858438521361e+00
5.452714405809205855e-01 1.076686431587315917e+00
5.523530008887523879e-01 1.075825064453212132e+00
5.590883522417874341e-01 1.074994966628025628e+00
5.655073635437124491e-01 1.074194314654559390e+00
5.716400165621949858e-01 1.073421136599819414e+00
5.775183607583127543e-01 1.072672623833482497e+00
5.831749944072803782e-01 1.071945727767727785e+00
5.886406800999196554e-01 1.071237089204613468e+00
5.939422414804342854e-01 1.070544215062034565e+00
5.991011547072456755e-01 1.069864961639614531e+00
6.041351412621771555e-01 1.069197964924211819e+00
6.090576470849601298e-01 1.068541886946738906e+00
6.138778344142745702e-01 1.067896508459501570e+00
6.186029257212922738e-01 1.067261437459901874e+00
6.232416691913252871e-01 1.066636825711501979e+00
6.278029965131867174e-01 1.066021545395060999e+00
6.322937573402470646e-01 1.065414675255021315e+00
6.367270100132020882e-01 1.064813694962006174e+00
6.411211890866513885e-01 1.064216539843935605e+00
6.454895795045754170e-01 1.063620911126247570e+00
6.498418871157081167e-01 1.063026602508274410e+00
6.541922966566199316e-01 1.062432049790763555e+00
6.585500452421589879e-01 1.061835553502334717e+00
6.629191183373982499e-01 1.061234203740018867e+00
6.673045938087129869e-01 1.060626298373423149e+00
6.717098947641483297e-01 1.060010069623996687e+00
6.761298332382427168e-01 1.059385405428277860e+00
6.805596810650499373e-01 1.058752238904141940e+00
6.850064286950064973e-01 1.058112941984535649e+00
6.894890619155943368e-01 1.057468283402532849e+00
6.940320087632384505e-01 1.056817527277652768e+00
6.986386510380393489e-01 1.056161267505799195e+00
7.033017804711590992e-01 1.055499125570602326e+00
7.080042707150911996e-01 1.054824408791135815e+00
7.127444254172602411e-01 1.054130580919305116e+00
7.175488311566038391e-01 1.053416141036704001e+00
7.224466961874614901e-01 1.052685466313952434e+00
7.274352327575585031e-01 1.051949246099896706e+00
7.325141061066916537e-01 1.051213063117947932e+00
7.376916263301815935e-01 1.050469108983434818e+00
7.429612966093311899e-01 1.049698355454978804e+00
7.483379949857080771e-01 1.048895594483689742e+00
7.538348436489513693e-01 1.048074381687153833e+00
7.594665140930514369e-01 1.047236480216984011e+00
7.652386324948612373e-01 1.046374154022253977e+00
7.711009260696615186e-01 1.045489565129207321e+00
7.770146232366927919e-01 1.044579240885628479e+00
7.829890162178740898e-01 1.043648169997704933e+00
7.891476328597536449e-01 1.042706392894397149e+00
7.955230259767824830e-01 1.041742993473266710e+00
8.020354614520913694e-01 1.040749720852671922e+00
8.086576301145836920e-01 1.039724445908340122e+00
8.154062278713813949e-01 1.038676140784227098e+00
8.222530989487102371e-01 1.037588833022410117e+00
8.291122410746600835e-01 1.036476266176351801e+00
8.360092992084863228e-01 1.035348171688261321e+00
8.429725555464885334e-01 1.034207257057886409e+00
8.500309570631607858e-01 1.033039605747768208e+00
8.573069535908232064e-01 1.031838889407145077e+00
8.647629966544597702e-01 1.030588314246529746e+00
8.723346099166298107e-01 1.029299506307387313e+00
8.800704171825735056e-01 1.027974959138858724e+00
8.879804468801032469e-01 1.026619903617890905e+00
8.959780575278083470e-01 1.025239511409376414e+00
9.039755990773925554e-01 1.023820711745689893e+00
9.120294062246226963e-01 1.022368755153333364e+00
9.201861264781908689e-01 1.020911563886285345e+00
9.282626174045993661e-01 1.019429667793613659e+00
9.361276014765815834e-01 1.017903654962386994e+00
9.437603843063393505e-01 1.016373854558261014e+00
9.508619872303537557e-01 1.014825137886105066e+00
9.572438693625731077e-01 1.013296969539372316e+00
9.628945656445707657e-01 1.011819503127245445e+00
9.677513233995173048e-01 1.010435135347911073e+00
9.718225210490012422e-01 1.009177769424290938e+00
9.749673308559246854e-01 1.008067320787925825e+00
9.772078951097623589e-01 1.007162761181101374e+00
9.787233174386954504e-01 1.006469636552683289e+00
9.796199845550451757e-01 1.005971135782994130e+00
9.801110290916785761e-01 1.005633690784123235e+00
9.803412241809420502e-01 1.005426997751688978e+00
9.804242799282684162e-01 1.005312155034500554e+00
9.804559539250280453e-01 1.005257161303444224e+00
9.804741316633392989e-01 1.005230616009178179e+00
9.804899932501344173e-01 1.005217721527423835e+00
9.805079575680087922e-01 1.005209238082731327e+00
9.805223804139148180e-01 1.005203052394100682e+00
9.805388026075337882e-01 1.005197705867955538e+00
9.805587172544553143e-01 1.005191985664355636e+00
9.805799869231850430e-01 1.005186150736797401e+00
9.805993622642660279e-01 1.005180369299116805e+00
9.806197018316332725e-01 1.005174186915398504e+00
9.806435068169331304e-01 1.005167807448652306e+00
9.806682786417999509e-01 1.005160511358997866e+00
9.806934627831409568e-01 1.005153156867630848e+00
9.807207271231127566e-01 1.005145886367693420e+00
9.807502804318519729e-01 1.005138611324581266e+00
9.807814307375869456e-01 1.005131538808478719e+00
9.808142523561571569e-01 1.005124422152622987e+00
9.808465053630025521e-01 1.005116567475196954e+00
9.808787637265542481e-01 1.005108081391684394e+00
9.809111046860503613e-01 1.005099499677748254e+00
9.809454309281108175e-01 1.005090739338890149e+00
9.809792769899039477e-01 1.005081607324892712e+00
9.810133988799297766e-01 1.005071964809838292e+00
9.810478588094169172e-01 1.005062478156323547e+00
9.810842527593138795e-01 1.005053038477120131e+00
9.811195207170073651e-01 1.005043323733171512e+00
9.811560167188599912e-01 1.005033235804509317e+00
9.811935115549788033e-01 1.005023540427525841e+00
9.812330675195077845e-01 1.005014010352863085e+00
9.812715519390547980e-01 1.005004221135299636e+00
9.813112235537729822e-01 1.004993889189403022e+00
9.813509347267205252e-01 1.004983801137371513e+00
9.813923547126712776e-01 1.004973761876034599e+00
9.814334964901519909e-01 1.004963776715338541e+00
9.814763267247751388e-01 1.004953437602677635e+00
9.815187239839513467e-01 1.004943294386421604e+00
9.815626019346256337e-01 1.004933092041299547e+00
9.816055701773037656e-01 1.004922818189001532e+00
9.816488127547051690e-01 1.004911838715561778e+00
9.816909192758414004e-01 1.004900748512386643e+00
9.817353338471627167e-01 1.004889594714232892e+00
9.817799592894307370e-01 1.004879026473001202e+00
9.818257320151898560e-01 1.004868129899433971e+00
9.818705548592115973e-01 1.004857182357302925e+00
9.819169985040363535e-01 1.004846086161264029e+00
9.819609023356458133e-01 1.004834513708934729e+00
9.820041092822214823e-01 1.004821736282096811e+00
9.820470459324364132e-01 1.004809274124406127e+00
9.820934430450060093e-01 1.004797274659981809e+00
9.821397679624638277e-01 1.004785895704259469e+00
9.821881757226939014e-01 1.004774307229514552e+00
9.822374832130527089e-01 1.004763510155805006e+00
9.822884240321817506e-01 1.004752748243129323e+00
9.823356009585870741e-01 1.004740780675255962e+00
9.823823444605949140e-01 1.004727793767868915e+00
9.824289304007312040e-01 1.004715652262078596e+00
9.824781201105837747e-01 1.004703480394407711e+00
9.825265504466209610e-01 1.004691330111314507e+00
9.825767733748544952e-01 1.004679205607355907e+00
9.826254785997881047e-01 1.004667327662687626e+00
9.826737393755407002e-01 1.004654291259191146e+00
9.827202022800566317e-01 1.004640846905167084e+00
9.827696762298675504e-01 1.004627959383737945e+00
9.828190135894194768e-01 1.004615724627177631e+00
9.828688789101311940e-01 1.004602439319605356e+00
9.829187103161090011e-01 1.004590042620727486e+00
9.829722883519991239e-01 1.004578549861186110e+00
9.830243252005770316e-01 1.004566693104318009e+00
9.830753995926541089e-01 1.004553423184188388e+00
9.831250220659056849e-01 1.004540528940369937e+00
9.831768408447896235e-01 1.004527907940801157e+00
9.832256024462254773e-01 1.004514562091660457e+00
9.832738468150893363e-01 1.004499843702194362e+00
9.833231436256282265e-01 1.004486372906424174e+00
9.833769311871652929e-01 1.004473970940835015e+00
9.834285827480816478e-01 1.004461487057579205e+00
9.834790945393657724e-01 1.004447581904771125e+00
9.835296450033437221e-01 1.004434267714251261e+00
9.835848245666567458e-01 1.004421928433082423e+00
9.836381500865246652e-01 1.004409802826374376e+00
9.836898056685855485e-01 1.004396199353404961e+00
9.837389764037447470e-01 1.004382019977794194e+00
9.837910482120661992e-01 1.004368206883969883e+00
9.838425680900008130e-01 1.004355244267583158e+00
9.838947417957036867e-01 1.004341320655872227e+00
9.839457090994193633e-01 1.004327660032116265e+00
9.839992093115159655e-01 1.004314299403559207e+00
9.840513076727147590e-01 1.004301188775623466e+00
9.841041746502826593e-01 1.004287402257397765e+00
9.841556645838642758e-01 1.004273794660045072e+00
9.842094379425944117e-01 1.004260485641200074e+00
9.842614155741566950e-01 1.004247373656059317e+00
9.843138857040906187e-01 1.004232972266188684e+00
9.843647244056998868e-01 1.004218833859332749e+00
9.844180376978287628e-01 1.004205237574349541e+00
9.844711427340137044e-01 1.004192241943070885e+00
9.845261461169686479e-01 1.004179066288224398e+00
9.845790299933512291e-01 1.004166018604213617e+00
9.846311616645857523e-01 1.004151535786800720e+00
9.846808417806398595e-01 1.004136963140354499e+00
9.847329006972932453e-01 1.004122204939246199e+00
9.847850863014881995e-01 1.004108530763678786e+00
9.848397618121084163e-01 1.004095274685936179e+00
9.848922933567758609e-01 1.004081681669692916e+00
9.849469545237157231e-01 1.004068172425643723e+00
9.850001613975578607e-01 1.004055025766174225e+00
9.850539960408095652e-01 1.004040845481926070e+00
9.851055517939093509e-01 1.004026882618817895e+00
9.851579694409726695e-01 1.004012192105059320e+00
9.852093354944041481e-01 1.003998012135176143e+00
9.852624456106725548e-01 1.003983659863515454e+00
9.853143594430995300e-01 1.003969666066304667e+00
9.853692309762143164e-01 1.003956033526559821e+00
9.854230372815356853e-01 1.003942864735364093e+00
9.854782588943251653e-01 1.003929204027835365e+00
9.855301976923495078e-01 1.003915206980321662e+00
9.855826343066872441e-01 1.003900378066622245e+00
9.856336385982314985e-01 1.003885774412355714e+00
9.856869085154597032e-01 1.003871308088539749e+00
9.857394864744263296e-01 1.003857717157197404e+00
9.857938256075003958e-01 1.003843427700598534e+00
9.858468181176983647e-01 1.003829671360127129e+00
9.859015807819421218e-01 1.003815915129624869e+00
9.859543184524920401e-01 1.003802226539327602e+00
9.860077436206753365e-01 1.003787653478604103e+00
9.860587804362984654e-01 1.003772843556307803e+00
9.861116441029196267e-01 1.003757984492464894e+00
9.861634314563477721e-01 1.003743953016998036e+00
9.862178241671197831e-01 1.003729617691628606e+00
9.862712372433719565e-01 1.003715808601206350e+00
9.863267351521204374e-01 1.003702342777159418e+00
9.863796568560773137e-01 1.003688750495683513e+00
9.864323027182039239e-01 1.003673572981312212e+00
9.864824861105252474e-01 1.003658370346464102e+00
9.865347463762829117e-01 1.003642851506925782e+00
9.865871171745448365e-01 1.003628834711736806e+00
9.866427119419677316e-01 1.003615269440002011e+00
9.866966425594972945e-01 1.003602051004964801e+00
9.867513150945428357e-01 1.003587715812094938e+00
9.868020884735245746e-01 1.003573129583437362e+00
9.868536950811498398e-01 1.003556882706226894e+00
9.869037805641923677e-01 1.003542437391327979e+00
9.869564595480581071e-01 1.003527307725452955e+00
9.870093489855126245e-01 1.003512948836071228e+00
9.870640907152912202e-01 1.003500144134865879e+00
9.871137214401083382e-01 1.003485676927425629e+00
9.871587646522012038e-01 1.003473028094250097e+00
