# Columns: ustar Ttilde_over_Tinf | Case=jet_M16_T75 | x*=-14.979769
0.000000000000000000e+00 1.109221448742745197e+00
1.659364902913640361e-02 1.109191186130023654e+00
4.986935208848516932e-02 1.108938959065012719e+00
8.317626460237276254e-02 1.108438530257920940e+00
1.163210036680143444e-01 1.107697575265337298e+00
1.490131277588361836e-01 1.106732178050005011e+00
1.809137007417162268e-01 1.105568227115620195e+00
2.116943927401926384e-01 1.104239325292342144e+00
2.410803910940304273e-01 1.102783138169303401e+00
2.688770682228391884e-01 1.101237238561034282e+00
2.949714140670293694e-01 1.099636337049814783e+00
3.193247392548245189e-01 1.098010371227917448e+00
3.419544432826235325e-01 1.096384147557717625e+00
3.629214155407566866e-01 1.094777013440533020e+00
3.823137334765739914e-01 1.093203561018943892e+00
4.002383726003713726e-01 1.091673921402424696e+00
4.168099585646444782e-01 1.090194737836438055e+00
4.321457627006103364e-01 1.088769651241585867e+00
4.463585988007360839e-01 1.087400330824355832e+00
4.595552564995459277e-01 1.086086835232106695e+00
4.718324850299763229e-01 1.084828410142848032e+00
4.832779367439568041e-01 1.083623585832666159e+00
4.939690417408110767e-01 1.082470615062939068e+00
5.039753858691489175e-01 1.081367428266442721e+00
5.133590262846603469e-01 1.080311897691795142e+00
5.221768570317315561e-01 1.079301612491606610e+00
5.304802630492764237e-01 1.078334143612889484e+00
5.383175944381619615e-01 1.077406653805347503e+00
5.457325400324152254e-01 1.076516345438430999e+00
5.527661793213473063e-01 1.075660125684605894e+00
5.594570724604038814e-01 1.074835075827175190e+00
5.658426959403255463e-01 1.074038159534921322e+00
5.719581926789669701e-01 1.073266652045987479e+00
5.778352898682010963e-01 1.072517869925973644e+00
5.835006644050479974e-01 1.071789537717553920e+00
5.889776079979557322e-01 1.071079204889698433e+00
5.942851286890658002e-01 1.070384676072562602e+00
5.994389129325425891e-01 1.069703884711121100e+00
6.044533546169292837e-01 1.069035541790110955e+00
6.093421089027786230e-01 1.068378634956465234e+00
6.141168871472721946e-01 1.067732812543184640e+00
6.187886200064326436e-01 1.067098005332894228e+00
6.233711993898970460e-01 1.066474475587077420e+00
6.278820409722278839e-01 1.065861502851861653e+00
6.323411373669565183e-01 1.065257353119099193e+00
6.367694639142466029e-01 1.064658984611667636e+00
6.411819708255094286e-01 1.064062941895694170e+00
6.455843013855573354e-01 1.063465391908060997e+00
6.499788493254431421e-01 1.062864256638808236e+00
6.543649993679714338e-01 1.062258016371097735e+00
6.587416243638808400e-01 1.061646225904395724e+00
6.631112772791917243e-01 1.061029271620071546e+00
6.674858578213018756e-01 1.060409454361284087e+00
6.718817962001314426e-01 1.059787093038609074e+00
6.763099690697006450e-01 1.059162137465501363e+00
6.807752282945488398e-01 1.058534368886950849e+00
6.852806703005692723e-01 1.057904846820234113e+00
6.898302057956607891e-01 1.057270592964280498e+00
6.944199869452449825e-01 1.056629660234320367e+00
6.990563524042430199e-01 1.055981456094600146e+00
7.037629794494335567e-01 1.055326401499756539e+00
7.085418364891146181e-01 1.054658767575564093e+00
7.133655787113933888e-01 1.053973676082138544e+00
7.182406447814448924e-01 1.053267004017440112e+00
7.231858662343938482e-01 1.052542628485266807e+00
7.282038446215332028e-01 1.051806759765287369e+00
7.332856228546302813e-01 1.051059986104056820e+00
7.384413477803687398e-01 1.050298840244439535e+00
7.437038876566599566e-01 1.049522679117028678e+00
7.490562760541219500e-01 1.048733328105168727e+00
7.544768404994718347e-01 1.047932165742151422e+00
7.599915378376083108e-01 1.047111184071497059e+00
7.656727763413408994e-01 1.046260484870554563e+00
7.715288413798434553e-01 1.045382684382664129e+00
7.774992081519970233e-01 1.044475594592120027e+00
7.835066484363218953e-01 1.043552138247308081e+00
7.895615291874052977e-01 1.042608852968942346e+00
7.957477802423558177e-01 1.041634126554369155e+00
8.020963221928792963e-01 1.040638900689756730e+00
8.085844269440081167e-01 1.039622271442011581e+00
8.151308365257620148e-01 1.038591123330373067e+00
8.217862165723761603e-01 1.037536436389125738e+00
8.285819099400546506e-01 1.036455378563086338e+00
8.355487173584111860e-01 1.035334132347450309e+00
8.426884845312443417e-01 1.034179909742630743e+00
8.499664789753383909e-01 1.032999868949525224e+00
8.573709317897733051e-01 1.031793373555614846e+00
8.649087306131385544e-01 1.030546584590973147e+00
8.726238783950036604e-01 1.029273418035457688e+00
8.804775486981678556e-01 1.027958896156720980e+00
8.884765151967430885e-01 1.026614831429924601e+00
8.965868656245432611e-01 1.025254646470293185e+00
9.047958773672529764e-01 1.023848134188094727e+00
9.130046402961533580e-01 1.022412860648086896e+00
9.211020516573229511e-01 1.020929480222340091e+00
9.290711984864813422e-01 1.019388988572068611e+00
9.368051834429060865e-01 1.017845128267395705e+00
9.442555216148187380e-01 1.016299131564760927e+00
9.512806822752073455e-01 1.014759716451138383e+00
9.576976614713537117e-01 1.013248689173573469e+00
9.633964722666469305e-01 1.011754288880891695e+00
9.682481797901762999e-01 1.010358135555269321e+00
9.722401194974720218e-01 1.009113814720489000e+00
9.753782552235553682e-01 1.008006941441602855e+00
9.776015747666414457e-01 1.007082954672244623e+00
9.790379563621534054e-01 1.006380936529611470e+00
9.799331228655236981e-01 1.005891693417916288e+00
9.804528777853352972e-01 1.005553527158699278e+00
9.807179501624055940e-01 1.005337745624343082e+00
9.808388641821953469e-01 1.005212341319967617e+00
9.808862265488459409e-01 1.005150447318839291e+00
9.809043948777731448e-01 1.005125168783495448e+00
9.809190086335444203e-01 1.005113529225920788e+00
9.809328806651106403e-01 1.005106873713851323e+00
9.809470582655296367e-01 1.005101794620306022e+00
9.809621713983931457e-01 1.005097003887645446e+00
9.809813236456653707e-01 1.005091631385356843e+00
9.809999162408093998e-01 1.005086605231158892e+00
9.810194714230320301e-01 1.005080639289317457e+00
9.810378832727392195e-01 1.005074707497321640e+00
9.810587223589292138e-01 1.005068068850080376e+00
9.810787947556091071e-01 1.005060769296843848e+00
9.811018375355998744e-01 1.005052852721283418e+00
9.811244213836801675e-01 1.005045181511730057e+00
9.811500521911121764e-01 1.005037300317094040e+00
9.811765002319680073e-01 1.005030108279254097e+00
9.812055925678297985e-01 1.005021979544113542e+00
9.812333862135574902e-01 1.005013506901587972e+00
9.812641270072294253e-01 1.005005112106267529e+00
9.812941631393321540e-01 1.004997115312864953e+00
9.813270333996746420e-01 1.004988450165719804e+00
9.813598320698099231e-01 1.004980187790371682e+00
9.813956201791083078e-01 1.004971696562338757e+00
9.814305972380296117e-01 1.004963485352028174e+00
9.814681542898925359e-01 1.004954929885887083e+00
9.815040859807556695e-01 1.004946494045952488e+00
9.815416062894463112e-01 1.004937344630221219e+00
9.815775221339904100e-01 1.004928092399886452e+00
9.816155214491983916e-01 1.004918419363081128e+00
9.816520889956105167e-01 1.004909044068543533e+00
9.816909409620271365e-01 1.004899303597461158e+00
9.817282810445920882e-01 1.004889602397713411e+00
9.817670910627228631e-01 1.004879000123926724e+00
9.818049298116113821e-01 1.004868751606843302e+00
9.818460869604381802e-01 1.004858541020231311e+00
9.818868646159075730e-01 1.004848982113162315e+00
9.819299915363614017e-01 1.004839230208888656e+00
9.819713527607336623e-01 1.004829330222722250e+00
9.820140437533810829e-01 1.004818459396235930e+00
9.820547344020075231e-01 1.004807767065133861e+00
9.820967842648541390e-01 1.004796729575126113e+00
9.821362326591005498e-01 1.004785440819044640e+00
9.821769174502774646e-01 1.004773234721349162e+00
9.822178896850619623e-01 1.004761869426068932e+00
9.822636680688756616e-01 1.004751066899670198e+00
9.823094678602208862e-01 1.004741062453619049e+00
9.823570830867404124e-01 1.004730537918608002e+00
9.824025912131526539e-01 1.004720093867565334e+00
9.824498665498641037e-01 1.004709315741498576e+00
9.824949350528944247e-01 1.004698582704656173e+00
9.825403454506974610e-01 1.004686790859727896e+00
9.825828438755244143e-01 1.004674397822407750e+00
9.826275016540552132e-01 1.004661579412701400e+00
9.826729866481229703e-01 1.004650215114207379e+00
9.827220733957664489e-01 1.004639178826910006e+00
9.827693521794332865e-01 1.004628243964980072e+00
9.828171735140418530e-01 1.004616308525073665e+00
9.828621861180333319e-01 1.004604017080844347e+00
9.829077144436043634e-01 1.004590805158825040e+00
9.829510318841301331e-01 1.004577768336325061e+00
9.829985285878121148e-01 1.004565256792709249e+00
9.830486424959606895e-01 1.004554488927384748e+00
9.831018021143327346e-01 1.004543721712653381e+00
9.831507617674595245e-01 1.004532262672670706e+00
9.831986137393731173e-01 1.004519165350605148e+00
9.832450562530835603e-01 1.004506507100930035e+00
9.832946553411686663e-01 1.004494106641687257e+00
9.833427891507944274e-01 1.004482109172038617e+00
9.833918917401636151e-01 1.004469321558727257e+00
9.834393362737373634e-01 1.004456593738643821e+00
9.834891116110457965e-01 1.004443625198402135e+00
9.835376265817511454e-01 1.004431103699604311e+00
9.835871907491062771e-01 1.004418011320933113e+00
9.836349395549002228e-01 1.004405185023341529e+00
9.836851645768929231e-01 1.004391993724703669e+00
9.837352763856084259e-01 1.004379740094226259e+00
9.837882144022606079e-01 1.004367760580628710e+00
9.838398671056789446e-01 1.004356070857812755e+00
9.838924427778937831e-01 1.004343537968957589e+00
9.839416319140908973e-01 1.004330862653950884e+00
9.839904501366497636e-01 1.004316898621938847e+00
9.840368656550738669e-01 1.004302626108019458e+00
9.840863659443818134e-01 1.004288491782796333e+00
9.841361349794682800e-01 1.004275599785347639e+00
9.841889756191788408e-01 1.004262830807330475e+00
9.842403810623572280e-01 1.004250323115917887e+00
9.842932931011042497e-01 1.004237566116839453e+00
9.843441221823859832e-01 1.004225136158272358e+00
9.843963507472918151e-01 1.004211704174698738e+00
9.844469995917521921e-01 1.004198569981871625e+00
9.844994380444818116e-01 1.004185573845114643e+00
9.845494306566640041e-01 1.004172360328899893e+00
9.845996012977034084e-01 1.004157869732147379e+00
9.846477698878938201e-01 1.004143797356410461e+00
9.846990516735307786e-01 1.004130025270604243e+00
9.847513239117303696e-01 1.004117636873625541e+00
9.848063692783201040e-01 1.004105181940280422e+00
9.848581562273514001e-01 1.004092486506262150e+00
9.849098218364759072e-01 1.004078664653786035e+00
9.849590708943709583e-01 1.004064411808857749e+00
9.850107751580323701e-01 1.004050434159760474e+00
9.850613497768706539e-01 1.004037398465701392e+00
9.851136896299466095e-01 1.004023525355545177e+00
9.851647511937299262e-01 1.004010147646786422e+00
9.852183147378135164e-01 1.003996881792948104e+00
9.852701641788851328e-01 1.003983904642098191e+00
9.853233114140829141e-01 1.003970394746777295e+00
9.853736156321256656e-01 1.003956584150150100e+00
9.854254042862146123e-01 1.003942417493657091e+00
9.854755958027344720e-01 1.003928661724935445e+00
9.855278532671786218e-01 1.003914541189705467e+00
9.855793846194820240e-01 1.003901383052291596e+00
9.856333292185742723e-01 1.003888100288685026e+00
9.856855811747874396e-01 1.003874919871200477e+00
9.857385296677081410e-01 1.003861297220621784e+00
9.857889659161944707e-01 1.003847609822587250e+00
9.858409772550558170e-01 1.003833110078989899e+00
9.858914433505023833e-01 1.003819154354752774e+00
9.859437488702654795e-01 1.003805073106798451e+00
9.859950594114751388e-01 1.003791462789873412e+00
9.860488273734846487e-01 1.003777815082040892e+00
9.861013450144469061e-01 1.003764881869025238e+00
9.861546891491467237e-01 1.003751242392159515e+00
9.862054404035940358e-01 1.003737285274473479e+00
9.862575496870439329e-01 1.003722619447055431e+00
9.863078049113601642e-01 1.003708599282822966e+00
9.863601290362602469e-01 1.003694531105561616e+00
9.864113685131025155e-01 1.003680514303045390e+00
9.864653699727344849e-01 1.003666955081273571e+00
9.865181049268035851e-01 1.003654381302936605e+00
9.865714666867950733e-01 1.003640363851441286e+00
9.866218209448679444e-01 1.003625920766389568e+00
9.866734371955294680e-01 1.003611316125492481e+00
9.867236780281023467e-01 1.003597353400986103e+00
9.867762714867506224e-01 1.003583014419888286e+00
9.868276879931136003e-01 1.003569196449671130e+00
9.868813122528291570e-01 1.003555361632329834e+00
9.869333284673177387e-01 1.003542442994954431e+00
9.869867326365329152e-01 1.003528441347883104e+00
9.870367994005808665e-01 1.003514302897815513e+00
9.870878532902843672e-01 1.003499163506265557e+00
9.871371362843194275e-01 1.003484942775168864e+00
9.871887262740087765e-01 1.003469706433383957e+00
9.872406696312133745e-01 1.003456644332844760e+00
9.872936458027701256e-01 1.003444232883017539e+00
9.873414937719334761e-01 1.003429190543689176e+00
9.873859507008273528e-01 1.003416784996579159e+00
