# Columns: ustar Ttilde_over_Tinf | Case=jet_M08_T75 | x*=-14.979769
0.000000000000000000e+00 1.109092534845728339e+00
1.651586257907371527e-02 1.109062461468470984e+00
4.964657288660825202e-02 1.108812973043646011e+00
8.281494640491873782e-02 1.108317729445585709e+00
1.158267148077029574e-01 1.107584082919973456e+00
1.483941396249889300e-01 1.106627694100548398e+00
1.801820310249224177e-01 1.105473913139555453e+00
2.108646541581209177e-01 1.104155800924925712e+00
2.401682844140827777e-01 1.102710524632569244e+00
2.678987591726645912e-01 1.101175281423926400e+00
2.939438080333012238e-01 1.099584416794420205e+00
3.182664044824266569e-01 1.097967516304326541e+00
3.408856755700652164e-01 1.096348974493559281e+00
3.618628245958385725e-01 1.094747903484269314e+00
3.812837151976745664e-01 1.093178825559969036e+00
3.992501044207660277e-01 1.091652200725980126e+00
4.158689230445477558e-01 1.090175261323087286e+00
4.312487660221134278e-01 1.088752551408256330e+00
4.454954293140193089e-01 1.087386507362832599e+00
4.587121308745025217e-01 1.086077775447206406e+00
4.709964918850973459e-01 1.084825657528512899e+00
4.824407827523040648e-01 1.083628290385633131e+00
4.931287441165283503e-01 1.082483107094813546e+00
5.031360713219847902e-01 1.081387205770934390e+00
5.125289711618594701e-01 1.080337650598577781e+00
5.213652078335466733e-01 1.079331668991958981e+00
5.296956047728191841e-01 1.078366612723685058e+00
5.375673572472267070e-01 1.077439874654376961e+00
5.450242703814724976e-01 1.076548868798249181e+00
5.521063919779644058e-01 1.075691051034679546e+00
5.588499613824274848e-01 1.074864051905263240e+00
5.652873975746188773e-01 1.074065440449521791e+00
5.714485893041792997e-01 1.073292698491814967e+00
5.773607866972078062e-01 1.072543101990323766e+00
5.830500708311220359e-01 1.071814021419685181e+00
5.885407964646588441e-01 1.071102963528449470e+00
5.938531382959779670e-01 1.070408228791067229e+00
5.990014018410798613e-01 1.069728595136768545e+00
6.039972915569845613e-01 1.069063393690906860e+00
6.088546234242462329e-01 1.068411397911710248e+00
6.135885717960788410e-01 1.067771731486993225e+00
6.182169340250475154e-01 1.067143053128323249e+00
6.227595295241382667e-01 1.066524195852930124e+00
6.272382309132732425e-01 1.065912986619153902e+00
6.316676379147964093e-01 1.065308134083891911e+00
6.360549115131249875e-01 1.064707996352008301e+00
6.404070225093236868e-01 1.064111669605232402e+00
6.447424997169000083e-01 1.063516347838501241e+00
6.490771307404453738e-01 1.062920830828427476e+00
6.534123637552528008e-01 1.062324256292823454e+00
6.577462696739778680e-01 1.061727204167558281e+00
6.620864981509330116e-01 1.061128007472491808e+00
6.664324262095862039e-01 1.060526730123474426e+00
6.707919501670190909e-01 1.059921277937577067e+00
6.751777152690945361e-01 1.059309442979291083e+00
6.796041814122955049e-01 1.058689221285659121e+00
6.840890249140464396e-01 1.058060730609554190e+00
6.886529395406209009e-01 1.057421741211989508e+00
6.932915836866748727e-01 1.056770578691877738e+00
6.979810797294425662e-01 1.056106548039185133e+00
7.026984696322955415e-01 1.055432984749848924e+00
7.074555346190060101e-01 1.054751120262504394e+00
7.122796590295528141e-01 1.054056327997950238e+00
7.171822737038697770e-01 1.053347434783233671e+00
7.221469468638005429e-01 1.052629446164860427e+00
7.271822719894451836e-01 1.051896106290957311e+00
7.323001143207555907e-01 1.051140282279451332e+00
7.375039916894303715e-01 1.050369448580124709e+00
7.427896752238933864e-01 1.049588868407622222e+00
7.481859014230421989e-01 1.048792571870807988e+00
7.537030713863249742e-01 1.047970850290140588e+00
7.593367119035808743e-01 1.047134304095248769e+00
7.650794804778233704e-01 1.046289200870745617e+00
7.709275233917914916e-01 1.045421515108204025e+00
7.769110393624404365e-01 1.044525775274173895e+00
7.830547665253514422e-01 1.043610682790917510e+00
7.893447424912372057e-01 1.042671036668346485e+00
7.957525791064783416e-01 1.041713966002195901e+00
8.022510833559676202e-01 1.040732324771921569e+00
8.088259511430728743e-01 1.039713444997770964e+00
8.154439382776643708e-01 1.038679364319959664e+00
8.221637707362842162e-01 1.037620203195326996e+00
8.290257959348560357e-01 1.036535993533709510e+00
8.360028233975225209e-01 1.035424724477392644e+00
8.430980174808114791e-01 1.034268864787111886e+00
8.503081756819814707e-01 1.033068945703071950e+00
8.577048682277086389e-01 1.031850958967213572e+00
8.653206367771838492e-01 1.030585329154273033e+00
8.730511158012372874e-01 1.029273603941635029e+00
8.807863600906571389e-01 1.027963896859626969e+00
8.885579766693403325e-01 1.026649668698777829e+00
8.963895640607569826e-01 1.025283657397443537e+00
9.042832453389076930e-01 1.023877023893714044e+00
9.121964738852565979e-01 1.022442755792003721e+00
9.201239186966404526e-01 1.020984490457569560e+00
9.280424854109549093e-01 1.019490151164251346e+00
9.357797041240991653e-01 1.017975764248863602e+00
9.431619140955909142e-01 1.016474261688631753e+00
9.501457770333719965e-01 1.014985821792146803e+00
9.566370973641101783e-01 1.013505223260870336e+00
9.624623568251654548e-01 1.012045322282356219e+00
9.674711508224409506e-01 1.010624903935654961e+00
9.715173358431588024e-01 1.009322493984853297e+00
9.746556605422667108e-01 1.008199263406715396e+00
9.769864894462515492e-01 1.007269917923747204e+00
9.785700313834322372e-01 1.006532547853222770e+00
9.795211030122984441e-01 1.005997258824251395e+00
9.800138445866288794e-01 1.005644122853681655e+00
9.802348641486727798e-01 1.005435177600698227e+00
9.803372857480664448e-01 1.005321595955621872e+00
9.803847065840957109e-01 1.005269225202011896e+00
9.804075574333399601e-01 1.005246747343007119e+00
9.804285462483124380e-01 1.005232595336141621e+00
9.804459947525668850e-01 1.005224976133835657e+00
9.804602574559040384e-01 1.005219643425153686e+00
9.804782364790594062e-01 1.005214514210352350e+00
9.804991234586747373e-01 1.005208484126183466e+00
9.805194964326032769e-01 1.005202572266520100e+00
9.805419850767391754e-01 1.005196996515589358e+00
9.805628912377140072e-01 1.005190805986871716e+00
9.805867682077472613e-01 1.005184096416574357e+00
9.806110689796034841e-01 1.005177096101498080e+00
9.806368869649804143e-01 1.005169145123075980e+00
9.806641968564657752e-01 1.005161968449753473e+00
9.806941286593473528e-01 1.005154752912601257e+00
9.807234549694262560e-01 1.005147096165080356e+00
9.807560031739347428e-01 1.005139259921660866e+00
9.807877393015770329e-01 1.005131235691081981e+00
9.808197484624316953e-01 1.005122167144539169e+00
9.808507283359562123e-01 1.005113103218839399e+00
9.808844307803640250e-01 1.005103808209650618e+00
9.809191125149284707e-01 1.005095093113610893e+00
9.809578524074034078e-01 1.005086960738854618e+00
9.809958479856768498e-01 1.005078814082815519e+00
9.810342357570397409e-01 1.005069457527684618e+00
9.810718518538091848e-01 1.005060368903864632e+00
9.811116722115488242e-01 1.005051217245706008e+00
9.811495328444603814e-01 1.005041619895663318e+00
9.811884865971747249e-01 1.005031464779957195e+00
9.812263793111684063e-01 1.005021390815838966e+00
9.812650776134541619e-01 1.005010596096165276e+00
9.813025893422040458e-01 1.004999789995489667e+00
9.813421415203933407e-01 1.004988774358271497e+00
9.813800701571145924e-01 1.004977731820311693e+00
9.814193689455246172e-01 1.004966026605981888e+00
9.814602225567483629e-01 1.004955179661584097e+00
9.815059581474196992e-01 1.004945174656048712e+00
9.815514611101524567e-01 1.004935532028694789e+00
9.815981939392639521e-01 1.004925527006568897e+00
9.816431485376179156e-01 1.004915337709443302e+00
9.816881114569452338e-01 1.004904110604123657e+00
9.817312235885020666e-01 1.004892910253902594e+00
9.817771535263033478e-01 1.004881709232602782e+00
9.818225565314385728e-01 1.004870694842685541e+00
9.818681565362354924e-01 1.004858911592324988e+00
9.819121289466489211e-01 1.004846982582780379e+00
9.819601533388635506e-01 1.004835650537339253e+00
9.820084768962202837e-01 1.004825079521924458e+00
9.820563840723364191e-01 1.004813338429818126e+00
9.821007166050029769e-01 1.004800967775160814e+00
9.821464646953457223e-01 1.004788168199042708e+00
9.821922366824897832e-01 1.004776052584415380e+00
9.822401316946466343e-01 1.004763863799378321e+00
9.822865655275503372e-01 1.004751299543196419e+00
9.823349661472063898e-01 1.004738722859103817e+00
9.823834165018963116e-01 1.004726915453886260e+00
9.824340268181094293e-01 1.004714993423100999e+00
9.824832566517138766e-01 1.004703375321630565e+00
9.825331190020539784e-01 1.004690726949913016e+00
9.825816731578080887e-01 1.004678082812646922e+00
9.826320773902766925e-01 1.004665559534213548e+00
9.826815095727394755e-01 1.004653249910178792e+00
9.827330656346318083e-01 1.004640807051204732e+00
9.827841579040540454e-01 1.004628837781584183e+00
9.828360044385616723e-01 1.004616444571651668e+00
9.828841234073439903e-01 1.004603362094177221e+00
9.829316219808353905e-01 1.004588745734618316e+00
9.829795972095113354e-01 1.004575163321212550e+00
9.830320110270659439e-01 1.004562614226701234e+00
9.830834222232291975e-01 1.004550011349154115e+00
9.831351348402922463e-01 1.004536629017309002e+00
9.831857637107503933e-01 1.004523876917598368e+00
9.832391023805914232e-01 1.004511296980845625e+00
9.832908928849088959e-01 1.004498618176803637e+00
9.833429774996722550e-01 1.004485007891640969e+00
9.833937062969131393e-01 1.004471897319366258e+00
9.834464528765981539e-01 1.004458620266104552e+00
9.834966603372404803e-01 1.004444931343705827e+00
9.835476742942723671e-01 1.004430950497332109e+00
9.835982532385454391e-01 1.004417418846175414e+00
9.836521108774868294e-01 1.004404045646162480e+00
9.837052206968640578e-01 1.004391494971238696e+00
9.837586201567173338e-01 1.004378148006744187e+00
9.838099739946746247e-01 1.004364732859516218e+00
9.838632697835442142e-01 1.004351047477125780e+00
9.839150777924090541e-01 1.004337504024677585e+00
9.839675192906593981e-01 1.004323529285537697e+00
9.840179049774816500e-01 1.004309390271745039e+00
9.840707329458124875e-01 1.004295384025136073e+00
9.841236812972400383e-01 1.004282648018694157e+00
9.841778592678047666e-01 1.004269051066474683e+00
9.842300683540464723e-01 1.004255398676993538e+00
9.842841544442860746e-01 1.004241783985965419e+00
9.843369511461166343e-01 1.004228499762219506e+00
9.843903855844685635e-01 1.004214719345419171e+00
9.844407057234935143e-01 1.004200330016250087e+00
9.844930647063645512e-01 1.004185695634501663e+00
9.845458724510034454e-01 1.004172443830620320e+00
9.846009003177239594e-01 1.004159039301170342e+00
9.846532767396972696e-01 1.004145528895531880e+00
9.847061829354937235e-01 1.004131211747081309e+00
9.847582490474169337e-01 1.004117214812851655e+00
9.848132801289124494e-01 1.004103836459397048e+00
9.848660341396457962e-01 1.004090556066527418e+00
9.849186899322356359e-01 1.004075866046863386e+00
9.849695367482081965e-01 1.004061334369800607e+00
9.850231229203737504e-01 1.004047164541978621e+00
9.850764785371385335e-01 1.004033912780610827e+00
9.851310278421578914e-01 1.004020073742052821e+00
9.851838566660232610e-01 1.004006420434300217e+00
9.852380895459070809e-01 1.003992392645191911e+00
9.852901412418905158e-01 1.003978464815119986e+00
9.853432692020218653e-01 1.003963827269464204e+00
9.853946510753966992e-01 1.003949462775023171e+00
9.854485179558781782e-01 1.003935508638693186e+00
9.855013529904794733e-01 1.003921717176698758e+00
9.855558787595959380e-01 1.003907532583413031e+00
9.856092281287394119e-01 1.003894306428274596e+00
9.856635475612868236e-01 1.003880251490197439e+00
9.857152733663639976e-01 1.003865794003354850e+00
9.857679073711201889e-01 1.003850705599699689e+00
9.858195293243442459e-01 1.003836367105351179e+00
9.858742865205837314e-01 1.003822743256077343e+00
9.859278757570020257e-01 1.003809252715130107e+00
9.859824618959359688e-01 1.003794939408584108e+00
9.860345096403273502e-01 1.003780856333999161e+00
9.860877666170253519e-01 1.003766075830579974e+00
9.861396776545408027e-01 1.003751557348681045e+00
9.861938459419631320e-01 1.003737263686530046e+00
9.862467036763447048e-01 1.003723417040716326e+00
9.863010162821845839e-01 1.003709128397186623e+00
9.863532843610495204e-01 1.003695030569095259e+00
9.864068930821477954e-01 1.003680300891583776e+00
9.864592164129692975e-01 1.003666085920717155e+00
9.865136178195393901e-01 1.003651717880752248e+00
9.865660079398936855e-01 1.003637659942032689e+00
9.866195496448032509e-01 1.003623111924077271e+00
9.866707319117841157e-01 1.003608486349401252e+00
9.867240895618516472e-01 1.003593188238388167e+00
9.867765688932311763e-01 1.003579472452670762e+00
9.868311341124658131e-01 1.003565086800769723e+00
9.868835485472767788e-01 1.003551511763479009e+00
9.869359103215149531e-01 1.003535908391760101e+00
9.869868046758617508e-01 1.003520722045464497e+00
9.870392038981035121e-01 1.003506621314834257e+00
9.870883520670022948e-01 1.003491540142584570e+00
9.871347576392068834e-01 1.003479496166209683e+00
