# Columns: yplus tau11+ tau22+ tau33+ tau12+ | Case=jet_M12_T75 | x*=10.00
4.144407245336201306e-01 4.045085888326228896e-02 2.005874125034791310e-05 2.840314859343601520e-02 -1.866328680505866227e-04
1.214148814145693978e+00 3.490178740959309911e-01 5.556590037570247618e-04 2.059879955566315812e-01 -3.619520701595589120e-03
2.017151805761131289e+00 9.354737776331778498e-01 3.044652842602438032e-03 4.751610830797182716e-01 -1.589421052713865107e-02
2.824342397999771492e+00 1.746716032623496950e+00 8.962390154141311460e-03 7.811826202680147713e-01 -4.101896528962624411e-02
3.636710198263608973e+00 2.698718929727591309e+00 1.935449659530315974e-02 1.092869399834472066e+00 -8.003953763634773233e-02
4.455328669717095735e+00 3.696666029372308149e+00 3.452530819895068687e-02 1.393564315537978660e+00 -1.307240730127609274e-01
5.281342112498701447e+00 4.658710138515853139e+00 5.462401271904044481e-02 1.676162604840352177e+00 -1.898385346528433659e-01
6.115953796308138735e+00 5.529316504145622702e+00 7.930440870725416480e-02 1.937938300809717962e+00 -2.533931802385215870e-01
6.960415944839285274e+00 6.279950845047496344e+00 1.084543194871120386e-01 2.179280540385545084e+00 -3.185079548027272556e-01
7.816021888646519145e+00 6.902822742082668661e+00 1.415865460984442048e-01 2.401068634058787676e+00 -3.825251580116781347e-01
8.684100398344234861e+00 7.402686554387704732e+00 1.786244205410575103e-01 2.604731931548457169e+00 -4.441696957884774810e-01
9.566012003429262833e+00 7.791313548226097119e+00 2.190979235078220622e-01 2.791482548601088798e+00 -5.021008427733121282e-01
1.046314698993036885e+01 8.084121185907353180e+00 2.629509975058645921e-01 2.962667304379820177e+00 -5.560129623777612107e-01
1.137692473471733834e+01 8.297815348246388112e+00 3.096864309457795783e-01 3.119608965477885132e+00 -6.053152675185343723e-01
1.230879405192086473e+01 8.447759419316616558e+00 3.592497892540854054e-01 3.263889775715613784e+00 -6.501333272278705389e-01
1.326023427441962710e+01 8.547327183547212215e+00 4.111119243216070918e-01 3.396727069403470800e+00 -6.903853534548358706e-01
1.423275685217849329e+01 8.607247666779512585e+00 4.651645410815263282e-01 3.519136078180676641e+00 -7.266327066741112839e-01
1.522790730679217752e+01 8.636038129403512897e+00 5.209177028520149966e-01 3.632138957969003101e+00 -7.591655214465922175e-01
1.624726743097063064e+01 8.639803894921636029e+00 5.782240561076911201e-01 3.736571879647293759e+00 -7.885516238529144406e-01
1.729245766031652565e+01 8.623056431363808727e+00 6.367010749515567003e-01 3.833459863368863463e+00 -8.149858327890984189e-01
1.836513957281562881e+01 8.589718802511738360e+00 6.961830610900733296e-01 3.923782114461364934e+00 -8.389406919941874152e-01
1.946701849065052059e+01 8.542874018406040548e+00 7.564152878460783658e-01 4.008296152566289017e+00 -8.605152020963574566e-01
2.059984617138103147e+01 8.485524392324171217e+00 8.171439013545662711e-01 4.087173719253057946e+00 -8.800953198084290330e-01
2.176542358321618664e+01 8.420156733152722950e+00 8.782256938282821945e-01 4.160612485431740559e+00 -8.978255068899889668e-01
2.296560376365620826e+01 8.349012242619901158e+00 9.394503161388841894e-01 4.228320426325793413e+00 -9.140499553865494287e-01
2.420229476339408947e+01 8.274888893166998827e+00 1.000606188546478981e+00 4.290296264469056098e+00 -9.288227560862321042e-01
2.547746267883438875e+01 8.199116745028090847e+00 1.061512751357258200e+00 4.346840294840900398e+00 -9.423119145967516763e-01
2.679313477741499128e+01 8.122865816716275944e+00 1.122158055304675939e+00 4.398643134348993122e+00 -9.545487780052095417e-01
2.815140272040628489e+01 8.046804550103848541e+00 1.182428272799064484e+00 4.446060030062186641e+00 -9.657174847845262367e-01
2.955442588817981076e+01 7.970866039838870876e+00 1.242342804111054688e+00 4.489560890415535077e+00 -9.756399153667538737e-01
3.100443481317608274e+01 7.895573127522943047e+00 1.301927950400027845e+00 4.529777899005980046e+00 -9.843569109627792191e-01
3.250373472600571745e+01 7.822472662404802435e+00 1.361484260146174963e+00 4.567143537181913793e+00 -9.916741001992712690e-01
3.405470922031196324e+01 7.753517615990012324e+00 1.420704410507121374e+00 4.602207664595817427e+00 -9.977772816866180561e-01
3.565982404221721680e+01 7.689771640241292339e+00 1.479675104220796511e+00 4.635435291438237293e+00 -1.002841137457812115e+00
3.732163101037679809e+01 7.631415769140692085e+00 1.538198093319633974e+00 4.667423143039130196e+00 -1.007253306338155019e+00
3.904277207287133677e+01 7.576669099781104144e+00 1.596153782392056630e+00 4.698695767507928167e+00 -1.011078809097380793e+00
4.082598350738753368e+01 7.523606615301654088e+00 1.653240282712534759e+00 4.729008385151362681e+00 -1.015091047111731370e+00
4.267410027136457984e+01 7.471450136947067833e+00 1.709304723557247829e+00 4.759302181432554235e+00 -1.019165584936110536e+00
4.459006050902193863e+01 7.421670295919478022e+00 1.764130571065051223e+00 4.790284955254878518e+00 -1.023504758182936403e+00
4.657691022243419354e+01 7.374498314866285043e+00 1.817977063700400908e+00 4.821248135962959758e+00 -1.027910375456088987e+00
4.863780811407850990e+01 7.329187988749242599e+00 1.870949249857824404e+00 4.851232299537627135e+00 -1.032172781095798575e+00
5.077603060855391703e+01 7.284250382668862933e+00 1.923531676359754528e+00 4.880028747753576646e+00 -1.035665752174741439e+00
5.299497706145554332e+01 7.240832586033655538e+00 1.975708729352964488e+00 4.907497098451885087e+00 -1.038554854159149166e+00
5.529817516368539287e+01 7.199907618716799185e+00 2.027282772107483755e+00 4.932500626949150480e+00 -1.040552276556821143e+00
5.768928654979074366e+01 7.161896742129460591e+00 2.077528377461888454e+00 4.954806077959981181e+00 -1.041864670541339466e+00
6.017211261924718713e+01 7.126526084238773429e+00 2.126488812351616353e+00 4.974746724522592700e+00 -1.042841636976013842e+00
6.275060057994009810e+01 7.092630518853389354e+00 2.174105937086486140e+00 4.994024272624163707e+00 -1.044232211000632349e+00
6.542884972345343897e+01 7.060417968905262853e+00 2.220632935534797792e+00 5.015147181780653440e+00 -1.046416725157000238e+00
6.821111794214175461e+01 7.031706275348779123e+00 2.266269869904050438e+00 5.038938270413750864e+00 -1.048513568510838434e+00
7.110182849834593810e+01 7.006307255696863301e+00 2.311066633964483863e+00 5.065097519092074840e+00 -1.050320452019379847e+00
7.410557705651565641e+01 6.982241753362596448e+00 2.355774015405186272e+00 5.092284433674709732e+00 -1.051359861730104095e+00
7.722713898941688626e+01 6.958497472710691412e+00 2.401056576495848915e+00 5.119685576858469922e+00 -1.051685863444039359e+00
8.047147697004072597e+01 6.935749003820875558e+00 2.447723128898243505e+00 5.147192418611625797e+00 -1.051087730842221069e+00
8.384374886128284743e+01 6.914487942803804188e+00 2.495825787264355000e+00 5.176826463331182460e+00 -1.048942207073294108e+00
8.734931591593702649e+01 6.895797809120656652e+00 2.545416113710301076e+00 5.211260638815453206e+00 -1.043976088111840284e+00
9.099375130003816992e+01 6.879588473642233915e+00 2.595345385878439437e+00 5.249772275488566287e+00 -1.036662876050347348e+00
9.478284895310673619e+01 6.865997711115062963e+00 2.645868890190759881e+00 5.290318707938422627e+00 -1.028613025379646384e+00
9.872263279937928360e+01 6.852567173185722282e+00 2.695401277143698593e+00 5.332869484174392660e+00 -1.020288107992496140e+00
1.028193663246700424e+02 6.835195696243968833e+00 2.744971530003810667e+00 5.373615499312921706e+00 -1.011870775170549575e+00
1.070795625340881116e+02 6.815712388178631009e+00 2.793434810629194409e+00 5.409345645944635628e+00 -1.006368528401254681e+00
1.115099943064422519e+02 6.794440012086018221e+00 2.845277529830035679e+00 5.437381418650542031e+00 -1.000785019021029898e+00
1.161177051617932534e+02 6.778734590006298077e+00 2.900268606859957909e+00 5.459826028991685121e+00 -9.931751314385939278e-01
1.209100204592735963e+02 6.770677038474669729e+00 2.960299922997102318e+00 5.478072252537778297e+00 -9.842092628250482811e-01
1.258945590429757146e+02 6.768725545449148839e+00 3.023677328856921864e+00 5.490915180438892484e+00 -9.774727589843253961e-01
1.310792453544240459e+02 6.779589615249365764e+00 3.091109498400662847e+00 5.508624074976260054e+00 -9.735796583117924952e-01
1.364723220308875398e+02 6.796216103085725102e+00 3.159603833220589575e+00 5.530673994287092832e+00 -9.712298073198973869e-01
1.420823630095606802e+02 6.816807776162059795e+00 3.228456911297327814e+00 5.557198370565713752e+00 -9.719881497315129293e-01
1.479182871584466739e+02 6.843608929704047661e+00 3.296865173351585909e+00 5.579825351670656630e+00 -9.786036276830377689e-01
1.539893724556137897e+02 6.882779334424871998e+00 3.369238247503684391e+00 5.594965845676116878e+00 -9.824242260998967691e-01
1.603052707393654543e+02 6.939601104441742940e+00 3.447381387389179874e+00 5.599376252331800252e+00 -9.820866979191236190e-01
1.668760230527760484e+02 7.006165723116158262e+00 3.533125116259214771e+00 5.605879563956800204e+00 -9.800221985371979638e-01
1.737120756069853371e+02 7.069753427105879062e+00 3.626386442182946368e+00 5.629131088498721347e+00 -9.866767960908862101e-01
1.808242963886313817e+02 7.151314081238836273e+00 3.726899690924164066e+00 5.657791344230177266e+00 -1.001063090242705345e+00
1.882239924378236822e+02 7.268915006153491731e+00 3.832644473929029072e+00 5.693169170087130304e+00 -1.022650018453710175e+00
1.959229278241257930e+02 7.400105236464587399e+00 3.943393474101040130e+00 5.721650687381798939e+00 -1.050046050702519551e+00
2.039333423491253541e+02 7.550439137054879346e+00 4.051283228831667138e+00 5.733959683809538355e+00 -1.085878299739686748e+00
2.122679710053245969e+02 7.714008567591685406e+00 4.162815855751922811e+00 5.747725087136886124e+00 -1.123661386870071999e+00
2.209400642222879867e+02 7.899097993581381871e+00 4.277552650291887915e+00 5.764564011234146967e+00 -1.164471625005860878e+00
2.299634089322341310e+02 8.121793523161567663e+00 4.395567973974253917e+00 5.766004243311724231e+00 -1.210450459527490752e+00
2.393523504885617967e+02 8.372882669862466543e+00 4.510416846769342847e+00 5.759114418835233451e+00 -1.272679685071842703e+00
2.491218154721573512e+02 8.631359633705088186e+00 4.628283978243259433e+00 5.742558818513847640e+00 -1.336792709168030502e+00
2.592873354217427959e+02 8.930928991148096685e+00 4.740378197655112480e+00 5.725724349772951527e+00 -1.397111413403213431e+00
2.698650715259944946e+02 9.279720159505989940e+00 4.832100056766330809e+00 5.716603011067221907e+00 -1.457918388003235588e+00
2.808718403166998883e+02 9.696555066721643357e+00 4.935566692189021332e+00 5.713356779302150912e+00 -1.526251362143426160e+00
2.923251404038310852e+02 1.013583867903570201e+01 5.038543967675550128e+00 5.679409455537793860e+00 -1.595190361807766521e+00
3.042431802951137456e+02 1.057355439296491895e+01 5.152555139293169439e+00 5.639074352174613836e+00 -1.665816014536841250e+00
3.166449073445045883e+02 1.106455774570339834e+01 5.259625989134048218e+00 5.603166082160061734e+00 -1.749742154064761301e+00
3.295500378760248736e+02 1.158392505466005140e+01 5.379581345805160453e+00 5.566084914840844888e+00 -1.850444610762736142e+00
3.429790885317661377e+02 1.215822920162785081e+01 5.460419338228836850e+00 5.544026176597380839e+00 -1.957257487879473068e+00
3.569534088958158691e+02 1.277795287213395525e+01 5.514028482752625138e+00 5.494579950676438784e+00 -2.078248111589189318e+00
3.714952154496452863e+02 1.345906112203242166e+01 5.565358065278813271e+00 5.455109425639840914e+00 -2.187734995163963081e+00
3.866276269194524389e+02 1.423018859103191325e+01 5.589977281545927212e+00 5.434711773241772903e+00 -2.284776672672332420e+00
4.023747010819071761e+02 1.502206212576877675e+01 5.599285399259454898e+00 5.437362954530160941e+00 -2.388713534881017342e+00
4.187614730999763424e+02 1.574614256263367196e+01 5.599790064455463678e+00 5.402667766750069767e+00 -2.496655271348060534e+00
4.358139954592235199e+02 1.650404906076619582e+01 5.588641725896346557e+00 5.332444540152853740e+00 -2.613094255042424319e+00
4.535593795522952973e+02 1.729162915472769058e+01 5.570806218609646976e+00 5.276583805487912393e+00 -2.732024814560099824e+00
4.720258388822945221e+02 1.806826042656767228e+01 5.541131967806237846e+00 5.205633543813486419e+00 -2.854542805655171378e+00
4.912427336593119094e+02 1.879517289523215950e+01 5.437404776037342735e+00 5.130853279006760026e+00 -2.953735464393785648e+00
5.112406161311632218e+02 1.948086234981689557e+01 5.324094631679260559e+00 5.105372430201362555e+00 -3.048994527619557804e+00
5.320512751263240716e+02 2.021357773517689793e+01 5.201502361668537411e+00 5.022756912539902530e+00 -3.154719808481428522e+00
5.537077767048441501e+02 2.095935388730291038e+01 5.044020049608318956e+00 4.909987864030461502e+00 -3.239961196230232598e+00
5.762444951229673507e+02 2.159540392655351226e+01 4.901640128219497683e+00 4.807972036850318709e+00 -3.303189435677005292e+00
5.996971240660091098e+02 2.208176633859187632e+01 4.801438791550102003e+00 4.649688249176928245e+00 -3.372762462814995921e+00
6.241026518730027419e+02 2.229238363139817380e+01 4.682858665328617498e+00 4.473473482917800226e+00 -3.423341237494865741e+00
6.494992760656469954e+02 2.223445313970980663e+01 4.578000071926660475e+00 4.351482776379626216e+00 -3.438555688070416672e+00
6.759262221920199636e+02 2.196842471120425699e+01 4.495749261301701161e+00 4.221231243028384483e+00 -3.499877067838180533e+00
7.034234208983241388e+02 2.146511012665855134e+01 4.431973024558624630e+00 4.087803035624729020e+00 -3.493906858245731772e+00
7.320309874255216300e+02 2.065917633889095484e+01 4.348580137176351279e+00 3.940668158399974974e+00 -3.481872727426567060e+00
7.617884427293269027e+02 1.959397662316377620e+01 4.210329232609864469e+00 3.781662950146283286e+00 -3.421008923537904423e+00
7.927336193598675891e+02 1.825463171294499176e+01 4.046039106206221980e+00 3.595239832042889550e+00 -3.336317311050955414e+00
8.249012124372485459e+02 1.652342275934571703e+01 3.918043889329907881e+00 3.347629544762385834e+00 -3.215577330077872276e+00
8.583209696844701284e+02 1.449194139808865422e+01 3.791465157585653944e+00 3.152049347785133016e+00 -3.061177203259047630e+00
8.930155649611866693e+02 1.225111989818096880e+01 3.615978977185016152e+00 2.876308506848822777e+00 -2.845782784431068801e+00
9.289982633415762621e+02 9.824209228025544860e+00 3.431154600054469483e+00 2.590596476752137445e+00 -2.580353288049098026e+00
9.662705538645091110e+02 7.645628473100432032e+00 3.184692523599799152e+00 2.273386368276222314e+00 -2.305690299414764333e+00
1.004819985686078667e+03 5.711080107757006807e+00 2.839442047108937217e+00 1.950652505869701736e+00 -1.966676289341393158e+00
1.044618479315386367e+03 3.976739918967858056e+00 2.428613062872713169e+00 1.567230228350089183e+00 -1.565853444923533511e+00
1.085621383061254846e+03 2.652850625769879844e+00 2.018730512212346451e+00 1.172310361336406315e+00 -1.181048159356244298e+00
1.127767497338692692e+03 1.672053222312972709e+00 1.603180925718991956e+00 8.758495907914004563e-01 -8.181986370526705965e-01
1.170980196587580167e+03 1.031512985677486727e+00 1.216901202254239811e+00 5.975057031999687629e-01 -5.021909164456681562e-01
1.215169651269812448e+03 6.534266587382313585e-01 8.740024781252424546e-01 3.812831855454173469e-01 -2.845424996193978706e-01
1.260236011084757592e+03 4.383398072722115568e-01 6.025409166759286839e-01 2.336910571393228941e-01 -1.487147714495183626e-01
1.306073280815418229e+03 2.920668763855484573e-01 4.044545325482039599e-01 1.468571416438184118e-01 -6.778957568422810942e-02
1.352573527071004492e+03 1.954597739479401186e-01 2.713791496079666632e-01 9.230403594470051876e-02 -2.742120043510059418e-02
1.399631015758796138e+03 1.330780325322114543e-01 1.841267538894264810e-01 6.241288635992669337e-02 -1.342890083933502045e-02
1.447145903113819941e+03 9.187949027358424670e-02 1.276955191535947831e-01 4.420834903995604637e-02 -8.520292647863780475e-03
1.495027181292128262e+03 6.470921442495690401e-02 9.074941989399797071e-02 3.203628838974954124e-02 -5.577251355672248681e-03
1.543194695604468279e+03 4.627319156403153499e-02 6.578764681180722385e-02 2.399072136491991331e-02 -4.128281962151202598e-03
1.591580180805587361e+03 3.368360383646466782e-02 4.847221698714361537e-02 1.824721637600219132e-02 -2.990647066682741283e-03
1.640127384462139617e+03 2.469958217558323663e-02 3.609563148662831011e-02 1.418283030090761697e-02 -2.301353762270345275e-03
1.688791437363939394e+03 1.842210846961865947e-02 2.735085870020503157e-02 1.114014249337165474e-02 -1.706592844783857282e-03
1.737537683809238160e+03 1.383235346580294692e-02 2.091663959596155170e-02 8.919581713283620747e-03 -1.334359117908376661e-03
1.786340197327237092e+03 1.058062483180761092e-02 1.616925990314167436e-02 7.196179743158201240e-03 -1.007566434396455759e-03
1.835180186710786302e+03 8.136513229225173296e-03 1.266393965855838744e-02 5.911449682035152357e-03 -7.976425559154396491e-04
1.884044454487386020e+03 6.381305226746481277e-03 1.005272054303042034e-02 4.881859773051802805e-03 -6.032184604588224216e-04
1.932924017690053006e+03 5.028116617383281660e-03 8.015682456999231528e-03 4.099079133058358866e-03 -4.854824270760893078e-04
1.981812949813921932e+03 4.058754476225484749e-03 6.496605813182054594e-03 3.460774460352721883e-03 -3.763076465195551099e-04
2.030707460547163464e+03 3.282671136980894969e-03 5.285683935436662380e-03 2.963793095875715943e-03 -3.065554729550183785e-04
2.079605199777013240e+03 2.725148998586814954e-03 4.357814318314937561e-03 2.554125974539501586e-03 -2.443230537876144568e-04
2.128504754726881401e+03 2.269849472240363999e-03 3.623580444957011717e-03 2.231983514738205936e-03 -2.032157551890883998e-04
2.177405301908695947e+03 1.942285264614398727e-03 3.037529281010018390e-03 1.962993939805866925e-03 -1.556700873979065714e-04
2.226306375882874363e+03 1.667059552039335934e-03 2.574595262508608436e-03 1.751920027809848951e-03 -1.361387576528189590e-04
2.275207721549517828e+03 1.464414034146222562e-03 2.198691474214166212e-03 1.571554351321335485e-03 -1.069988689061514108e-04
2.324109203323183920e+03 1.288369703385918233e-03 1.899328991309142019e-03 1.426842079451493342e-03 -9.466099079166085154e-05
2.373010751319054634e+03 1.160077199451439766e-03 1.657604771399777410e-03 1.300464520018400827e-03 -8.135382407441804392e-05
2.421912330604818635e+03 1.044974475040755376e-03 1.449617748969189018e-03 1.200553367594062648e-03 -7.265783057933277475e-05
2.470813924246813713e+03 9.613221721061676649e-04 1.283970351400911137e-03 1.113359155134468386e-03 -6.681832493418885899e-05
2.519715524284268668e+03 8.911398875784030211e-04 1.135367496914002324e-03 1.045099550279362946e-03 -6.028708933172445919e-05
2.568617127087764402e+03 8.337164934183831626e-04 1.029757690850003574e-03 9.842037600762845815e-04 -5.608329717909158856e-05
2.617518731052599833e+03 7.852781831639188588e-04 9.292340682140189882e-04 9.333853564136872010e-04 -5.501018796421403478e-05
2.666420335490733578e+03 7.464501366823319672e-04 8.497824777443194633e-04 8.926833593218281692e-04 -5.265564280600704134e-05
2.715321940116082715e+03 7.110878301762991278e-04 7.768456597515173813e-04 8.594267512612246106e-04 -5.236265967381972445e-05
2.764223544813301032e+03 6.851445147439020689e-04 7.127420844800226281e-04 8.316096434145390679e-04 -5.057458835912878549e-05
2.813125149537291691e+03 6.614168811607852453e-04 6.631838040685092807e-04 8.061250661515481988e-04 -5.405903880338504394e-05
2.862026754270958918e+03 6.449647134794209841e-04 6.246527937419754217e-04 7.863359781679291277e-04 -5.170530710963538453e-05
2.910928359008019925e+03 6.282657785875146944e-04 5.865394595215047942e-04 7.689021310732764916e-04 -5.081930189128511889e-05
2.959829963746235535e+03 6.184068584629779514e-04 5.535436233138499524e-04 7.542099923644664684e-04 -4.877403026137407224e-05
3.008731568484832223e+03 6.066304211080817115e-04 5.221286835780542543e-04 7.400344299935801128e-04 -5.197249553912399296e-05
3.057633173223549875e+03 6.002723828691649763e-04 5.046319496395829671e-04 7.255982846903488107e-04 -5.221841499113910265e-05
3.106534777962306634e+03 5.908633404436078318e-04 4.783498671617869135e-04 7.144216534977317545e-04 -5.294979960839269996e-05
3.155436382701073398e+03 5.865440904961779752e-04 4.610893643254236466e-04 7.030630006001467504e-04 -5.397474813740313148e-05
3.204337987439845165e+03 5.804564584789490608e-04 4.410572816408365364e-04 6.954787651443695463e-04 -5.934564347509828044e-05
3.253239592178616931e+03 5.742537182672919358e-04 4.277060599790776137e-04 6.867704141955052180e-04 -6.086525565041755049e-05
3.302141196917388697e+03 5.698595110341453732e-04 4.184225852190366418e-04 6.857810622194225386e-04 -5.970154100616532553e-05
3.351042801656160464e+03 5.669412325273592975e-04 4.084151514596009633e-04 6.798414413689745023e-04 -5.885094860217048149e-05
3.399944406394932230e+03 5.625941142666934661e-04 3.981696884438450383e-04 6.782417978566821978e-04 -5.739228775138193513e-05
3.448846011133703996e+03 5.569624454668457413e-04 3.920079557644651734e-04 6.745723126247803571e-04 -5.890768064522855079e-05
3.497747615872475762e+03 5.526366569813887918e-04 3.824091197464423667e-04 6.712934707995356397e-04 -5.879223753095154804e-05
3.546649220611247529e+03 5.488521537423847723e-04 3.744890329113565678e-04 6.687147853768706830e-04 -5.774627349631996428e-05
3.595550825350019295e+03 5.452799495839524531e-04 3.703534904029792620e-04 6.636732832940439716e-04 -5.520510440666753343e-05
3.644452430088791061e+03 5.406876387898221269e-04 3.655414432456698657e-04 6.623443169765398913e-04 -5.612745810860638086e-05
3.693354034827562828e+03 5.365608249086016579e-04 3.575321540965810136e-04 6.582007955857727783e-04 -5.658816770064675273e-05
3.742255639566334594e+03 5.320776051398245837e-04 3.527860816492652094e-04 6.578012298633456557e-04 -5.788708160601565623e-05
3.791157244305106360e+03 5.290472607335784368e-04 3.491461292507651954e-04 6.532517039452965689e-04 -5.471956983362930027e-05
3.840058849043878126e+03 5.264451314320186485e-04 3.456184078828120629e-04 6.535786817865923883e-04 -5.386218398018738807e-05
3.888960453782649893e+03 5.253038492242734442e-04 3.419944004205565540e-04 6.519857819114788147e-04 -5.333976639846744013e-05
3.937862058521422568e+03 5.249366483568457947e-04 3.339757524570110062e-04 6.556618204249717568e-04 -5.429312439655787736e-05
3.986763663260194335e+03 5.283262731790865259e-04 3.335509996645790376e-04 6.530090530636626983e-04 -5.320397799936202223e-05
4.035665267998966101e+03 5.301183474682328927e-04 3.275769131731564991e-04 6.541302208039575291e-04 -5.247549525172821280e-05
4.084566872737737867e+03 5.306538878716132160e-04 3.243723894000355087e-04 6.513941761678064893e-04 -5.219713802099700418e-05
4.133468477476509179e+03 5.288927943255082456e-04 3.220877955053268486e-04 6.496853045964075561e-04 -5.005880586103658676e-05
4.182370082215281400e+03 5.277443165834352695e-04 3.162502592478010316e-04 6.461111734490671693e-04 -4.972824592673554829e-05
4.231271686954053621e+03 5.270800508284741084e-04 3.125541317488873968e-04 6.443358926163576762e-04 -4.997673420498098909e-05
4.280173291692824932e+03 5.286432406478866822e-04 3.069790764714558796e-04 6.436725506981500313e-04 -4.815551118958428991e-05
4.329074896431597153e+03 5.269983954515464935e-04 3.041373234325226316e-04 6.446711669442773936e-04 -4.729202205107803901e-05
4.377976501170368465e+03 5.283619987366973804e-04 3.003494369787312423e-04 6.437279311792254953e-04 -4.324546543991863187e-05
4.426878105909140686e+03 5.226621060954438633e-04 3.007218103802640290e-04 6.457909419212799415e-04 -4.097025182950482253e-05
4.475779710647911998e+03 5.233388266404755086e-04 3.001661111393148047e-04 6.441153198203469722e-04 -3.683212572454709502e-05
4.524681315386684219e+03 5.172128192972103369e-04 2.995713416912707048e-04 6.440064897988489676e-04 -3.480139253706416078e-05
4.573582920125455530e+03 5.170784472341926306e-04 2.994142210984294581e-04 6.419872647495196210e-04 -3.372890828420384345e-05
4.622484524864227751e+03 5.118223345606277841e-04 2.973792269377560898e-04 6.407920835859600393e-04 -3.045544793181052514e-05
4.671386129602999063e+03 5.103102787511426498e-04 2.932742960206599679e-04 6.382220015533322539e-04 -3.056821633575977447e-05
4.720287734341771284e+03 5.060702408886042685e-04 2.936971104488526906e-04 6.364778312375489380e-04 -2.831734646561518670e-05
4.769189339080542595e+03 5.082043749915065439e-04 2.888552251499273190e-04 6.357993741264069808e-04 -2.869649567990941493e-05
4.818090943819314816e+03 5.045127703437593059e-04 2.884637755316581858e-04 6.358342040418769794e-04 -2.820372772307693911e-05
4.866992548558086128e+03 5.075050955261055808e-04 2.832170679763754465e-04 6.355506102743906181e-04 -2.765782025015703832e-05
4.915894153296858349e+03 5.026565922420786004e-04 2.850119530011230025e-04 6.358297704304098717e-04 -2.712163398257375841e-05
4.964795758035629660e+03 5.037175707754709296e-04 2.815860388368069366e-04 6.352421028350494501e-04 -2.636187239261593841e-05
5.013697362774401881e+03 4.978148585410871419e-04 2.808052382948690996e-04 6.355834135770092310e-04 -2.491716429369621367e-05
5.062598967513173193e+03 4.944951302975448496e-04 2.782808169449169870e-04 6.330067626302402937e-04 -2.663680515416786958e-05
5.111500572251945414e+03 4.932724390418469348e-04 2.803553204232763808e-04 6.349553325354321143e-04 -2.353336929125677079e-05
5.160402176990716725e+03 4.916862162134202907e-04 2.772277082108428963e-04 6.349043905548688730e-04 -2.277320983384898992e-05
5.209303781729488946e+03 4.932063238164620823e-04 2.795457428528882733e-04 6.376701504283604268e-04 -1.844099208860535858e-05
5.258205386468260258e+03 4.930995082451942926e-04 2.778470723220970531e-04 6.378964681045016594e-04 -1.791856251132630326e-05
5.307106991207032479e+03 4.942997742080997752e-04 2.787765953734350709e-04 6.392247833544798929e-04 -1.391857924913208508e-05
5.356008595945803791e+03 4.927910764431909889e-04 2.766596160419030454e-04 6.391866756011883042e-04 -1.522063229860652606e-05
5.404910200684576012e+03 4.938745159081576065e-04 2.739692337160000500e-04 6.374938832626074123e-04 -1.164838246180390875e-05
5.453811805423347323e+03 4.893754508084498245e-04 2.728799955065229878e-04 6.361672169899191794e-04 -1.211332933939654138e-05
5.502713410162119544e+03 4.857633771376997632e-04 2.716818036280429258e-04 6.338154376662816095e-04 -9.589498833748319459e-06
5.551615014900890856e+03 4.807295806135327820e-04 2.750764414079230375e-04 6.325541088264439657e-04 -9.672755170461965591e-06
5.600516619639663077e+03 4.769835429759562402e-04 2.765048468356333085e-04 6.321445812305153886e-04 -7.652879840704594785e-06
5.649418224378434388e+03 4.754890408734762622e-04 2.802039646901506522e-04 6.348994923280518827e-04 -7.153038299885008899e-06
5.698319829117206609e+03 4.749683941241373891e-04 2.792875392396589182e-04 6.376982796554534361e-04 -4.911073096194451769e-06
5.747221433855977921e+03 4.747429568316450057e-04 2.800169836673520644e-04 6.445305198553981331e-04 -6.350014222875676535e-06
5.796123038594750142e+03 4.755339646649758183e-04 2.788698407848196992e-04 6.481624275000171355e-04 -4.176070803339272052e-06
5.845024643333521453e+03 4.734555546185542749e-04 2.771231427356075634e-04 6.517315437474322914e-04 -6.177377173882812068e-06
5.893926248072293674e+03 4.741052334701110300e-04 2.741774083900316589e-04 6.531672924028007190e-04 -3.543057456782838702e-06
5.942827852811064986e+03 4.724415706398680799e-04 2.722246769443745261e-04 6.545375704914136155e-04 -3.289784442751681106e-06
5.991729457549837207e+03 4.768834087121041941e-04 2.697246609144048502e-04 6.574911715393248019e-04 -5.147645112632073790e-07
6.040631062288608518e+03 4.755840338680935838e-04 2.692199737617848141e-04 6.569421586265903647e-04 -3.108658696479444179e-08
6.089532667027380739e+03 4.772536058083392228e-04 2.690487438461421012e-04 6.572481762270336505e-04 2.986915010825173322e-06
6.138434271766152051e+03 4.727844700718989053e-04 2.701239750269958709e-04 6.550866649735717943e-04 6.086726831675192113e-06
6.187335876504924272e+03 4.724827570016030382e-04 2.705157273376807871e-04 6.552573482438411173e-04 6.216874065863519574e-06
6.236237481243695584e+03 4.706772969574144080e-04 2.694338870300547347e-04 6.553590367656368654e-04 7.473451593960309790e-06
6.285139085982468714e+03 4.721024857716389655e-04 2.683471616120844437e-04 6.563500767916750044e-04 7.078516616142469458e-06
6.334040690721240026e+03 4.699045166111841623e-04 2.678928634484913519e-04 6.583580989665070281e-04 8.605998497581303686e-06
6.382942295460012247e+03 4.716900610041722323e-04 2.623506929241462915e-04 6.578088434945640866e-04 6.149137150362086682e-06
6.431843900198783558e+03 4.686329660140198835e-04 2.641310561714780821e-04 6.602577635502348977e-04 8.138409262546160715e-06
6.480745504937555779e+03 4.706484998218186423e-04 2.636260571310280847e-04 6.598764992378587310e-04 5.194753159382707091e-06
6.529647109676327091e+03 4.682140313481080829e-04 2.652286606509238892e-04 6.617353396125441340e-04 7.693651731977388831e-06
6.578548714415099312e+03 4.706531100803462275e-04 2.643997973386102984e-04 6.615041656365948678e-04 8.651437994618547768e-06
6.627450319153870623e+03 4.641084186139479446e-04 2.676729700917279708e-04 6.638985169718544365e-04 9.492544627013226798e-06
6.676351923892642844e+03 4.627178072743326357e-04 2.677259218255294997e-04 6.682098768801131294e-04 9.367749713818390874e-06
6.725253528631414156e+03 4.592507768034902074e-04 2.685072401472415795e-04 6.742237793665769707e-04 1.240298640828348363e-05
6.774155133370186377e+03 4.601543896889141662e-04 2.665883075416267708e-04 6.792847331470809645e-04 1.276620437457429918e-05
6.823056738108957688e+03 4.609496874602585811e-04 2.697000622580471296e-04 6.812913020804427927e-04 1.564271022673558437e-05
6.871958342847729909e+03 4.600025909757908104e-04 2.660923062730010465e-04 6.825151738200132536e-04 1.547894851217143433e-05
6.920859947586501221e+03 4.604180061870122016e-04 2.676007465653966878e-04 6.825377513490051354e-04 1.786309313721804926e-05
6.969761552325273442e+03 4.599081872709305085e-04 2.653918377389507133e-04 6.854224937624609154e-04 1.760996957763683667e-05
7.018663157064044753e+03 4.595967374568963259e-04 2.646143912893085016e-04 6.854078628335169478e-04 1.774294686655433770e-05
7.067564761802816975e+03 4.609533958933391645e-04 2.636790675745577192e-04 6.899380076374039134e-04 1.992658363691165931e-05
7.116466366541588286e+03 4.606593074511609745e-04 2.646996016526691675e-04 6.895133568291110689e-04 2.231490220012267148e-05
7.165367971280360507e+03 4.599255257882569801e-04 2.635226901511900240e-04 6.982085244765131845e-04 2.361050247520027513e-05
7.214269576019131819e+03 4.558992457680513706e-04 2.599775062803160591e-04 6.936181549503311157e-04 2.235336244725170005e-05
7.263171180757904040e+03 4.501030084296059005e-04 2.590303962784053725e-04 6.993790481035263434e-04 2.005569144726920581e-05
7.312072785496675351e+03 4.411671428958896328e-04 2.605933886136627240e-04 6.820935578199672361e-04 1.991523184152762288e-05
7.360974390235447572e+03 4.348991302910406361e-04 2.646781150421864594e-04 6.797069032965505960e-04 2.320595666251638851e-05
7.409875994974218884e+03 4.255762100887662005e-04 2.702887543744953098e-04 6.477861623933635349e-04 2.560308682860458056e-05
7.458777599712991105e+03 4.172340832319821756e-04 2.776179905182393922e-04 6.322061201596789306e-04 2.683854935241332759e-05
7.507679204451763326e+03 4.059509369688523057e-04 2.871774634968834029e-04 5.833006688274436531e-04 3.133882665669663784e-05
7.556580809190534637e+03 3.977130969724960649e-04 2.942013001188836406e-04 5.555354892555324766e-04 3.133651517882849770e-05
7.605482413929306858e+03 3.827999053794040626e-04 3.003147904073641644e-04 4.867324145202109363e-04 3.585233800569197286e-05
7.654384018668078170e+03 3.757556294694610623e-04 3.132145849700937673e-04 4.348763555612166474e-04 3.582284508693637349e-05
7.703285623406850391e+03 3.374902437900148371e-04 3.272806258020066208e-04 3.358964754623970715e-04 3.415702476038033570e-05
7.752187228145621702e+03 3.027256375793286334e-04 3.786559315554871401e-04 2.576389488384567272e-04 4.498648153273354053e-05
7.801088832884393923e+03 2.183540789636360892e-04 4.033908918209357292e-04 1.758937125874346884e-04 2.898445990721790897e-05
