# Columns: yplus tau11+ tau22+ tau33+ tau12+ | Case=jet_M12_T75 | x*=5.00
3.759867558081249062e-01 8.229560120465372053e-02 4.979211388341395705e-05 7.411438200293896106e-02 -3.839903283237703128e-04
1.101493764186991964e+00 6.559270190765528197e-01 1.553265283646701684e-03 5.386028226650740880e-01 -5.923348304226371680e-03
1.829989956402327866e+00 1.652189529808138158e+00 8.267603428984407130e-03 1.242543416268468315e+00 -2.341178049348877771e-02
2.562285201847072535e+00 2.940486313150992181e+00 2.327941069468814420e-02 2.044147629617905970e+00 -5.579730877113303622e-02
3.299277286994837688e+00 4.404896139234484309e+00 4.814499247487451922e-02 2.867000039319381965e+00 -1.024240675305998771e-01
4.041940073507349851e+00 5.953371744650214126e+00 8.249519330203210210e-02 3.672568260453263456e+00 -1.600302088114636256e-01
4.791311687397002750e+00 7.517040735843890431e+00 1.258339419462848330e-01 4.443896103567951172e+00 -2.259606213917702833e-01
5.548483752734443719e+00 9.046265421139162655e+00 1.766578331820713721e-01 5.173607590422769853e+00 -2.971687714752328513e-01
6.314592305377967563e+00 1.050841540102745242e+01 2.343299284497533386e-01 5.860757007774409111e+00 -3.716364146944233227e-01
7.090810673937773423e+00 1.188346875578009687e+01 2.973679756984672351e-01 6.506497823605378983e+00 -4.470451808981407149e-01
7.878344338770750355e+00 1.316007620165974856e+01 3.653950232080145910e-01 7.113110724008424590e+00 -5.219492791681326072e-01
8.678427592361714460e+00 1.433388503047556028e+01 4.372183230732366033e-01 7.682821001899385216e+00 -5.948326445899704273e-01
9.492321722761426273e+00 1.540512004189034023e+01 5.128764776312969564e-01 8.218216097643180618e+00 -6.648047458491455064e-01
1.032131440966193026e+01 1.637712771932998024e+01 5.913896742954487529e-01 8.721427696194245627e+00 -7.309347557683557595e-01
1.116672003867381413e+01 1.725246535167294581e+01 6.727270739208398576e-01 9.194771453164502617e+00 -7.928479027708489335e-01
1.202988068246728126e+01 1.803391150591113146e+01 7.559023261408546190e-01 9.639870241026118336e+00 -8.503935505648670956e-01
1.291216755080820455e+01 1.872419804148254130e+01 8.410812351486790517e-01 1.005896246824738505e+01 -9.040760131539719024e-01
1.381498276374905210e+01 1.932701878005859086e+01 9.274006848662056379e-01 1.045403426631983201e+01 -9.539376678499409401e-01
1.473976134703456964e+01 1.984731066869524696e+01 1.015047941471601156e+00 1.082796382273044777e+01 -1.000157204827562207e+00
1.568797338381338768e+01 2.029057960897583612e+01 1.103372733601738931e+00 1.118352070601208759e+01 -1.042846637803956034e+00
1.666112628221267045e+01 2.066223872098374414e+01 1.192685089023862055e+00 1.152147861435501675e+01 -1.081911292979560013e+00
1.766076713574201662e+01 2.096792354992341956e+01 1.282348826996598801e+00 1.184251873902394969e+01 -1.117581066847616045e+00
1.868848516477213906e+01 2.121188430435403305e+01 1.372803287392503124e+00 1.214631659409656983e+01 -1.150111497922176929e+00
1.974591423430263504e+01 2.139953132217456755e+01 1.463496973849879756e+00 1.243258820523475094e+01 -1.179880933904758011e+00
2.083473544736430583e+01 2.153650778443641656e+01 1.554637757249708541e+00 1.270161478257156062e+01 -1.206987486410788790e+00
2.195667981577019745e+01 2.162858809811685390e+01 1.645958134370210546e+00 1.295383392685447355e+01 -1.231525485252633167e+00
2.311353101126151799e+01 2.168010656947975789e+01 1.737777664037002845e+00 1.318995345106984018e+01 -1.253202676958947270e+00
2.430712820084576364e+01 2.169442045308919020e+01 1.829873190918672732e+00 1.341225431256599698e+01 -1.272650130797781109e+00
2.553936897056781419e+01 2.167342268333194610e+01 1.922682788603279569e+00 1.362298304134131577e+01 -1.290330825637101997e+00
2.681221234224282313e+01 2.161975864484799814e+01 2.016077182167190340e+00 1.382357922011373397e+01 -1.307293034365750506e+00
2.812768188789542023e+01 2.153930080863344898e+01 2.110048319337630929e+00 1.401582152261208947e+01 -1.324173469193571595e+00
2.948786894683510695e+01 2.143940354112472235e+01 2.204783001292980327e+00 1.420069360360010968e+01 -1.340907576066694640e+00
3.089493595047375862e+01 2.132465707589666337e+01 2.300472668894798733e+00 1.438028395544274929e+01 -1.356728878326002974e+00
3.235111986016755026e+01 2.120012143844781605e+01 2.397644780129306596e+00 1.455645259161652127e+01 -1.372155241885107957e+00
3.385873572354771710e+01 2.106566726078576579e+01 2.496409880138094728e+00 1.472984195670257890e+01 -1.387081640190090948e+00
3.542018035499337714e+01 2.092089849439558691e+01 2.597065321499322454e+00 1.489993747401954138e+01 -1.402054610860251405e+00
3.703793614609760709e+01 2.076719051463608778e+01 2.699472149273569155e+00 1.506564042987700880e+01 -1.417439186800795392e+00
3.871457501218464614e+01 2.061012771263760257e+01 2.804153191244898480e+00 1.522447851224329973e+01 -1.433100152220528223e+00
4.045276248115215623e+01 2.045073134025012251e+01 2.911279625759191081e+00 1.537367377232278542e+01 -1.447349777775464919e+00
4.225526193113942242e+01 2.029227288087536607e+01 3.021313538184309255e+00 1.550509941512870249e+01 -1.461585243384422084e+00
4.412493898375806367e+01 2.014155114933601709e+01 3.134898531208729189e+00 1.561766684545854744e+01 -1.476870252283472240e+00
4.606476605986999573e+01 2.000224528940519164e+01 3.252191696554202149e+00 1.571572254286948578e+01 -1.494841461008625361e+00
4.807782710515525082e+01 1.987353381867187352e+01 3.372970359697898157e+00 1.580290131602161630e+01 -1.516579446525353259e+00
5.016732249298262758e+01 1.975904150829346406e+01 3.497297242303733178e+00 1.588357230897004690e+01 -1.543325152739059236e+00
5.233657411237720680e+01 1.966040309626617955e+01 3.626246997277037476e+00 1.596010146243454209e+01 -1.575833098804388266e+00
5.458903064917451786e+01 1.958202524119861110e+01 3.759550204164392895e+00 1.603331470551366422e+01 -1.612752485855302620e+00
5.692827306875625482e+01 1.952036596070103869e+01 3.899019949813792962e+00 1.610077318705934957e+01 -1.654115034510824200e+00
5.935802030908514837e+01 1.947863724396175655e+01 4.042147593754352286e+00 1.615974920945246396e+01 -1.698395445624720557e+00
6.188213519308904864e+01 1.945737170063858912e+01 4.189875621371866643e+00 1.620772308584120935e+01 -1.743753710773364496e+00
6.450463056979361909e+01 1.945139662523974877e+01 4.343602443272261304e+00 1.623997180897613646e+01 -1.789450565607400900e+00
6.722967569396782039e+01 1.946129862890099815e+01 4.502770566305943412e+00 1.625603205316567923e+01 -1.838782444913731107e+00
7.006160285442345526e+01 1.950100699182386421e+01 4.668039612608424704e+00 1.625977288548312671e+01 -1.892168042036370679e+00
7.300491426150716734e+01 1.956603894433386159e+01 4.839820834752940115e+00 1.625266855475662808e+01 -1.949474688396943156e+00
7.606428920473429400e+01 1.964871963932572996e+01 5.017905883525683564e+00 1.623232457429619302e+01 -2.010235563154807892e+00
7.924459149194436236e+01 1.975333576960955995e+01 5.203623843573016217e+00 1.619631810575243236e+01 -2.076699677393931243e+00
8.255087718180391221e+01 1.990500174413164913e+01 5.394138965683788811e+00 1.613087933509333283e+01 -2.153580489739225889e+00
8.598840262195128048e+01 2.010274565525629953e+01 5.591489015232590454e+00 1.603841708222353901e+01 -2.236973318331878069e+00
8.956263280556129303e+01 2.033841213246981638e+01 5.794620063272172494e+00 1.593046594217635104e+01 -2.324627516609530709e+00
9.327925005961569127e+01 2.061823087009879885e+01 6.001477411037668297e+00 1.580567709857422543e+01 -2.422055038713800013e+00
9.714416307869143452e+01 2.095830790973213098e+01 6.208439459272798722e+00 1.566297658507761703e+01 -2.526211762629169577e+00
1.011635163186299451e+02 2.136747030438317196e+01 6.413482567636218157e+00 1.551377663313642685e+01 -2.633242201916619507e+00
1.053436997650199203e+02 2.184458617292184712e+01 6.610531034819657314e+00 1.535952027245791207e+01 -2.744093812533981769e+00
1.096913590920248680e+02 2.235937046946805395e+01 6.801605126682026992e+00 1.517781010731999558e+01 -2.857359223888845445e+00
1.142134062277053204e+02 2.293749277861652303e+01 6.991313505452592558e+00 1.493713894156562638e+01 -2.968606510836320655e+00
1.189170303426325574e+02 2.360654516192251862e+01 7.179264904326906560e+00 1.467652360944902057e+01 -3.087220805640884969e+00
1.238097092792641263e+02 2.433615187156512860e+01 7.357673622410456638e+00 1.439806230282227872e+01 -3.214841576180685667e+00
1.288992214402506988e+02 2.511359614665250461e+01 7.540828367696084555e+00 1.410496748157569158e+01 -3.357427982588567783e+00
1.341936581545749334e+02 2.595439572561187092e+01 7.728447495832532432e+00 1.382538933124148706e+01 -3.506333361732466791e+00
1.397014365411825452e+02 2.686476625070422841e+01 7.919590649988792030e+00 1.353546314944866680e+01 -3.658900754130510968e+00
1.454313128905548353e+02 2.785454648978788228e+01 8.118003409437108076e+00 1.323805476098431200e+01 -3.807204136561821883e+00
1.513923965854984317e+02 2.890382595162817481e+01 8.314487984551265143e+00 1.292073669374093825e+01 -3.962216462426192187e+00
1.575941645832823781e+02 3.005034150739903609e+01 8.503712711661346901e+00 1.258751753194040646e+01 -4.117345876561665285e+00
1.640464764821466872e+02 3.131726162637096778e+01 8.679991221833349258e+00 1.226200770026322928e+01 -4.271603632377216186e+00
1.707595901961352638e+02 3.270791672769134806e+01 8.855032514641074215e+00 1.190936110945104431e+01 -4.448089666953140231e+00
1.777441782631732679e+02 3.422136741718171749e+01 9.016478121957689496e+00 1.153192124728451873e+01 -4.636257514129051849e+00
1.850113448123152011e+02 3.580859786796934685e+01 9.172060776287649375e+00 1.113993088735745474e+01 -4.826653749547735295e+00
1.925726432171382783e+02 3.737836216184211935e+01 9.306440776114007107e+00 1.073486885238261301e+01 -4.997866607968846075e+00
2.004400944633470658e+02 3.901424918876653436e+01 9.442653636075366563e+00 1.032076618337043783e+01 -5.171614376089180176e+00
2.086262062597901092e+02 4.078739581698742711e+01 9.564764647464478742e+00 9.966438815864123058e+00 -5.346957344019112490e+00
2.171439929232707300e+02 4.259155433023538251e+01 9.652152561546849086e+00 9.680742256861698536e+00 -5.508709052044173937e+00
2.260069960687668527e+02 4.450156711443222690e+01 9.735861255722452867e+00 9.359099151883208734e+00 -5.682528400761531984e+00
2.352293061379535004e+02 4.652021497115907067e+01 9.793647769306186746e+00 9.073571157250135855e+00 -5.836767700131962222e+00
2.448255848002581274e+02 4.856379079411081534e+01 9.779698288821000673e+00 8.837670464989686891e+00 -5.919250454715843546e+00
2.548110882620728148e+02 5.076959724328555268e+01 9.704817946216508062e+00 8.552398947095159798e+00 -6.001912068597395233e+00
2.652016915212079766e+02 5.301590220045122237e+01 9.651531234289755901e+00 8.279267631190588617e+00 -6.098118275948452016e+00
2.760139136052171693e+02 5.520991462082444912e+01 9.564288280152251076e+00 8.039762070489958390e+00 -6.152689142927891375e+00
2.872649438338840469e+02 5.734387705024075643e+01 9.470563331032371579e+00 7.797678525270008265e+00 -6.209842315590746509e+00
2.989726691480093450e+02 5.935928829005447227e+01 9.365441095494349000e+00 7.629481753431816671e+00 -6.251708894474518274e+00
3.111557025487858255e+02 6.131559050134865174e+01 9.237728462211512337e+00 7.429568852715776828e+00 -6.311666341289190463e+00
3.238334126947062828e+02 6.336827255239276013e+01 9.082172551652034187e+00 7.251653980850540471e+00 -6.310214998321743707e+00
3.370259547063929517e+02 6.524808638140433459e+01 8.921579910973729710e+00 7.114419984924447604e+00 -6.266854679577230414e+00
3.507543022342307495e+02 6.689116817208120835e+01 8.742476722570577508e+00 6.915743682070390363e+00 -6.211337567329774600e+00
3.650402808490833308e+02 6.824349228532902600e+01 8.548761199424939505e+00 6.767043485977281669e+00 -6.185743851633385582e+00
3.799066028211205435e+02 6.898581944844380587e+01 8.329090812712140135e+00 6.678238450238642265e+00 -6.193481302566285152e+00
3.953769033506206370e+02 6.905078314431173681e+01 8.092062139980907176e+00 6.568409441635368218e+00 -6.133000482617450899e+00
4.114757782940311017e+02 6.854339320861080864e+01 7.865034877706118976e+00 6.476438848754775712e+00 -6.050305858187587482e+00
4.282288233587079844e+02 6.755024704765961019e+01 7.622922036913853283e+00 6.419872084153510627e+00 -5.932663836732290363e+00
4.456626745615492950e+02 6.577931718824575569e+01 7.391005809697525741e+00 6.412461757824073239e+00 -5.844409354445549099e+00
4.638050493537099328e+02 6.287267138619456830e+01 7.109402176441331989e+00 6.328047331000701270e+00 -5.776273422943321023e+00
4.826847870306113464e+02 5.882677063479617630e+01 6.818623533422895733e+00 6.271347852902638742e+00 -5.747143466852770999e+00
5.023318856110519732e+02 5.392981481956201151e+01 6.531776778026945784e+00 6.223667183021194482e+00 -5.661257207663822122e+00
5.227775299287690132e+02 4.848083406218362512e+01 6.255413784395108756e+00 6.070452592712177520e+00 -5.611214144317244745e+00
5.440541018230707095e+02 4.268354589297761237e+01 5.903113183639403516e+00 5.770533565481086313e+00 -5.429256481878300455e+00
5.661951576622684570e+02 3.658549729090895397e+01 5.530203934251804121e+00 5.420386875886160638e+00 -5.232398292966461639e+00
5.892353508030752209e+02 3.069438207532799368e+01 5.056743989219325996e+00 5.144567921632932084e+00 -4.898437591447216910e+00
6.132102672429411996e+02 2.480179463991128586e+01 4.612007233366144376e+00 4.803099728725056750e+00 -4.532706797371257146e+00
6.381561326547655426e+02 1.896952993987854086e+01 4.214308154690023400e+00 4.308821581262466616e+00 -4.068911731547178334e+00
6.641093401785439028e+02 1.387510556587267985e+01 3.782938918013212692e+00 3.663278289814456912e+00 -3.486733259091058912e+00
6.911057438099043111e+02 9.654603084047009176e+00 3.327679266331515340e+00 2.905970213539772029e+00 -2.797625351557558648e+00
7.191796657979509746e+02 6.578869904537715030e+00 2.854548279543855926e+00 2.258470497180680603e+00 -2.176245878313714854e+00
7.483625820688620252e+02 4.391329500499078442e+00 2.360084424159021754e+00 1.703768257060768176e+00 -1.627251219248673442e+00
7.786814801969792370e+02 2.802270682217247622e+00 1.894481836403753672e+00 1.268691828045670933e+00 -1.161591576936112480e+00
8.101569302431784081e+02 1.735739973033561645e+00 1.442667109052380381e+00 9.047873446288056121e-01 -7.912799868223129307e-01
8.428009664789741464e+02 1.050461574081205773e+00 1.060001363134685848e+00 6.288534880181640974e-01 -5.085932064447932222e-01
8.766149397824558491e+02 5.986824078481746136e-01 7.473240075890745793e-01 4.320347963045259032e-01 -2.881615161403260350e-01
9.115875545638554058e+02 3.374809056142601404e-01 5.212150122511977068e-01 2.872775421276487773e-01 -1.434256077479757474e-01
9.476933366936707444e+02 1.959741380960293711e-01 3.562881512270578144e-01 1.941960097237495353e-01 -5.371921955501052920e-02
9.848917774971670269e+02 1.212114278829274916e-01 2.376187563593907814e-01 1.370544500213596861e-01 -9.084354246936623273e-03
1.023127355805559887e+03 8.056589319909060465e-02 1.628471892230157481e-01 1.014840534378169956e-01 5.377280681211008516e-03
1.062330555777244626e+03 5.576059516527748922e-02 1.143399279464980128e-01 7.770707224123138412e-02 8.424906310991259889e-03
1.102419882726471087e+03 3.953036770760934293e-02 8.305555685604663896e-02 6.066226335426577049e-02 8.514541062958831327e-03
1.143304750983495751e+03 2.895016880747833601e-02 6.252841979916955173e-02 4.815214004942999088e-02 7.833368520040134494e-03
1.184889000119550474e+03 2.176416380980506285e-02 4.806498990254456927e-02 3.874356108297170864e-02 7.133225110775570123e-03
1.227074711365932671e+03 1.681320659321267064e-02 3.763646773183608463e-02 3.147063167380523968e-02 6.358378549792045691e-03
1.269765961189681775e+03 1.325659997729451527e-02 2.981065548848026506e-02 2.579966649162531572e-02 5.629717520581963182e-03
1.312872169850299542e+03 1.068042828919604260e-02 2.396024995323913290e-02 2.131298933992678210e-02 4.918304180208507917e-03
1.356310773685546337e+03 8.756974906092916677e-03 1.942487916467811049e-02 1.775652963162962714e-02 4.279878973232022731e-03
1.400009055175663207e+03 7.321127341685184677e-03 1.595314187076848217e-02 1.489041667763185868e-02 3.688876840433826052e-03
1.443905083080360782e+03 6.214172274669655521e-03 1.318801671924604152e-02 1.256969537925175552e-02 3.158198915144814177e-03
1.487947824360007189e+03 5.363015849790533571e-03 1.101617911520340852e-02 1.066864316402612450e-02 2.691732737073662153e-03
1.532096573003405183e+03 4.676023501817561968e-03 9.242969439545108828e-03 9.112796092055432118e-03 2.288171671733516335e-03
1.576319888845293463e+03 4.137241628030141616e-03 7.818006669701236047e-03 7.814925771192532053e-03 1.927789980742030404e-03
1.620594251007851653e+03 3.686566221679200665e-03 6.656011917342308758e-03 6.750216944701173914e-03 1.628274301729998926e-03
1.664902611829989837e+03 3.327322767756016927e-03 5.716859920243266488e-03 5.851342541164766473e-03 1.373594137529988166e-03
1.709232998369435336e+03 3.018338639807160995e-03 4.911854192152817315e-03 5.105383980769736055e-03 1.145817859935455239e-03
1.753577261145662760e+03 2.775065406730944668e-03 4.241366065426531266e-03 4.467467352090211292e-03 9.397103138650259426e-04
1.797930023545791983e+03 2.554958844023166430e-03 3.682016417782817217e-03 3.937737064033537335e-03 7.760435106702253142e-04
1.842287846942864462e+03 2.386464799161826592e-03 3.213691132558711694e-03 3.480527677083408190e-03 6.200233295520682884e-04
1.886648599279816381e+03 2.227027153251651733e-03 2.804656630143660765e-03 3.097129509650146852e-03 5.045590412854538071e-04
1.931010998864827798e+03 2.103686625570977409e-03 2.474566597044561018e-03 2.766659284187512804e-03 3.917928457340046034e-04
1.975374298617337899e+03 1.987472727424281511e-03 2.173576181818947465e-03 2.485923376613934175e-03 3.022268245118515917e-04
2.019738076283673536e+03 1.890954106717984739e-03 1.931428315952549287e-03 2.241962352479066889e-03 2.223825079471630902e-04
2.064102100433432497e+03 1.801396847449641091e-03 1.713951093308771750e-03 2.035972976745933308e-03 1.544076790267810521e-04
2.108466248061495207e+03 1.727566686020523198e-03 1.531070416783558230e-03 1.856807273993314397e-03 9.741032128264231322e-05
2.152830455767321382e+03 1.656944603010302103e-03 1.370342418428608256e-03 1.707574736374212155e-03 4.762696137526755574e-05
2.197194691859801878e+03 1.597098571925123067e-03 1.240843278857404119e-03 1.574054080752987058e-03 7.109883809009501515e-06
2.241558940976467511e+03 1.534901393145276073e-03 1.116254443503072492e-03 1.468868579926994357e-03 -2.428731849286646570e-05
2.285923195895189565e+03 1.481489925929543004e-03 1.022833374798668999e-03 1.371062163031545444e-03 -5.274869710107444644e-05
2.330287453323303907e+03 1.428766183442510248e-03 9.290060806721933337e-04 1.294824900394618648e-03 -7.597389310251366880e-05
2.374651711805003288e+03 1.386423015892639761e-03 8.617188980469258101e-04 1.221228246869580101e-03 -9.503027505554015580e-05
2.419015970716085576e+03 1.344860969767485087e-03 7.863981374019432318e-04 1.163340177948579820e-03 -1.101539320800746765e-04
2.463380229797012362e+03 1.317821742789799123e-03 7.316979101106977539e-04 1.110595813608133151e-03 -1.196287878137937888e-04
2.507744488943140368e+03 1.279078387484120210e-03 6.767813531379152829e-04 1.063683257665910906e-03 -1.294282963407847916e-04
2.552108748113556430e+03 1.256131716692160437e-03 6.385708903214987967e-04 1.025116091178088044e-03 -1.365310602478216626e-04
2.596473007292751390e+03 1.221227183982961538e-03 5.924093564091291106e-04 9.886470087720749134e-04 -1.445064316328265963e-04
2.640837266475024535e+03 1.206347280448548040e-03 5.611339293175672451e-04 9.595765482961216833e-04 -1.496154334551486422e-04
2.685201525658345872e+03 1.174690411917310743e-03 5.306348767681590400e-04 9.301724865784999829e-04 -1.535338844362274296e-04
2.729565784842012363e+03 1.166951124940806672e-03 5.055791841247776319e-04 9.095054282378440711e-04 -1.556955355339576940e-04
2.773930044025789357e+03 1.142930998746330981e-03 4.824229368207443350e-04 8.862928876688441412e-04 -1.541288710254754999e-04
2.818294303209601367e+03 1.139503327028633817e-03 4.583076914209652697e-04 8.725220325223807631e-04 -1.562998175950224618e-04
2.862658562393422471e+03 1.118878655149866666e-03 4.396240964112705729e-04 8.571277966346010132e-04 -1.530223903437128916e-04
2.907022821577248124e+03 1.115496635122553400e-03 4.206688257387758770e-04 8.482197326347525523e-04 -1.542070149262501867e-04
2.951387080761073776e+03 1.099914460531971512e-03 4.076559369672070406e-04 8.379625021883813042e-04 -1.520351785993630451e-04
2.995751339944899428e+03 1.092673332087493740e-03 3.941115696849156096e-04 8.335511534612156069e-04 -1.498069330040299870e-04
3.040115599128725080e+03 1.077648828330589944e-03 3.832549558423570062e-04 8.251380692605986668e-04 -1.461316851605675240e-04
3.084479858312550732e+03 1.065596069825101898e-03 3.730785453324043368e-04 8.206778443282645476e-04 -1.442763339744665299e-04
3.128844117496376384e+03 1.054684687513130154e-03 3.638370676366477403e-04 8.143806966692125181e-04 -1.382569036931092620e-04
3.173208376680202036e+03 1.040183296847649840e-03 3.533999256668777394e-04 8.098581673666368228e-04 -1.362959218258266725e-04
3.217572635864027689e+03 1.031205778801965291e-03 3.487240768294429445e-04 8.049302688889710183e-04 -1.320913686229262978e-04
3.261936895047853795e+03 1.014743767461190761e-03 3.451818568469761442e-04 8.014212734362370551e-04 -1.275765452500343721e-04
3.306301154231679448e+03 1.003639725168917283e-03 3.405018606651345368e-04 7.984023530341255101e-04 -1.248810200708706374e-04
3.350665413415505100e+03 9.891348076583397503e-04 3.323853085337762016e-04 7.961397905276951324e-04 -1.235552504293832771e-04
3.395029672599330752e+03 9.807985630610146534e-04 3.285080765026143898e-04 7.947003943295264609e-04 -1.203272550799972874e-04
3.439393931783156404e+03 9.639481752515374107e-04 3.240097269578363155e-04 7.924850752077231865e-04 -1.184095508845105455e-04
3.483758190966982056e+03 9.492570188757384377e-04 3.196057294474691571e-04 7.891191252624089707e-04 -1.161817378135312768e-04
3.528122450150807708e+03 9.315064852088398174e-04 3.154567305497739784e-04 7.870905496654884191e-04 -1.120253089075670325e-04
3.572486709334633815e+03 9.240391640762111482e-04 3.105893041519087409e-04 7.850238681150356222e-04 -1.075775357792011058e-04
3.616850968518459467e+03 9.132007417461806154e-04 3.052405040072691590e-04 7.829350068515921130e-04 -1.063431739187520889e-04
3.661215227702285574e+03 9.149851494794368533e-04 3.017387182682601532e-04 7.825914964569453394e-04 -9.995951938191842401e-05
3.705579486886111226e+03 9.037051883550217737e-04 2.977926818859073419e-04 7.792748149547911981e-04 -9.730986688339559243e-05
3.749943746069936878e+03 8.966408104902498727e-04 2.978101948694623327e-04 7.779733702404352611e-04 -9.256448729836024968e-05
3.794308005253762531e+03 8.832486256158776769e-04 2.986928245238856154e-04 7.735322708712624382e-04 -8.915033025907862820e-05
3.838672264437588183e+03 8.756758175503582707e-04 2.982905914000173286e-04 7.741709645691117808e-04 -8.422417742659171432e-05
3.883036523621413835e+03 8.660993472591942220e-04 2.962798302712889905e-04 7.706806127063019684e-04 -8.089401025539667194e-05
3.927400782805239487e+03 8.601662185005041388e-04 2.962612699804367442e-04 7.718089051005578910e-04 -7.687888786414935323e-05
3.971765041989065139e+03 8.510929377436323275e-04 2.973021895217568432e-04 7.694620658731743737e-04 -7.215268168621163903e-05
4.016129301172890791e+03 8.465893669011375321e-04 2.952533647052005966e-04 7.710758662732399623e-04 -6.734346005514839123e-05
4.060493560356716443e+03 8.375743486494537093e-04 2.978208075928073708e-04 7.690665552927884209e-04 -6.161817279827837702e-05
4.104857819540542550e+03 8.295165795511284194e-04 2.956474410480536665e-04 7.713451804188120467e-04 -5.926540835616414603e-05
4.149222078724367748e+03 8.193744294760193017e-04 2.961215287569578074e-04 7.708290715742646378e-04 -5.352234725583990092e-05
4.193586337908193855e+03 8.192342536967823965e-04 2.914448062902062829e-04 7.727823813777174537e-04 -5.028037651913012354e-05
4.237950597092019052e+03 8.093303885938678364e-04 2.908776904261550908e-04 7.704398799707442083e-04 -4.749823265942889803e-05
4.282314856275845159e+03 8.124237489699203145e-04 2.859841666188531325e-04 7.688400881924609478e-04 -4.255046753559779259e-05
4.326679115459670356e+03 8.037163850238521028e-04 2.848461774957060703e-04 7.649844460536974703e-04 -4.056130856024731292e-05
4.371043374643496463e+03 8.023998161459754272e-04 2.855802009252403806e-04 7.619363225013702856e-04 -3.722332884968989627e-05
4.415407633827321661e+03 7.911737965508109293e-04 2.838132658078487691e-04 7.582502158100314386e-04 -3.670358566309593894e-05
4.459771893011147768e+03 7.871277864122741552e-04 2.819885320912123429e-04 7.554903823243843287e-04 -3.527643276356730399e-05
4.504136152194972965e+03 7.770537499885127970e-04 2.842133354845958440e-04 7.523801613446335929e-04 -3.238373248966955082e-05
4.548500411378799072e+03 7.742235098964786542e-04 2.854834839034174490e-04 7.510371094879486273e-04 -2.685507499832267287e-05
4.592864670562624269e+03 7.608567852321609449e-04 2.872747278693953588e-04 7.531721407070411569e-04 -2.370203299471492235e-05
4.637228929746450376e+03 7.568619936326692567e-04 2.865156385019545322e-04 7.536702685596019784e-04 -1.984928892901547764e-05
4.681593188930276483e+03 7.483921151541379204e-04 2.896705479074789999e-04 7.573126686762047957e-04 -1.486447635665577623e-05
4.725957448114101680e+03 7.449828920085573404e-04 2.884380525660865395e-04 7.574832170115748187e-04 -1.202342041022538707e-05
4.770321707297927787e+03 7.352074559458450813e-04 2.886300191483909955e-04 7.599426008163957628e-04 -1.069539436238800271e-05
4.814685966481752985e+03 7.323353926247056162e-04 2.860446378841046420e-04 7.616332754585300674e-04 -9.275806081567890401e-06
4.859050225665579092e+03 7.259793116570343501e-04 2.851883297959015469e-04 7.653751418522983501e-04 -9.599939597715964493e-06
4.903414484849404289e+03 7.276937626047647783e-04 2.840451715091372640e-04 7.686695319580505621e-04 -4.752199180960991906e-06
4.947778744033230396e+03 7.238713544624478463e-04 2.848783576501753368e-04 7.712956618513780319e-04 -4.141253521953788337e-07
4.992143003217055593e+03 7.237224062243344377e-04 2.846342887371569857e-04 7.715859088464116283e-04 3.112191298231600004e-06
5.036507262400881700e+03 7.157364943664353951e-04 2.856407134922090904e-04 7.730039047844473139e-04 4.861325607869031850e-06
5.080871521584706898e+03 7.100338547058102469e-04 2.874933796063101920e-04 7.730352350869316254e-04 6.144923259214783004e-06
5.125235780768533004e+03 6.999885966965954751e-04 2.869055013018149513e-04 7.711078622009530370e-04 9.828916579177973621e-06
5.169600039952358202e+03 7.010079585675878461e-04 2.845715685550659390e-04 7.693626422298659650e-04 1.147391193784880997e-05
5.213964299136184309e+03 6.935171105198016921e-04 2.862507096733783772e-04 7.682983844775859942e-04 1.585007058587134152e-05
5.258328558320009506e+03 6.929563145125763532e-04 2.880628483238570239e-04 7.682069718537824646e-04 1.671462715994255960e-05
5.302692817503835613e+03 6.894006952658039743e-04 2.893592678083964365e-04 7.708739600655827419e-04 2.126273212932556952e-05
5.347057076687661720e+03 6.904014928996508827e-04 2.891931958064071473e-04 7.734755589483371897e-04 2.319612680097944490e-05
5.391421335871486917e+03 6.845827053341753832e-04 2.887741941063083888e-04 7.774609336911760243e-04 2.727191913709752484e-05
5.435785595055313024e+03 6.769138373768192676e-04 2.893693896687453914e-04 7.802337021860344382e-04 2.808170966075258104e-05
5.480149854239138222e+03 6.682869217850310409e-04 2.865321275326759213e-04 7.824346535306627836e-04 2.952884142828474370e-05
5.524514113422964328e+03 6.630900273781649163e-04 2.865811036715474745e-04 7.826469714466144628e-04 3.027284122392971205e-05
5.568878372606789526e+03 6.564867581312255115e-04 2.884313046924722249e-04 7.828383979149480636e-04 3.330850472909244452e-05
5.613242631790615633e+03 6.540988124094065503e-04 2.929146064477056058e-04 7.837612884219461633e-04 3.581805380699384206e-05
5.657606890974440830e+03 6.493399167305304335e-04 2.921173089094545434e-04 7.823711391389108092e-04 3.677789242878084147e-05
5.701971150158266937e+03 6.521030079847436314e-04 2.937854276717197818e-04 7.806589112679669477e-04 4.050016726279073048e-05
5.746335409342093044e+03 6.498664832248760492e-04 2.948548651453464144e-04 7.785430576531861832e-04 4.191811686773653123e-05
5.790699668525919151e+03 6.479346723540476208e-04 2.943642116158111670e-04 7.780375162181321289e-04 4.393573387307373222e-05
5.835063927709744348e+03 6.393476739067503528e-04 2.957808694469239524e-04 7.768940679342876228e-04 4.514514451276965953e-05
5.879428186893570455e+03 6.367575412788051455e-04 2.973716017564329277e-04 7.778521483167234784e-04 5.001908596406722787e-05
5.923792446077395653e+03 6.331537278434791862e-04 3.016383901501166554e-04 7.806845791929452544e-04 5.231134617268268341e-05
5.968156705261221759e+03 6.266576458735947062e-04 3.023964020675531570e-04 7.852527307396252321e-04 5.385216023891493617e-05
6.012520964445046957e+03 6.211579482684329630e-04 3.053523013642847096e-04 7.891115195044243972e-04 5.319311574463170381e-05
6.056885223628873064e+03 6.161453802447725350e-04 3.047935628218654278e-04 7.941237843229192062e-04 5.301312115297148700e-05
6.101249482812698261e+03 6.150262727253793518e-04 3.050355566821680233e-04 7.978504933357276428e-04 5.145155892181043776e-05
6.145613741996524368e+03 6.167537784676156145e-04 3.025808280407739619e-04 8.027124628494122479e-04 5.498253458556607762e-05
6.189978001180349565e+03 6.177844258676047640e-04 3.025810671157907984e-04 8.071085463632128761e-04 5.451316358305127074e-05
6.234342260364175672e+03 6.183980580183062346e-04 3.015923543024559127e-04 8.121606770398099879e-04 5.685378457123500530e-05
6.278706519548000870e+03 6.181578196207220249e-04 3.025089287577751120e-04 8.177082413867469606e-04 5.809584595560812758e-05
6.323070778731826977e+03 6.171097750403174232e-04 3.032114389812348883e-04 8.230161898844848539e-04 6.002614127256288652e-05
6.367435037915652174e+03 6.157743513126452380e-04 3.037498853545164473e-04 8.235775642132853918e-04 6.056706433410345860e-05
6.411799297099478281e+03 6.199155579496387104e-04 3.037088726217409521e-04 8.313218514403959356e-04 6.343862733308826610e-05
6.456163556283304388e+03 6.181394632564936840e-04 2.991795397277991863e-04 8.307407514973777322e-04 6.305063841033798234e-05
6.500527815467129585e+03 6.193449693964563074e-04 2.984142430684245928e-04 8.396732402436467898e-04 6.441873431065240989e-05
6.544892074650955692e+03 6.069890271751987761e-04 2.965217807593403202e-04 8.337744450678338413e-04 6.445754633459472097e-05
6.589256333834780889e+03 6.013299756589546166e-04 2.971252003630099549e-04 8.421938210065758532e-04 6.384436427777877960e-05
6.633620593018606996e+03 5.889692121849199758e-04 2.983785728355522896e-04 8.269981374729698693e-04 6.460577172292104962e-05
6.677984852202432194e+03 5.817029517597616280e-04 3.040725930352212027e-04 8.276059727644248130e-04 6.774718235464406702e-05
6.722349111386258301e+03 5.618083791242588004e-04 3.122615383961554417e-04 7.921083329299923037e-04 7.106086946298630937e-05
6.766713370570083498e+03 5.477113067415814501e-04 3.186066897371122382e-04 7.741054012231606820e-04 6.957443470355840923e-05
6.811077629753909605e+03 5.267692832045836561e-04 3.293132942972136295e-04 7.143930741853162176e-04 7.306179169466381676e-05
6.855441888937734802e+03 5.168045692547831166e-04 3.395758333326128766e-04 6.830991133610547555e-04 7.351646315926253512e-05
6.899806148121560909e+03 4.926546602445344225e-04 3.471424468369400528e-04 6.002227278135430222e-04 7.484502938573576688e-05
6.944170407305386107e+03 4.799741356800623282e-04 3.613615055988223966e-04 5.424281368015634224e-04 7.527558464181995524e-05
6.988534666489212213e+03 4.379248383374689064e-04 3.812112327436563853e-04 4.221139537551679439e-04 7.571185691958027793e-05
7.032898925673038320e+03 3.935222218513564495e-04 4.337348951279159813e-04 3.244323546334701457e-04 8.437671837039006299e-05
7.077263184856863518e+03 2.898271216042816998e-04 4.880984397667140532e-04 2.219992122600396094e-04 7.204685995394839097e-05
