# Columns: yplus tau11+ tau22+ tau33+ tau12+ | Case=jet_M12_T05 | x*=5.00
4.348309552634680442e-01 6.562874179494319893e-02 4.324535243327071502e-05 4.957064344322477389e-02 -3.784558716762471140e-04
1.273884194853420748e+00 5.461152958215813591e-01 1.229216869459266726e-03 3.460803903543044902e-01 -6.511837416444499031e-03
2.116394443614550536e+00 1.410498276450197874e+00 6.328764723990156632e-03 7.689916214910089698e-01 -2.591878779274487885e-02
2.963298320394013530e+00 2.526631162300248423e+00 1.745055932171388560e-02 1.219731183345465597e+00 -6.107606718301345633e-02
3.815634120674063379e+00 3.753966243758697807e+00 3.555653995630394387e-02 1.653390366762902852e+00 -1.100696015512242082e-01
4.674528121351749554e+00 4.984058650761499010e+00 6.030759017901365926e-02 2.052206836796698575e+00 -1.686826617108490578e-01
5.541180921434031070e+00 6.150886397386096327e+00 9.152549227718301261e-02 2.412959173102433130e+00 -2.331332132898787102e-01
6.416854990755538779e+00 7.220615685416771790e+00 1.283162574768236530e-01 2.737624805566915231e+00 -2.998892762013263824e-01
7.302864161651704933e+00 8.180752702230325468e+00 1.704673147793810961e-01 3.030748832595693720e+00 -3.668585096449314964e-01
8.200565395750912145e+00 9.032612225039752474e+00 2.170928609371410856e-01 3.296572892275341449e+00 -4.321096693236330388e-01
9.111352838370887497e+00 9.784116616303643710e+00 2.679972318694273103e-01 3.539364489582577100e+00 -4.948660291975760517e-01
1.003665395622942391e+01 1.044422203628583645e+01 3.223433793474320130e-01 3.762241351185824811e+00 -5.542247059014734356e-01
1.097792743657946879e+01 1.102144398700691674e+01 3.800482269122356649e-01 3.967929772969876812e+00 -6.101322701923594938e-01
1.193666248876660774e+01 1.152416436201504624e+01 4.403333282755848566e-01 4.158309735608380464e+00 -6.620447214739519914e-01
1.291437920769260650e+01 1.196063116895306067e+01 5.031337084415845595e-01 4.335494393248465528e+00 -7.102320202337006894e-01
1.391262970851099823e+01 1.233969049327572876e+01 5.677635548332641280e-01 4.500604131667588881e+00 -7.543774567014168708e-01
1.493299980360254153e+01 1.266940766060590029e+01 6.341732716932585445e-01 4.654510919453017870e+00 -7.945307991692518446e-01
1.597711105328123793e+01 1.295557899869296925e+01 7.018970433540508980e-01 4.797686706851411742e+00 -8.303892205143820204e-01
1.704662307349306261e+01 1.320173494613480436e+01 7.708878973840548321e-01 4.931195699710842817e+00 -8.625200800363336251e-01
1.814323602428344984e+01 1.341129783485238214e+01 8.406572488731215431e-01 5.057040400895911780e+00 -8.910499765063345512e-01
1.926869323226106445e+01 1.358759867678892164e+01 9.110910943474134216e-01 5.177171960459190814e+00 -9.169804180581887509e-01
2.042478392041918411e+01 1.373351242471740719e+01 9.818491677325462685e-01 5.292427756126689253e+00 -9.404720570325266760e-01
2.161334603172054969e+01 1.385184690354093107e+01 1.053011979670700926e+00 5.403610414661398131e+00 -9.619421633589999576e-01
2.283626914091100701e+01 1.394535870526393317e+01 1.124195042071941320e+00 5.510955877835193917e+00 -9.813910746959326747e-01
2.409549745380495622e+01 1.401579575759640406e+01 1.195610600035538873e+00 5.614760731995409593e+00 -9.994035095866214968e-01
2.539303289602507618e+01 1.406675722992441635e+01 1.267028363877836350e+00 5.714536387787019223e+00 -1.016242181213614648e+00
2.673093829471918781e+01 1.410260911964666874e+01 1.338613237917031906e+00 5.810066687813455921e+00 -1.032111668543077787e+00
2.811134065764596457e+01 1.412678676251039889e+01 1.410099156055020897e+00 5.901712776744356681e+00 -1.046949864811360431e+00
2.953643455453383737e+01 1.414113336522080111e+01 1.481717258986851471e+00 5.989698160975400754e+00 -1.061111308503450701e+00
3.100848560595084180e+01 1.414744262249789486e+01 1.553158119725966291e+00 6.074121284340816551e+00 -1.074818070639628420e+00
3.252983408517234665e+01 1.414775596108116495e+01 1.624667330410078936e+00 6.155383197421169683e+00 -1.088187743448033817e+00
3.410289863874822913e+01 1.414448566586159295e+01 1.695930924806338114e+00 6.233549591353962249e+00 -1.101265459476420183e+00
3.573018013167436635e+01 1.413835621753853999e+01 1.767075018190159996e+00 6.307124901877670275e+00 -1.114220883073547830e+00
3.741426562327762895e+01 1.412893998709078680e+01 1.838373222039392463e+00 6.374013026172822727e+00 -1.127011705587306123e+00
3.915783248013389795e+01 1.411562197613173808e+01 1.910078882692382685e+00 6.433109167136247919e+00 -1.139601523610746181e+00
4.096365263255709266e+01 1.410209643795830736e+01 1.981938193001879567e+00 6.485470887703315590e+00 -1.151695493447074448e+00
4.283459698142625172e+01 1.409038056976186937e+01 2.054152821120736050e+00 6.531620731851362827e+00 -1.164202048779547694e+00
4.477363996235651200e+01 1.408129639712822723e+01 2.126160280892872123e+00 6.571199050559889621e+00 -1.177353630634814907e+00
4.678386427446989870e+01 1.407553250153576840e+01 2.198331155013379501e+00 6.603680538389111732e+00 -1.191008988335319208e+00
4.886846578128420759e+01 1.407594770687776098e+01 2.270574159337488851e+00 6.630405112243101584e+00 -1.204680488371513869e+00
5.103075859151084614e+01 1.408385700214256175e+01 2.343031477280273389e+00 6.652810634579546800e+00 -1.218273904700902133e+00
5.327418032783963753e+01 1.409597820470291829e+01 2.416284990040248992e+00 6.671336098058618269e+00 -1.231748173147111602e+00
5.560229759208649369e+01 1.411218003507158514e+01 2.489834321587899524e+00 6.683756180517311130e+00 -1.246073704823478234e+00
5.801881163539299280e+01 1.413519903462968230e+01 2.563757078649517407e+00 6.687029084518713695e+00 -1.261480167266028518e+00
6.052756424249157874e+01 1.416971775240228659e+01 2.637444154411161978e+00 6.677723328294189464e+00 -1.278351679356092507e+00
6.313254383939218428e+01 1.421626631677318109e+01 2.711494747559197283e+00 6.656523664727357570e+00 -1.297234436239409705e+00
6.583789183419932556e+01 1.427835793394203279e+01 2.785863901397099163e+00 6.629360608148950007e+00 -1.317015998704780477e+00
6.864790920114126038e+01 1.436401316002991102e+01 2.860004522308221109e+00 6.595757663722269015e+00 -1.337723787538681375e+00
7.156706331827794543e+01 1.447665492444659030e+01 2.934745789122104931e+00 6.558315099474867793e+00 -1.360428410200489546e+00
7.459999506975809425e+01 1.460739532347847280e+01 3.009671646537726453e+00 6.517356040745315937e+00 -1.385996086706382080e+00
7.775152622391776447e+01 1.476090591685979270e+01 3.085143941987855687e+00 6.471885396140002022e+00 -1.413673500598834121e+00
8.102666709894874941e+01 1.493839242666466127e+01 3.160460968557755823e+00 6.418331051761976269e+00 -1.440410382634492059e+00
8.443062452832482734e+01 1.513591904276670519e+01 3.235058310476949917e+00 6.349643159392920566e+00 -1.467079068484275828e+00
8.796881013864843624e+01 1.535423661745173973e+01 3.309335416963926857e+00 6.268385596883899957e+00 -1.495796733503361731e+00
9.164684895307910040e+01 1.559686516873770046e+01 3.381986971103742246e+00 6.181401774715774344e+00 -1.528710694739176645e+00
9.547058833401952427e+01 1.585942038612460614e+01 3.453301698569549938e+00 6.095254082385132222e+00 -1.563809907550358202e+00
9.944610727927876326e+01 1.615112939628992095e+01 3.524364781740398911e+00 6.004095004314580208e+00 -1.603183349287539583e+00
1.035797260864896145e+02 1.647291904932358264e+01 3.595951219962391310e+00 5.898247005612767602e+00 -1.642867558744529388e+00
1.078780164011460556e+02 1.682031572875260039e+01 3.669192433611428328e+00 5.779108741797774229e+00 -1.681288694820170848e+00
1.123478116642339018e+02 1.719064368086722183e+01 3.740722173210257129e+00 5.660103548251144367e+00 -1.721309907529717353e+00
1.169962179760660490e+02 1.759198659399287124e+01 3.809454144673870335e+00 5.542923970202354944e+00 -1.762884789744796787e+00
1.218306253935919159e+02 1.802899452563936933e+01 3.876581002851591240e+00 5.426359993551925776e+00 -1.807513006310707659e+00
1.268587196791429079e+02 1.849592655199385405e+01 3.941583437726846384e+00 5.311670223257796586e+00 -1.856095866738631583e+00
1.320884945192913165e+02 1.901331078704982147e+01 4.001508753440749189e+00 5.193642338305460626e+00 -1.902201712587606508e+00
1.375282642332486205e+02 1.956653981416550181e+01 4.053738613252539480e+00 5.078148059690097860e+00 -1.948590035139724952e+00
1.431866769910072037e+02 2.013783577819439330e+01 4.106807138315796024e+00 4.975577189761660968e+00 -2.000692866400698655e+00
1.490727285622392060e+02 2.073867939293548091e+01 4.155495443470674566e+00 4.881824397765242907e+00 -2.051154733183604861e+00
1.551957766178107363e+02 2.135789816488433956e+01 4.197892659232399737e+00 4.793886462732402265e+00 -2.098632720111685224e+00
1.615655556066490135e+02 2.201932628655640301e+01 4.237922692561843618e+00 4.709748246579086306e+00 -2.154685085615322127e+00
1.681921922316118980e+02 2.270544441899958699e+01 4.274764882337212413e+00 4.625230654887444004e+00 -2.210478974504414662e+00
1.750862215489653124e+02 2.341935526807599643e+01 4.307285063600521546e+00 4.553779361109646651e+00 -2.269286264689058363e+00
1.822586037170622149e+02 2.418373224745273120e+01 4.336686346448360041e+00 4.497146335298503494e+00 -2.325307169158882470e+00
1.897207414208509135e+02 2.502357038423662772e+01 4.355750648518325718e+00 4.426195810030656652e+00 -2.371178827600661787e+00
1.974844979999140833e+02 2.586309240811045740e+01 4.359913547538893930e+00 4.348554907984251372e+00 -2.409299734325568654e+00
2.055622163088586376e+02 2.666049962432655107e+01 4.345977067149755513e+00 4.274354188374060115e+00 -2.460769867529161825e+00
2.139667383400408198e+02 2.748897711862569082e+01 4.327393275101217185e+00 4.208121943093994233e+00 -2.515714334541812924e+00
2.227114256398223233e+02 2.831549809479832192e+01 4.304328485476077049e+00 4.156434126082946712e+00 -2.567371911974329013e+00
2.318101805508159430e+02 2.908192410671661321e+01 4.275169362440243148e+00 4.108049761189498383e+00 -2.610614921280272949e+00
2.412774683138918306e+02 2.982332930008822558e+01 4.239703856986549724e+00 4.060501377172450965e+00 -2.647997680353248118e+00
2.511283400650815167e+02 3.048916179445388153e+01 4.200692730973594635e+00 4.028022047329777422e+00 -2.674981564068493967e+00
2.613784567639419265e+02 3.108281003189282643e+01 4.139817406759991769e+00 4.023645057894507104e+00 -2.700139220690060515e+00
2.720441140914218181e+02 3.157658607439172371e+01 4.068450241386966759e+00 3.996792705791686551e+00 -2.712960273805835598e+00
2.831422683568178513e+02 3.195958343637442667e+01 4.005204201073620851e+00 3.974050233556336131e+00 -2.739348710787134156e+00
2.946905634550190598e+02 3.215157497509213158e+01 3.932598533843068900e+00 3.937532439295175823e+00 -2.753301907368629564e+00
3.067073589169293655e+02 3.224541716789078549e+01 3.853324489189981161e+00 3.914266793832327007e+00 -2.778849672009776839e+00
3.192117590977425721e+02 3.217994686280804473e+01 3.779040809109368571e+00 3.867384357890970570e+00 -2.779822472618001861e+00
3.322236435496672584e+02 3.187335613643635313e+01 3.687348886629157718e+00 3.820391909878412928e+00 -2.792809496258703561e+00
3.457636986278344011e+02 3.129949676422621607e+01 3.574768538476763347e+00 3.784615228018445077e+00 -2.804767792262985449e+00
3.598534503806059206e+02 3.046992086384677734e+01 3.460846837356484240e+00 3.757688404588656272e+00 -2.816796272614008778e+00
3.745152987785776304e+02 2.937474089226758878e+01 3.358292718074205929e+00 3.721921559309195882e+00 -2.828485464836568486e+00
3.897725533405512124e+02 2.800725196335532274e+01 3.261600608347200225e+00 3.692404244517092149e+00 -2.819435595266249983e+00
4.056494702199451581e+02 2.637996830593740683e+01 3.156732624884714067e+00 3.642859099210799645e+00 -2.794877501044056523e+00
4.221712908213600031e+02 2.453463464737678734e+01 3.033194074912805682e+00 3.540957084993022530e+00 -2.758242510398804193e+00
4.393642820225025503e+02 2.260006823698861567e+01 2.900653069815923857e+00 3.411571701097482201e+00 -2.703679225292944910e+00
4.572557780753273278e+02 2.042729461977587491e+01 2.752720459684778742e+00 3.295610170032146957e+00 -2.638659635660203673e+00
4.758742242364540402e+02 1.816922079063672157e+01 2.597144940999693397e+00 3.088508268112843513e+00 -2.528902930029643947e+00
4.952492220961206044e+02 1.583100984433594860e+01 2.434074331032626937e+00 2.869881545526445699e+00 -2.398542930011540175e+00
5.154115763688367906e+02 1.342532610847551311e+01 2.248009024460901895e+00 2.681787522831412307e+00 -2.237174136630586840e+00
5.363933424543660067e+02 1.111505483343488265e+01 2.069209136386624959e+00 2.433440293541948574e+00 -2.028820102381774682e+00
5.582278731721454506e+02 8.950938297726072079e+00 1.887188897317225278e+00 2.172735424638370993e+00 -1.793177562960067473e+00
5.809498614122001072e+02 6.954359893874249465e+00 1.691448548387343376e+00 1.846158742598819069e+00 -1.540834613951670429e+00
6.045953726232040708e+02 5.166228836176225414e+00 1.493558040348348159e+00 1.534975534695027122e+00 -1.273807877175647363e+00
6.292018565980076801e+02 3.703158350871472937e+00 1.279824346806645696e+00 1.248046138236979408e+00 -1.003898222404993268e+00
6.548081214793520530e+02 2.634029178115692815e+00 1.050864785248885047e+00 9.899976551459889196e-01 -7.654715574837358538e-01
6.814542440836931974e+02 1.808704983688398826e+00 8.471428159040100825e-01 7.606250976774441286e-01 -5.668478619942461938e-01
7.091813798321367130e+02 1.239961423161118015e+00 6.655045875113654308e-01 5.580390425006102051e-01 -4.062310056152965143e-01
7.380314239343100553e+02 8.393133061691243624e-01 5.066823120144029469e-01 4.031191819195023007e-01 -2.769161813305838771e-01
7.680464652765499523e+02 5.490307550362754085e-01 3.720951412034607109e-01 2.776545834053152917e-01 -1.786576897880579606e-01
7.992679692214741181e+02 3.474717731371572693e-01 2.695940136062541792e-01 1.870924911043304606e-01 -1.083110233197388805e-01
8.317356296575884471e+02 2.086984700052372799e-01 1.941973738883362444e-01 1.264341068838103765e-01 -6.366073358987292541e-02
8.654858486837338205e+02 1.260005214906642634e-01 1.409735639130379747e-01 8.322943520401523965e-02 -3.652339659244679959e-02
9.005498375927285224e+02 7.668405208398600126e-02 1.018972169838996550e-01 5.457865492976682331e-02 -1.968702169525795784e-02
9.369513857842847528e+02 4.715280910282165783e-02 7.058150011880019725e-02 3.660303067523992121e-02 -9.562792409754264020e-03
9.747044109661350149e+02 3.008336676814481886e-02 4.814736386714094790e-02 2.371758593526318570e-02 -4.128214928702932107e-03
1.013810475436953311e+03 2.046071935710383830e-02 3.297408965248398161e-02 1.574330142660572071e-02 -1.545526750648598593e-03
1.054256515778911080e+03 1.466476959465056601e-02 2.298444388673256955e-02 1.110130116777382700e-02 -5.309878116059109669e-04
1.096013071007293547e+03 1.070113142966420787e-02 1.640238435270723744e-02 8.234980250380335640e-03 -1.719292069661790311e-04
1.139033292594966497e+03 7.966272367270869903e-03 1.206017137985885938e-02 6.325028751250843552e-03 -5.868223389395972046e-07
1.183252969974704456e+03 6.098520956397539793e-03 9.084625274774034073e-03 4.969078315161608653e-03 6.621361878543875268e-05
1.228591707655591790e+03 4.772394571492799380e-03 6.995938168683758958e-03 3.963760217621985736e-03 1.021323882574774690e-04
1.274955256541068138e+03 3.809684919389473221e-03 5.441176164881981157e-03 3.210869576441343319e-03 1.221083496073549512e-04
1.322238853756645540e+03 3.097823682310272934e-03 4.300287318923670318e-03 2.634296912872580859e-03 1.345963730864364297e-04
1.370331289185335208e+03 2.562889954521245517e-03 3.448934905644252154e-03 2.190791311921777562e-03 1.334680486359461583e-04
1.419119319179387503e+03 2.149650003230844757e-03 2.790527804334192678e-03 1.845055397957421099e-03 1.237570764173613993e-04
1.468492007593246399e+03 1.830555528783413309e-03 2.288690585284541227e-03 1.580694346779143705e-03 1.117621244811456519e-04
1.518344598409632226e+03 1.577971061134654041e-03 1.911504807355392894e-03 1.369385030846369602e-03 1.030067979504245226e-04
1.568581606254213966e+03 1.381202001302990045e-03 1.599861302195179852e-03 1.203767992846018408e-03 9.582625155389124308e-05
1.619118932875942846e+03 1.216871368150734085e-03 1.355835074329976532e-03 1.068545064087414367e-03 8.581003729831835779e-05
1.669884954421159819e+03 1.085963632216808755e-03 1.160747957639095794e-03 9.623449416266762228e-04 7.621961363655054542e-05
1.720820650871126645e+03 9.748637978210206948e-04 1.003340561315679618e-03 8.740419235902001848e-04 6.280291707740122821e-05
1.771878945477898242e+03 8.864284736813297060e-04 8.766371275407718782e-04 8.039938651421235476e-04 5.421863448977459179e-05
1.823023477500349827e+03 8.117556898751661582e-04 7.725686859932018660e-04 7.455281117621793399e-04 4.491784423713205657e-05
1.874227044901140516e+03 7.504540271899362916e-04 6.816684252389193467e-04 6.997188420810117977e-04 4.141136482040091288e-05
1.925469931957196650e+03 6.978712518767815577e-04 6.111987951844642534e-04 6.594276872463894360e-04 3.278228368463998002e-05
1.976738291888425238e+03 6.534849774155941735e-04 5.516956212991405489e-04 6.270379243959239499e-04 3.018667840277703792e-05
2.028022699771349153e+03 6.159303614150240950e-04 4.987755201120653084e-04 5.977697961213854520e-04 2.466363043477970540e-05
2.079316937520680767e+03 5.837167451520111324e-04 4.557619779881416991e-04 5.751702643372782597e-04 2.104542478647373626e-05
2.130617028343561742e+03 5.537043170534176146e-04 4.150256457231143200e-04 5.551949530787355725e-04 1.833643420239085793e-05
2.181920506503113756e+03 5.287871277915691740e-04 3.831594698879787282e-04 5.397830645051245003e-04 1.368380543109806701e-05
2.233225889715001358e+03 5.058704134672249286e-04 3.552506041877111892e-04 5.257359991670155575e-04 1.167588074721405627e-05
2.284532313976040768e+03 4.883265078581592537e-04 3.283421040924748959e-04 5.157965732882697271e-04 8.974807425483538251e-06
2.335839290947307745e+03 4.726353463687909661e-04 3.086190408850937529e-04 5.078736390600351903e-04 6.315349075185890434e-06
2.387146552978143063e+03 4.587678220335830834e-04 2.884360941660242495e-04 5.019687631471147181e-04 5.347768671708139269e-06
2.438453957812383123e+03 4.460324214365298944e-04 2.746175511494620644e-04 4.971032833748540054e-04 4.844387943889794280e-06
2.489761432126920226e+03 4.372312489168476393e-04 2.577345134187119732e-04 4.935344134670915190e-04 5.651767738872671263e-06
2.541068939270794090e+03 4.290067840591298555e-04 2.422498314018602984e-04 4.921462355883173554e-04 3.574733145539595677e-06
2.592376461477216708e+03 4.222394009847847988e-04 2.296807007219291944e-04 4.912306873337229755e-04 6.120542474492881498e-06
2.643683990393752538e+03 4.151072798952565573e-04 2.188226399918187905e-04 4.911628331615199841e-04 6.150988429059840670e-06
2.694991522212415930e+03 4.097515983115239424e-04 2.100271107453839734e-04 4.887228811058762223e-04 9.533046549502073079e-06
2.746299055249556659e+03 4.031119771377677770e-04 2.027257377300007400e-04 4.877878238416085907e-04 1.131824990856821564e-05
2.797606588783281495e+03 3.986512855383236463e-04 1.965499179667695110e-04 4.846161913828318877e-04 1.361010156550152990e-05
2.848914122513432176e+03 3.946672551614203344e-04 1.891685445735417264e-04 4.853245363366279186e-04 1.612780148582932421e-05
2.900221656318988607e+03 3.921131837553201282e-04 1.841084211202079256e-04 4.854467399819242606e-04 1.654879835852124124e-05
2.951529190152634328e+03 3.910199024838613966e-04 1.766172843441166183e-04 4.889179575159260938e-04 1.886122255209334261e-05
3.002836723996433193e+03 3.894565346734895034e-04 1.717623592590293449e-04 4.908327483081192108e-04 1.994982283797635595e-05
3.054144257843791820e+03 3.881851768742762771e-04 1.660568239010499613e-04 4.928881567260280172e-04 2.011545528936256637e-05
3.105451791692362349e+03 3.859969998800171572e-04 1.623926911318074643e-04 4.948823252360408809e-04 2.321483785447234406e-05
3.156759325541333055e+03 3.832698848426455444e-04 1.596680360832475993e-04 4.972583392139034823e-04 2.281777153224084784e-05
3.208066859390430636e+03 3.824893652160811898e-04 1.565332412120286093e-04 4.999726685381556106e-04 2.441599870475297338e-05
3.259374393239568690e+03 3.814060223500442739e-04 1.532563090058562194e-04 5.010754446829202837e-04 2.555954307504032503e-05
3.310681927088717657e+03 3.788335732825750808e-04 1.497238560120632512e-04 5.024341732084360457e-04 2.649305541684636266e-05
3.361989460937871627e+03 3.748088994478289545e-04 1.483236660452344100e-04 5.023444956287512024e-04 2.829308362342737788e-05
3.413296994787025596e+03 3.712573861928618693e-04 1.464061146211042142e-04 5.040177595032782447e-04 2.986941438909668060e-05
3.464604528636180021e+03 3.683938276848737177e-04 1.448494861205676095e-04 5.047384300002138394e-04 3.231657526626496266e-05
3.515912062485333990e+03 3.660647393477044079e-04 1.409111136514180765e-04 5.073632300399256263e-04 3.356500976310838001e-05
3.567219596334487960e+03 3.653237792963898146e-04 1.405935292117998982e-04 5.090065461534835477e-04 3.653828579187483371e-05
3.618527130183641930e+03 3.651051224415676356e-04 1.367865818115797773e-04 5.113567253591346558e-04 3.689027380787273806e-05
3.669834664032796354e+03 3.645774173976296323e-04 1.380424043659299045e-04 5.117365006166695865e-04 3.987925449074592962e-05
3.721142197881950324e+03 3.628147235859343202e-04 1.359160728366104454e-04 5.138075973087720188e-04 4.050435416369743035e-05
3.772449731731104293e+03 3.616957690325430896e-04 1.373148774408156775e-04 5.131975430245596303e-04 4.371142575822716501e-05
3.823757265580258718e+03 3.597907317626867097e-04 1.372648090158443395e-04 5.157273195820396552e-04 4.611217562459030497e-05
3.875064799429412687e+03 3.572568634807223855e-04 1.364674483772731963e-04 5.164729172381447289e-04 4.843204288188039230e-05
3.926372333278566657e+03 3.581405479517714777e-04 1.359790986165669731e-04 5.176556016897910931e-04 5.150053636068904934e-05
3.977679867127720627e+03 3.599535435542917331e-04 1.340731460799831677e-04 5.198588205083297864e-04 5.385077689955160274e-05
4.028987400976875051e+03 3.603934815074133990e-04 1.334338436356079542e-04 5.215966610839864199e-04 5.570176867400980665e-05
4.080294934826029021e+03 3.596204691884346345e-04 1.329730019193947263e-04 5.236432809037895554e-04 5.705721173288021082e-05
4.131602468675183445e+03 3.568814686754361075e-04 1.328085678496751249e-04 5.258028086004257846e-04 5.846201708828964254e-05
4.182910002524337870e+03 3.548160730065076174e-04 1.323633051414305217e-04 5.284089297901514064e-04 6.007886858951137446e-05
4.234217536373492294e+03 3.523296949063568165e-04 1.315763117736482685e-04 5.307878773631879727e-04 6.002600827401309791e-05
4.285525070222645809e+03 3.551470753167368355e-04 1.327978116928953069e-04 5.329670500921055614e-04 6.352250837769693340e-05
4.336832604071800233e+03 3.557480466652789778e-04 1.317836897814415821e-04 5.346885604850076497e-04 6.455123056966673839e-05
4.388140137920954658e+03 3.594134621009948348e-04 1.327363090517058824e-04 5.366206442655077190e-04 6.777987334562191176e-05
4.439447671770108172e+03 3.614983882998332328e-04 1.324698476295747330e-04 5.378901767685875758e-04 6.910152172614727117e-05
4.490755205619262597e+03 3.628100661711830934e-04 1.335248270154462420e-04 5.382463045976507415e-04 7.089474616721845590e-05
4.542062739468417021e+03 3.618554721026426345e-04 1.344883589900200199e-04 5.402969975357294801e-04 7.278354654047476723e-05
4.593370273317570536e+03 3.598370367223755243e-04 1.348753179724502215e-04 5.399295468406492332e-04 7.502217647042108142e-05
4.644677807166724961e+03 3.581467448266109741e-04 1.355602645447185250e-04 5.416037496636364910e-04 7.631976811048352832e-05
4.695985341015879385e+03 3.568432202835956977e-04 1.354970208821157189e-04 5.426248871910454696e-04 7.813898203042033710e-05
4.747292874865032900e+03 3.555182641561196468e-04 1.365176191407989131e-04 5.436584345187404649e-04 7.960955818526779912e-05
4.798600408714187324e+03 3.527833411705511880e-04 1.367338850643325533e-04 5.472876871169286015e-04 8.073477953073801810e-05
4.849907942563341749e+03 3.509926682647752255e-04 1.386303987035332887e-04 5.479268407506340550e-04 8.254551816348053718e-05
4.901215476412495264e+03 3.507648787664089155e-04 1.386876588372871035e-04 5.512626664509598026e-04 8.408588527927982027e-05
4.952523010261649688e+03 3.529581958518561132e-04 1.391023310964726917e-04 5.523324748834946120e-04 8.611164650310125989e-05
5.003830544110803203e+03 3.548965432006327475e-04 1.392597812898057220e-04 5.564134720976817621e-04 8.726126518955886033e-05
5.055138077959957627e+03 3.535054839721276710e-04 1.404653660244876469e-04 5.568235185845314553e-04 8.872825554770151133e-05
5.106445611809112052e+03 3.513698250267219378e-04 1.408403513320807376e-04 5.608642297875195267e-04 8.916053515041841163e-05
5.157753145658265566e+03 3.481217720990842758e-04 1.414704498447408158e-04 5.624266530909854652e-04 8.932571328284298986e-05
5.209060679507419991e+03 3.491666248597307819e-04 1.421016227118309121e-04 5.665759465484809148e-04 9.140614753186576452e-05
5.260368213356574415e+03 3.476723740631312604e-04 1.446405417443609302e-04 5.666652126768973027e-04 9.247120189714168098e-05
5.311675747205727930e+03 3.474936203621050443e-04 1.479456810925658850e-04 5.693912949961061395e-04 9.501110279945424049e-05
5.362983281054882355e+03 3.462533537564624711e-04 1.503213448339482336e-04 5.706773257669250574e-04 9.657966845575061609e-05
5.414290814904036779e+03 3.486079503797931650e-04 1.509401851174622272e-04 5.741543784012560813e-04 9.881880418431968278e-05
5.465598348753190294e+03 3.486752504132928083e-04 1.509072826317388782e-04 5.778431012945871694e-04 1.002946264603591319e-04
5.516905882602344718e+03 3.485125455911934123e-04 1.507038218847734788e-04 5.816541043095317404e-04 1.004081942054049905e-04
5.568213416451499143e+03 3.453355894764490439e-04 1.522898254337053331e-04 5.837664347106871461e-04 1.001807971103613795e-04
5.619520950300652657e+03 3.466829819510778080e-04 1.512981967811976875e-04 5.871561950043519950e-04 1.006387973131828780e-04
5.670828484149807082e+03 3.442936626508191636e-04 1.536114314299189747e-04 5.877076254869415678e-04 1.013185575063424367e-04
5.722136017998961506e+03 3.419517616188396162e-04 1.537020144344546893e-04 5.884470538990340793e-04 1.014911607692584554e-04
5.773443551848115021e+03 3.416034530688251891e-04 1.564004582409302883e-04 5.893714239224593027e-04 1.046027926195009839e-04
5.824751085697269446e+03 3.410255467478647104e-04 1.591188049348245541e-04 5.896763334603940870e-04 1.063474809005521309e-04
5.876058619546422960e+03 3.431584997025712426e-04 1.602082107911304357e-04 5.909711094226313601e-04 1.079673923090590905e-04
5.927366153395577385e+03 3.470333484442519227e-04 1.612314820340115444e-04 5.925891060784800124e-04 1.103970297772329868e-04
5.978673687244731809e+03 3.474403166691476851e-04 1.621898143130073801e-04 5.946658718774993149e-04 1.120977507605618533e-04
6.029981221093885324e+03 3.467699685022999239e-04 1.626557266089414925e-04 5.964637603971539729e-04 1.132405843337307415e-04
6.081288754943039748e+03 3.427137741696997244e-04 1.630070575926659130e-04 5.984931027429825964e-04 1.125973968920492750e-04
6.132596288792194173e+03 3.410612755386780619e-04 1.637960508446981503e-04 6.003090196798816815e-04 1.145055650836888824e-04
6.183903822641347688e+03 3.381587004851980280e-04 1.634391586586812230e-04 6.026421054201237153e-04 1.146807121999178486e-04
6.235211356490502112e+03 3.391812406079870159e-04 1.657427952908039422e-04 6.053369754930841432e-04 1.169246557356777192e-04
6.286518890339656537e+03 3.383571097766229722e-04 1.666647882859666283e-04 6.082753781334245555e-04 1.169976521105925942e-04
6.337826424188810051e+03 3.390962490943487113e-04 1.679817689549866161e-04 6.096185294721715407e-04 1.178098398670041324e-04
6.389133958037964476e+03 3.360040518627173444e-04 1.670044308054740602e-04 6.106173228221057833e-04 1.166469162799819770e-04
6.440441491887118900e+03 3.359036213840010834e-04 1.691939890804470387e-04 6.100399419606305270e-04 1.188180734206767647e-04
6.491749025736272415e+03 3.318223578281445109e-04 1.716152651264868617e-04 6.093486301896838646e-04 1.196908094947740425e-04
6.543056559585426839e+03 3.277848667946089262e-04 1.734502767872342333e-04 6.077542199835881580e-04 1.195460929791173087e-04
6.594364093434581264e+03 3.278059008278397550e-04 1.752498036148732294e-04 6.071540620242586077e-04 1.222941278996511074e-04
6.645671627283735688e+03 3.277719453287011994e-04 1.789670762833023569e-04 6.038639160883387067e-04 1.244109817050409179e-04
6.696979161132890113e+03 3.286842174564861261e-04 1.800591924072642935e-04 6.019046582904378963e-04 1.265518739159449829e-04
6.748286694982043628e+03 3.301323499833343765e-04 1.799758074240140121e-04 6.003434931511552556e-04 1.276200103101987409e-04
6.799594228831198052e+03 3.306319975639537096e-04 1.808595600836100626e-04 6.035234134931725513e-04 1.294292381804724936e-04
6.850901762680352476e+03 3.303252616426896843e-04 1.812385941497181286e-04 6.078421527142474287e-04 1.298062408107385072e-04
6.902209296529505991e+03 3.280919818758546835e-04 1.814681153349889870e-04 6.145823933084889864e-04 1.294329025862755935e-04
6.953516830378660416e+03 3.267118131189064990e-04 1.835915395917393029e-04 6.184629409047720256e-04 1.304930060198656759e-04
7.004824364227813930e+03 3.261471213978330225e-04 1.852367390080169175e-04 6.243461300361926583e-04 1.316164428981627874e-04
7.056131898076968355e+03 3.278989745069416377e-04 1.872993600236551315e-04 6.279371350274484936e-04 1.340866079786677393e-04
7.107439431926122779e+03 3.238019212010942731e-04 1.866441018750387569e-04 6.347860204857794448e-04 1.322957486151905555e-04
7.158746965775276294e+03 3.219541993184627774e-04 1.867204112176423228e-04 6.366709535017393579e-04 1.318536798646999914e-04
7.210054499624430719e+03 3.215964343638667085e-04 1.880720378902077470e-04 6.428438212943417100e-04 1.325185835405680334e-04
7.261362033473585143e+03 3.229405586010600693e-04 1.890693663943378722e-04 6.454062639290504425e-04 1.334449425259750513e-04
7.312669567322738658e+03 3.256695406879398435e-04 1.897726258032848693e-04 6.542156098227402483e-04 1.355459884593088876e-04
7.363977101171893082e+03 3.268503536422356697e-04 1.902910690126843050e-04 6.570564528273773125e-04 1.370640642220711028e-04
7.415284635021047507e+03 3.256698929741791405e-04 1.909495353832086229e-04 6.659032080053483215e-04 1.375602280756546938e-04
7.466592168870201021e+03 3.246273631408016298e-04 1.918826571027004756e-04 6.655064542078854492e-04 1.376946377169939852e-04
7.517899702719355446e+03 3.244985455074897614e-04 1.907393194342851936e-04 6.724687403022314765e-04 1.361822952963052762e-04
7.569207236568509870e+03 3.223892531565471231e-04 1.913294411483909129e-04 6.680194718939355507e-04 1.362220392367826305e-04
7.620514770417663385e+03 3.252126368457275906e-04 1.909205282994764531e-04 6.757489388078105662e-04 1.372864004883365312e-04
7.671822304266817810e+03 3.229217690507939610e-04 1.889576802119734310e-04 6.638024425551943258e-04 1.343827072979771335e-04
7.723129838115972234e+03 3.225812421757645837e-04 1.924482509762472017e-04 6.657473350150659892e-04 1.345051355295190723e-04
7.774437371965125749e+03 3.158069906832823895e-04 1.983227900400057360e-04 6.406681703360804720e-04 1.356532381396334844e-04
7.825744905814280173e+03 3.103462463532993864e-04 2.038952431958079728e-04 6.293976758966495942e-04 1.362107602149165695e-04
7.877052439663433688e+03 3.013367963988458804e-04 2.132048697354669284e-04 5.848166594814244862e-04 1.394678942038073794e-04
7.928359973512588112e+03 3.014260293847569809e-04 2.196941764711293364e-04 5.611162734947022128e-04 1.422165172724762581e-04
7.979667507361742537e+03 2.924249205745705705e-04 2.250851603271064941e-04 4.948835605945273945e-04 1.417078753081586675e-04
8.030975041210896052e+03 2.970788298036897818e-04 2.340180887216410717e-04 4.487331877257184757e-04 1.450030437698176795e-04
8.082282575060050476e+03 2.708290802712268316e-04 2.484785978681170490e-04 3.486532698169616173e-04 1.405125480615779720e-04
8.133590108909204901e+03 2.406560688748665656e-04 2.868205786350888674e-04 2.671609263421766958e-04 1.472374539427701327e-04
8.184897642758358415e+03 1.702414339999498412e-04 3.341544222837459751e-04 1.813084930292753981e-04 1.441631282689279179e-04
