# Columns: yplus tau11+ tau22+ tau33+ tau12+ | Case=jet_M08_T05 | x*=20.00
4.114938180606569351e-01 3.052000806001256214e-02 8.357557696442666296e-06 1.486259910515225734e-02 -1.200836745773416268e-04
1.205515533708369835e+00 2.692810671908231757e-01 2.689301255437217012e-04 1.084263619091033748e-01 -2.450390698671834570e-03
2.002808722754421122e+00 7.348365421630783656e-01 1.553299822344949470e-03 2.516757507031127661e-01 -1.100980405243238459e-02
2.804259736229753219e+00 1.399274976021266603e+00 4.742179433236139684e-03 4.170558084969678281e-01 -2.931096491746820049e-02
3.610851144871559892e+00 2.208933805418419105e+00 1.055755312529490716e-02 5.889966404374643583e-01 -5.912966707983096509e-02
4.423648778917892876e+00 3.093489062839291481e+00 1.934008679246421517e-02 7.589863543496133680e-01 -9.987685946867326525e-02
5.243788801890122642e+00 3.982989848922630305e+00 3.130569428145719285e-02 9.233207621008399091e-01 -1.495465779594279399e-01
6.072465927564143051e+00 4.820957396984722365e+00 4.634535863644942411e-02 1.080372920830263483e+00 -2.051593909018950279e-01
6.910923475619602740e+00 5.569240496286137265e+00 6.444406463163013243e-02 1.229900182169141098e+00 -2.639962051015545264e-01
7.760445580303765745e+00 6.207027170043536657e+00 8.533589129105551008e-02 1.371758261937367607e+00 -3.234830508944521177e-01
8.622351563925173323e+00 6.727920013354586004e+00 1.089793274264297396e-01 1.506243477461479907e+00 -3.818418014463614840e-01
9.497992281851290741e+00 7.135742902855172431e+00 1.350859312791805877e-01 1.633385527328542697e+00 -4.376199369341455814e-01
1.038874813439586653e+01 7.440597010813982060e+00 1.636207964707973583e-01 1.753391946707116178e+00 -4.900486365708904279e-01
1.129602840586142776e+01 7.655591045689154939e+00 1.942863307956456398e-01 1.866246869034674072e+00 -5.385585496901048597e-01
1.222127160849594496e+01 7.794685398955447653e+00 2.270463840960466884e-01 1.972097040826885639e+00 -5.830402741445628312e-01
1.316594655628992427e+01 7.871054594435785923e+00 2.615986168532406508e-01 2.070920987244172284e+00 -6.234424630142931800e-01
1.413155395194952746e+01 7.896319132030122034e+00 2.978965325054322433e-01 2.162754953373147604e+00 -6.599778949841642595e-01
1.511962832754232444e+01 7.880259370175288325e+00 3.356468715072108977e-01 2.247607411793520971e+00 -6.928451463455893578e-01
1.613174022834311216e+01 7.831073867273078193e+00 3.747693671566406093e-01 2.325635073841946454e+00 -7.223465767151172612e-01
1.716949856774671446e+01 7.755654284448293190e+00 4.149584502068626168e-01 2.397014760218236784e+00 -7.487247944919076525e-01
1.823455310898559389e+01 7.659937818502330131e+00 4.561245409598819189e-01 2.462029807702043716e+00 -7.722942942506013653e-01
1.932859704844319637e+01 7.548929504024692427e+00 4.979562043480818545e-01 2.521047945460990647e+00 -7.933363526344422434e-01
2.045336968769858643e+01 7.426641904045217402e+00 5.403669816839195006e-01 2.574550185907784172e+00 -8.121521556451363200e-01
2.161065918906465910e+01 7.296238898477430901e+00 5.830526798109864073e-01 2.622991116005733314e+00 -8.290145270986053472e-01
2.280230541390357146e+01 7.160425462999336688e+00 6.259395182979040628e-01 2.666797353865894227e+00 -8.441474473358868691e-01
2.403020284559554298e+01 7.021537195348287241e+00 6.687660934890093944e-01 2.706503313096181973e+00 -8.577592282037562743e-01
2.529630360049471705e+01 6.881631278984002620e+00 7.114753086228252643e-01 2.742466909101204831e+00 -8.699980745218083289e-01
2.660262053102814761e+01 6.742220706266172314e+00 7.538575807171877807e-01 2.774756355597512769e+00 -8.810216749851079721e-01
2.795123042557904469e+01 6.604583338023811478e+00 7.958860664466012036e-01 2.803316032404076896e+00 -8.909262322721089866e-01
2.934427731011090401e+01 6.469577363849126961e+00 8.373550778168931119e-01 2.828172489508645526e+00 -8.998991069024646627e-01
3.078397585672499659e+01 6.337870561221445875e+00 8.782441445908748534e-01 2.849457124020824850e+00 -9.080346932564016260e-01
3.227261490454672099e+01 6.209846111853019046e+00 9.183502160209188192e-01 2.867437207937924892e+00 -9.155208324232813055e-01
3.381256109852892422e+01 6.085691519166470442e+00 9.576647935303276293e-01 2.882452268040736953e+00 -9.224460276805801495e-01
3.540626265195327704e+01 5.965453604346943273e+00 9.960399485340286629e-01 2.894683118085932705e+00 -9.290087568342675350e-01
3.705625323861030296e+01 5.849647992863267199e+00 1.033498209830275183e+00 2.904145755270283846e+00 -9.352667537108410034e-01
3.876515602084496948e+01 5.738455763158696321e+00 1.069984617369813762e+00 2.910704895356386324e+00 -9.413261823612224521e-01
4.053568781987179648e+01 5.632746800280751032e+00 1.105513530934487898e+00 2.914496245253693996e+00 -9.471934321966616332e-01
4.237066343498928944e+01 5.533028470751268024e+00 1.139967856454150219e+00 2.915828219773669350e+00 -9.528857005389214097e-01
4.427300011856024042e+01 5.439623040855226854e+00 1.173310334817451839e+00 2.915162368610549226e+00 -9.584335205848203421e-01
4.624572221387258963e+01 5.352492081747644903e+00 1.205390398389895257e+00 2.913065099980805872e+00 -9.637112031111176869e-01
4.829196596325365221e+01 5.272154975388799514e+00 1.236260016894465519e+00 2.910356461508089243e+00 -9.687281266406073676e-01
5.041498449408215521e+01 5.197981651543691406e+00 1.265899092202702914e+00 2.907862273562431987e+00 -9.732954574531368364e-01
5.261815299062445916e+01 5.128908992127474420e+00 1.294428714742171804e+00 2.906031163184111588e+00 -9.774794382550685556e-01
5.490497405991766300e+01 5.063680828198159567e+00 1.321804594781125441e+00 2.904471229157973511e+00 -9.809653398798432455e-01
5.727908330022950167e+01 5.001742081113957461e+00 1.348257530591761677e+00 2.902274444009928178e+00 -9.841419229985424177e-01
5.974425508094886084e+01 4.943129577905581939e+00 1.373725499150786566e+00 2.898879635460209769e+00 -9.872179392783982932e-01
6.230440854309465948e+01 4.888231513623016333e+00 1.398498322027102780e+00 2.894174181983918626e+00 -9.906760847944080517e-01
6.496361382998385636e+01 4.836805622297875473e+00 1.422472177390373460e+00 2.888882438522596630e+00 -9.937990722661371734e-01
6.772609855796333989e+01 4.789904121035108986e+00 1.445864983015062277e+00 2.883282130185989445e+00 -9.965142867372190905e-01
7.059625453749282542e+01 4.748991626070800720e+00 1.468563050789684965e+00 2.877704557342590341e+00 -9.985471338290313748e-01
7.357864475526493209e+01 4.713730877004354447e+00 1.490897821788726763e+00 2.871765377413157072e+00 -1.000040746124552404e+00
7.667801062846142202e+01 4.683151456408341851e+00 1.512877182628707740e+00 2.865766920008851582e+00 -1.001279860751137063e+00
7.989927954267935206e+01 4.656839580160425207e+00 1.534750001991597834e+00 2.859284572491754606e+00 -1.002811807866795801e+00
8.324757268551039147e+01 4.633660190268327206e+00 1.556449147143511125e+00 2.852304716199489665e+00 -1.004953396403444943e+00
8.672821318822789749e+01 4.613366480233489497e+00 1.577899113817573307e+00 2.844127261588441424e+00 -1.008018857260633228e+00
9.034673458852401495e+01 4.596592773659422981e+00 1.599001472072727026e+00 2.835093328787839706e+00 -1.011822108918057239e+00
9.410888962775297273e+01 4.582013559458087748e+00 1.619569567530731558e+00 2.823624216323478375e+00 -1.014853386568421278e+00
9.802065939666445615e+01 4.566567169047030639e+00 1.639731029579382104e+00 2.808839991727584362e+00 -1.016476468883058093e+00
1.020882628441684119e+02 4.550121163398809898e+00 1.659257019194822602e+00 2.790362181567676902e+00 -1.016409695385916301e+00
1.063181666642472010e+02 4.535026770694976506e+00 1.678175984372929141e+00 2.770310550038897812e+00 -1.015535859161328824e+00
1.107170955767347920e+02 4.522952297128775889e+00 1.696300481178927955e+00 2.751729321062611255e+00 -1.014291111988643079e+00
1.152920430183058045e+02 4.514750172930658501e+00 1.714891190335029458e+00 2.735479246710766255e+00 -1.013844318179964343e+00
1.200502822606723043e+02 4.507747041305730562e+00 1.733638749771455156e+00 2.720561675887324338e+00 -1.015070775349645960e+00
1.249993779736633570e+02 4.500529128221685049e+00 1.753116821214268706e+00 2.708682619800732549e+00 -1.018541087360686381e+00
1.301471982515705008e+02 4.495325685033712659e+00 1.773272828256162947e+00 2.699964479013993390e+00 -1.022705197884736128e+00
1.355019271218792198e+02 4.494489280487766081e+00 1.794060101303503130e+00 2.692414910826198327e+00 -1.027438087049394433e+00
1.410720775562718927e+02 4.497954290617558470e+00 1.815057361701759797e+00 2.684676234275583884e+00 -1.031790200075683117e+00
1.468665050045876512e+02 4.503935389892599339e+00 1.835213849942542330e+00 2.677994464942688335e+00 -1.034944940631248755e+00
1.528944214732563864e+02 4.506515849234241422e+00 1.854000260862529892e+00 2.674126424159104509e+00 -1.037451937673233404e+00
1.591654101705867390e+02 4.507125823652466501e+00 1.871130432220728279e+00 2.672393985447777176e+00 -1.039854353650344176e+00
1.656894407421935398e+02 4.507899884275876623e+00 1.888617905643610317e+00 2.668257630148144877e+00 -1.041027571914723060e+00
1.724768851207845159e+02 4.507049227837158334e+00 1.907584350247376603e+00 2.661067498528952857e+00 -1.042665886951138932e+00
1.795385340155047231e+02 4.509530625716112517e+00 1.927793049156448335e+00 2.652278041849357670e+00 -1.045064761294237643e+00
1.868856140670537798e+02 4.522453786637520068e+00 1.947643646150247987e+00 2.643101235647995928e+00 -1.047354576055936848e+00
1.945298056958490918e+02 4.545279246999057499e+00 1.965898632215710817e+00 2.633973089778115284e+00 -1.049012481691206089e+00
2.024832616716100233e+02 4.572896174202061736e+00 1.980021605641356874e+00 2.631088496069836857e+00 -1.049556515295882786e+00
2.107586264338848991e+02 4.598970977489809542e+00 1.990060722799836146e+00 2.631516854944313977e+00 -1.049039588205773255e+00
2.193690561942370323e+02 4.624280790912213668e+00 1.996514421787141336e+00 2.628778050412689193e+00 -1.049063293829312515e+00
2.283282398520485685e+02 4.645618220101376039e+00 2.000102325183319429e+00 2.617866283584071585e+00 -1.050845879670510463e+00
2.376504207571932170e+02 4.676259037263600149e+00 2.005368850788578516e+00 2.604277892551519091e+00 -1.053203569613556656e+00
2.473504193541783707e+02 4.703425862013674852e+00 2.010428308691392107e+00 2.594989288247421921e+00 -1.053854113904911127e+00
2.574436567437567760e+02 4.723936611352682391e+00 2.013358810532821064e+00 2.578742517842868232e+00 -1.052407779935020216e+00
2.679461791994704072e+02 4.757831778849408444e+00 2.013043100813819208e+00 2.553605262092112582e+00 -1.044508308103704985e+00
2.788746836781147067e+02 4.797239550422847110e+00 2.012360138785858066e+00 2.535001809992310395e+00 -1.039506847316940430e+00
2.902465443647103029e+02 4.824351556801303786e+00 2.013291578754423661e+00 2.518819114172723417e+00 -1.033031041635720237e+00
3.020798402942594976e+02 4.848807365182970841e+00 2.013187692290381303e+00 2.507308155373482617e+00 -1.031138458581368322e+00
3.143933840943838049e+02 4.852465718448081944e+00 2.012878296568430425e+00 2.486889545646298938e+00 -1.024878315341922308e+00
3.272067518949597229e+02 4.868241172873159606e+00 2.007493713325307905e+00 2.463203774670367885e+00 -1.024537505850801056e+00
3.405403144532228339e+02 4.888375190913634150e+00 1.995489983952847490e+00 2.437712025682070127e+00 -1.024520369919956986e+00
3.544152695457191840e+02 4.896848180712425780e+00 1.975411024117481595e+00 2.412199794017504839e+00 -1.019359894109533204e+00
3.688536756822506391e+02 4.904267503300228981e+00 1.951400995374470204e+00 2.391357358249360576e+00 -1.006855394092633693e+00
3.838784872018788406e+02 4.886633291906195886e+00 1.928020222924930582e+00 2.364232723923845647e+00 -9.986732973570187077e-01
3.995135908169609138e+02 4.870505647812871430e+00 1.903769310076981247e+00 2.341843899523162520e+00 -9.910759972236610205e-01
4.157838436763847199e+02 4.839743736577581501e+00 1.880320072143638832e+00 2.310185083539750384e+00 -9.823088862661149001e-01
4.327151130178997391e+02 4.845248254647159136e+00 1.860180689908802254e+00 2.259217158150248039e+00 -9.780122126427932550e-01
4.503343174569137659e+02 4.850265983146133664e+00 1.830178519775606860e+00 2.198327911359690301e+00 -9.702975815413918959e-01
4.686694698826662489e+02 4.840713869880307385e+00 1.803368574145842729e+00 2.138905143066087255e+00 -9.653961374229023118e-01
4.877497217376532603e+02 4.829298494973264688e+00 1.766568960972815683e+00 2.083644468239581826e+00 -9.584251031845770763e-01
5.076054080260378782e+02 4.776954551116926240e+00 1.725178944242028667e+00 2.008504429742715924e+00 -9.515903537390152378e-01
5.282680915398594834e+02 4.722172450899344121e+00 1.665568227262083090e+00 1.947617086969004152e+00 -9.288817766879837734e-01
5.497706032208971010e+02 4.653967604654671852e+00 1.608189608509428270e+00 1.873169276167437447e+00 -9.132831849183888906e-01
5.721470729051139870e+02 4.589974263760934647e+00 1.542323977310606553e+00 1.796395255831239712e+00 -8.880808549391084883e-01
5.954329404756626900e+02 4.493860955452752215e+00 1.487354007320837557e+00 1.719949789200778456e+00 -8.659046936243087744e-01
6.196649312636978948e+02 4.413243513723679179e+00 1.416455224368518007e+00 1.598698484574474499e+00 -8.480496794906081659e-01
6.448809711850717576e+02 4.247444376692863344e+00 1.339221781418701740e+00 1.475603710264832280e+00 -8.132894729652125898e-01
6.711200068721699381e+02 4.027038834143400692e+00 1.253705827642735082e+00 1.373229992554693801e+00 -7.814939759279097009e-01
6.984216850418589502e+02 3.738117832332871870e+00 1.179528972384448871e+00 1.245476037386434420e+00 -7.445954008233863775e-01
7.268258356931924027e+02 3.426756160743474222e+00 1.102326617046979429e+00 1.123030029011208741e+00 -6.899142309463286438e-01
7.563716987656783886e+02 3.099888484659306442e+00 1.018341476903382725e+00 9.989947248516510836e-01 -6.358964091547021358e-01
7.870968377987504709e+02 2.705626367612625760e+00 9.366440449836187510e-01 8.842584144840800464e-01 -5.829685085049013393e-01
8.190357012107104993e+02 2.299024442964548776e+00 8.582056770884295416e-01 7.780534339838139912e-01 -5.230763055446410181e-01
8.522178252015296493e+02 1.890686199363687647e+00 7.734323237833942155e-01 6.671521264470199331e-01 -4.593505997552437270e-01
8.866657224069771246e+02 1.507171084966379526e+00 6.845606730279394370e-01 5.617236593311760728e-01 -3.811785307438948500e-01
9.223925635790984643e+02 1.142972364807994801e+00 6.079045881761164782e-01 4.573937201034625200e-01 -3.151403473499623797e-01
9.593998271688604973e+02 8.483829167488313727e-01 5.135600375855974287e-01 3.667114684535939806e-01 -2.511602743963661233e-01
9.976751508648546860e+02 5.750219913640103320e-01 4.315384030523332637e-01 2.817134022248433678e-01 -1.823768163388067853e-01
1.037190654837143484e+03 3.832053959108324137e-01 3.414404034550023725e-01 2.071423893915623760e-01 -1.285602267680211463e-01
1.077902004893169078e+03 2.481786891743309187e-01 2.612522315022449693e-01 1.501272399309467320e-01 -9.038210906334218087e-02
1.119748436611384022e+03 1.428076837984818548e-01 1.960107097036737911e-01 9.455297327549774811e-02 -5.467944535662036531e-02
1.162653869282465848e+03 9.134979031594611665e-02 1.472151262701583696e-01 6.176251874622187138e-02 -2.726815093147543986e-02
1.206529112106810999e+03 6.299899878639836359e-02 1.031455209489881009e-01 4.082902416381838789e-02 -1.243071025225182639e-02
1.251275024775542306e+03 4.473474139205713823e-02 7.138710938542067175e-02 2.342514602836038781e-02 -6.078513175315508436e-03
1.296786365757226349e+03 3.299781537659049468e-02 4.864892216472674336e-02 1.424126733665555776e-02 -2.432321687101823664e-03
1.342955969128141305e+03 2.401075596108994542e-02 3.313099745062685064e-02 9.375210264427771487e-03 -8.364784287031952134e-04
1.389678852624391084e+03 1.786627494097312377e-02 2.356225841991418241e-02 6.700833145722031453e-03 -4.369772446673622851e-04
1.436855882426284097e+03 1.342583660523232261e-02 1.747766291601884556e-02 4.967123061006676644e-03 -3.076866482631246532e-04
1.484396697806791281e+03 1.032348861208603336e-02 1.328320856560314886e-02 3.805944697251637410e-03 -1.919021558377733024e-04
1.532221714021548451e+03 8.053124377661717917e-03 1.024398036724854556e-02 2.969102205026950651e-03 -1.550207933210119809e-04
1.580263151229563164e+03 6.354760423105642632e-03 8.002874618971245885e-03 2.373221686610464242e-03 -9.659131344892459589e-05
1.628465156983904535e+03 5.088086205817868302e-03 6.332042868471696000e-03 1.920624503171942379e-03 -7.813855142467077987e-05
1.676783181119688606e+03 4.113458729328945719e-03 5.062588714157391888e-03 1.591105853531180189e-03 -3.687024709627665151e-05
1.725182814356683821e+03 3.371436145239294774e-03 4.088278119384924567e-03 1.333077110822747683e-03 -2.813305389479040783e-05
1.773638314575869117e+03 2.781382264333151066e-03 3.330571518285680484e-03 1.144354447416399056e-03 -5.313430884242341669e-06
1.822131024186138802e+03 2.330842518029663073e-03 2.737040121492872666e-03 9.935524250284028577e-04 -1.239415210571975573e-06
1.870647839556439749e+03 1.962359589650027915e-03 2.272640033917577330e-03 8.841695608156154886e-04 1.281078162768437273e-05
1.919179841593732363e+03 1.682126118568326749e-03 1.902325297638054677e-03 7.938310507807064048e-04 1.905271206008481155e-05
1.967721145933931439e+03 1.442057389853853037e-03 1.608751398053511871e-03 7.279326882848044045e-04 2.791046961513320721e-05
2.016267989216455362e+03 1.261537268912209632e-03 1.368992417810948898e-03 6.721980954073815840e-04 3.355836118321276612e-05
2.064818038039162275e+03 1.101926704866691741e-03 1.176269163972960830e-03 6.304510816477962428e-04 4.060727492693858861e-05
2.113369889671097553e+03 9.820005858150731171e-04 1.023965301213256756e-03 5.950425138279125635e-04 4.592675139636866253e-05
2.161922726479652283e+03 8.729497248965547088e-04 8.945486491236967442e-04 5.677255356064173347e-04 4.898013435970297838e-05
2.210476086334781485e+03 7.908693642958463440e-04 7.876457883705171008e-04 5.462483323744692478e-04 5.225844969067152068e-05
2.259029715950489845e+03 7.156206271978866537e-04 6.989539413212851214e-04 5.293176235928142822e-04 5.441883178687136790e-05
2.307583480705422971e+03 6.612738952100657812e-04 6.242317851627836875e-04 5.161502314545750661e-04 5.835100427841317217e-05
2.356137311211683937e+03 6.059385841125860834e-04 5.609507597108786799e-04 5.047198213805994312e-04 5.883493460031036378e-05
2.404691172785348954e+03 5.661312161936819798e-04 5.085682949524951944e-04 4.967713373264836044e-04 6.123473178605905339e-05
2.453245048613164727e+03 5.253458498881717533e-04 4.633277105395950746e-04 4.882247234370541786e-04 6.120101610317700482e-05
2.501798930790964732e+03 4.967287380819298756e-04 4.249121102558278511e-04 4.834948388239551772e-04 6.274664416043305494e-05
2.550352815715137694e+03 4.659066057649861132e-04 3.902340958219201053e-04 4.772142737678091514e-04 6.266701151302060029e-05
2.598906701792392141e+03 4.439431016541204255e-04 3.628105194318192572e-04 4.740883126303768323e-04 6.392115663770794485e-05
2.647460588339579772e+03 4.209189148059952761e-04 3.408792388474667480e-04 4.677150231999511326e-04 6.519934165743861143e-05
2.696014475072651294e+03 4.049214038515620904e-04 3.223167343017823653e-04 4.645048527199035007e-04 6.700162181749295422e-05
2.744568361877081770e+03 3.867309438295408954e-04 3.036132733765301212e-04 4.594719327692338472e-04 6.666133101300754924e-05
2.793122248708093593e+03 3.739501945128217660e-04 2.875492628779155696e-04 4.569994178137408328e-04 6.750142846495988530e-05
2.841676135548713319e+03 3.596827705825556671e-04 2.726134145234697490e-04 4.537589005428367683e-04 6.830141582505747436e-05
2.890230022392702722e+03 3.512639803336679639e-04 2.596406341641430203e-04 4.535437937315573050e-04 7.010286672113729810e-05
2.938783909237838088e+03 3.407179794464404942e-04 2.472617052685464477e-04 4.508928678180521119e-04 7.063632240377555778e-05
2.987337796083352259e+03 3.344322650624220565e-04 2.367631488446008390e-04 4.511666815452134642e-04 7.116245246780876542e-05
3.035891682928986484e+03 3.243955325560262423e-04 2.269535335926611114e-04 4.494357229321619242e-04 7.019035710342479682e-05
3.084445569774659361e+03 3.185133457420388173e-04 2.180636748248757507e-04 4.501196760174635972e-04 6.934711387816048080e-05
3.132999456620342244e+03 3.102804085241407488e-04 2.122291610765922266e-04 4.491971340770532003e-04 6.903078008595875522e-05
3.181553343466030583e+03 3.050018077729479797e-04 2.061089327992747110e-04 4.499431567518390055e-04 6.920323146049049841e-05
3.230107230311718467e+03 2.977293198470693436e-04 2.010346277840313026e-04 4.498575236362494997e-04 6.829901199733959553e-05
3.278661117157406352e+03 2.928352573120123251e-04 1.959164869307072616e-04 4.496416585585672984e-04 6.887141180202760264e-05
3.327215004003094236e+03 2.872902752364182876e-04 1.923838875113259236e-04 4.486507388555911659e-04 6.932584225873949634e-05
3.375768890848782121e+03 2.834189534364678679e-04 1.887948342554505781e-04 4.470399327875981799e-04 7.023759901448200398e-05
3.424322777694470005e+03 2.783336146314465071e-04 1.862113613926261754e-04 4.454257022377418047e-04 7.015977409479147160e-05
3.472876664540157890e+03 2.756953494232295093e-04 1.819096662691472850e-04 4.431451606433022493e-04 7.001815914616191260e-05
3.521430551385845774e+03 2.719950695874699285e-04 1.779834518631793810e-04 4.428380637601523544e-04 6.901687808363930580e-05
3.569984438231533659e+03 2.701563667055326590e-04 1.751357799404630806e-04 4.431210574434020196e-04 6.954791226049426779e-05
3.618538325077221543e+03 2.680092508202420055e-04 1.721100259221808283e-04 4.449457950538543796e-04 6.952798119717362756e-05
3.667092211922909428e+03 2.656638535118202690e-04 1.680538538654184871e-04 4.479491058962252773e-04 6.962895451803167719e-05
3.715646098768597767e+03 2.640491908232476983e-04 1.630356946697535646e-04 4.517536044723450585e-04 6.831863012378440101e-05
3.764199985614285652e+03 2.626644470816987204e-04 1.601750481590475002e-04 4.553568280486809151e-04 6.891736767189790948e-05
3.812753872459973536e+03 2.613440471831499621e-04 1.561090426856701085e-04 4.585634532837579071e-04 6.763097471965811029e-05
3.861307759305661421e+03 2.608556103536547113e-04 1.533918772081350784e-04 4.613607953118903609e-04 6.792352782811871676e-05
3.909861646151349760e+03 2.601999139885415014e-04 1.507687849660682916e-04 4.633141432249201943e-04 6.775957752001205054e-05
3.958415532997037644e+03 2.603365653540204439e-04 1.481918731805118006e-04 4.665545158967476769e-04 6.852652539072518921e-05
4.006969419842725983e+03 2.595534330183498417e-04 1.436268864057761415e-04 4.688903181364669501e-04 6.826295019285399631e-05
4.055523306688413868e+03 2.585611089457071445e-04 1.424008220251924003e-04 4.724086560525192296e-04 6.896391216396416390e-05
4.104077193534101752e+03 2.561398032385494672e-04 1.414338438808503704e-04 4.723165343750632648e-04 6.831050372274687880e-05
4.152631080379789637e+03 2.538096661280216343e-04 1.418932012142605633e-04 4.725033507310565420e-04 6.811193794491605643e-05
4.201184967225477521e+03 2.513298880359922946e-04 1.426302061167969513e-04 4.700997620379360892e-04 6.803689280816979884e-05
4.249738854071165406e+03 2.503110076244454232e-04 1.437881834013867148e-04 4.695538349504510588e-04 6.860002259348302030e-05
4.298292740916853290e+03 2.479470105130578616e-04 1.431263336276302541e-04 4.670963146364914636e-04 6.769751564865021578e-05
4.346846627762541175e+03 2.460784255182545273e-04 1.421869483853342513e-04 4.665005321199328157e-04 6.669426031185855764e-05
4.395400514608229059e+03 2.439053230293930193e-04 1.406297142285694061e-04 4.639965510756250138e-04 6.550617812295695557e-05
4.443954401453916944e+03 2.436816141747042720e-04 1.412199170813024636e-04 4.623824137784299823e-04 6.628895012989548230e-05
4.492508288299604828e+03 2.443245555966919451e-04 1.412337844629817638e-04 4.606780633754029171e-04 6.710679385061735366e-05
4.541062175145292713e+03 2.458432107760542547e-04 1.417729052314997012e-04 4.591438449377302608e-04 6.816268973877397835e-05
4.589616061990980597e+03 2.468910140142044070e-04 1.396303713791441695e-04 4.585100169157030228e-04 6.774900183668198855e-05
4.638169948836668482e+03 2.489168421612536161e-04 1.367779291542076570e-04 4.586268251448872148e-04 6.757219923334009475e-05
4.686723835682356366e+03 2.495662344280818751e-04 1.338473470482844053e-04 4.598108743598844665e-04 6.677389399114207983e-05
4.735277722528044251e+03 2.509159919212534604e-04 1.307221279850339475e-04 4.616775297186636999e-04 6.668964681709902494e-05
4.783831609373733045e+03 2.517131506742208559e-04 1.288521746774547031e-04 4.647976322248165279e-04 6.765793498741021444e-05
4.832385496219420929e+03 2.531355353253002369e-04 1.264999073556166633e-04 4.673926004204569107e-04 6.884890124591944844e-05
4.880939383065108814e+03 2.517653629619758361e-04 1.248429977057043030e-04 4.713741232896904044e-04 6.959347362609756571e-05
4.929493269910796698e+03 2.523638910182904771e-04 1.243884067419511982e-04 4.741944234632060632e-04 7.063247992808275948e-05
4.978047156756484583e+03 2.501134969437113827e-04 1.227619010763463902e-04 4.785595467342151216e-04 6.915214057229953292e-05
5.026601043602172467e+03 2.492936861005726635e-04 1.216607077675208579e-04 4.817030913753956320e-04 6.860111076181073665e-05
5.075154930447860352e+03 2.469386000236944534e-04 1.214536180696272209e-04 4.845116212366515004e-04 6.780799387432894258e-05
5.123708817293548236e+03 2.474534565528875812e-04 1.208066262426274251e-04 4.862091362866338131e-04 6.797472828077402208e-05
5.172262704139236121e+03 2.473023211275645608e-04 1.204859463122720693e-04 4.882233581602092587e-04 6.881717005953919301e-05
5.220816590984924005e+03 2.485567351567896481e-04 1.194506173668090316e-04 4.903067478356136705e-04 6.875602299800575234e-05
5.269370477830611890e+03 2.482608630183392854e-04 1.190862227529264334e-04 4.919677187557373833e-04 6.880524405117496953e-05
5.317924364676299774e+03 2.491508842989196377e-04 1.191353769520538575e-04 4.933175167090193824e-04 6.876501223712267494e-05
5.366478251521987659e+03 2.491555731211593993e-04 1.185065496934675766e-04 4.935569254459568761e-04 6.891536257330014583e-05
5.415032138367675543e+03 2.490410747859698733e-04 1.176685321965281517e-04 4.946699486405335211e-04 6.776435784481608612e-05
5.463586025213363428e+03 2.477205857451581536e-04 1.175589608175346939e-04 4.946389894479698898e-04 6.745869337052774512e-05
5.512139912059051312e+03 2.478387501604083004e-04 1.178694810123893900e-04 4.953682138227890556e-04 6.849158305356862022e-05
5.560693798904739197e+03 2.464754860564866319e-04 1.175541333393302792e-04 4.960347672012581583e-04 6.904290187880093692e-05
5.609247685750427081e+03 2.466349287351767873e-04 1.165779856771316904e-04 4.958665729851904078e-04 6.989383205269726618e-05
5.657801572596114966e+03 2.469904724613213053e-04 1.161397323521344690e-04 4.969207459326099299e-04 7.045518663292987013e-05
5.706355459441802850e+03 2.487655661449786294e-04 1.173029577047638507e-04 4.956447461511442887e-04 7.261446321194977422e-05
5.754909346287490735e+03 2.505463982953234090e-04 1.183383378712800983e-04 4.945374705090841393e-04 7.330554021452729001e-05
5.803463233133178619e+03 2.525968670205700904e-04 1.201351568091714022e-04 4.925737140463139945e-04 7.549956147069024359e-05
5.852017119978867413e+03 2.532384597573554812e-04 1.208596835673525456e-04 4.925616106889299560e-04 7.681941151553238185e-05
5.900571006824555297e+03 2.531332100269503165e-04 1.203180085027835016e-04 4.919192471503493983e-04 7.655663710988998142e-05
5.949124893670243182e+03 2.533902378733166776e-04 1.186181762706739148e-04 4.936431764236362150e-04 7.542952124210691657e-05
5.997678780515931066e+03 2.534759450814270932e-04 1.189969814855111613e-04 4.940321708109990688e-04 7.506164619718288578e-05
6.046232667361618951e+03 2.553697679759858383e-04 1.178999945485078161e-04 4.966096204785604195e-04 7.442893592015202011e-05
6.094786554207306835e+03 2.573024780998652505e-04 1.183924884687718201e-04 4.977540512158207470e-04 7.570320099756608801e-05
6.143340441052994720e+03 2.583285530443909335e-04 1.182408793790466111e-04 5.015554818766831870e-04 7.596518327293791807e-05
6.191894327898682604e+03 2.567405226898316684e-04 1.181805300247691068e-04 5.040587051007895409e-04 7.655045429000306711e-05
6.240448214744371398e+03 2.546400497907216095e-04 1.174998744299159077e-04 5.082626283758438649e-04 7.644302087100923921e-05
6.289002101590059283e+03 2.547023228429923453e-04 1.191246480033464773e-04 5.105482441097475982e-04 7.764875367832301098e-05
6.337555988435747167e+03 2.548173953212314892e-04 1.177563712246860030e-04 5.140505419660452296e-04 7.738681868437702577e-05
6.386109875281435052e+03 2.547735674978743987e-04 1.181453125693242523e-04 5.150450273906676413e-04 7.792795759277749436e-05
6.434663762127122936e+03 2.548872795876646257e-04 1.162941311928868441e-04 5.177304673582564703e-04 7.755149597743123417e-05
6.483217648972810821e+03 2.558206750008002904e-04 1.167397906180097896e-04 5.193090292436131983e-04 7.806325488779145710e-05
6.531771535818498705e+03 2.546127516635570071e-04 1.160179212941775140e-04 5.235143199109745446e-04 7.749871816939974518e-05
6.580325422664186590e+03 2.533608349096138300e-04 1.161931420027017154e-04 5.259740893245889743e-04 7.703014232801620698e-05
6.628879309509874474e+03 2.527250637021700888e-04 1.149280654124956459e-04 5.309868907908263033e-04 7.661903384004490822e-05
6.677433196355562359e+03 2.548162751533224841e-04 1.163073465155924882e-04 5.329659489712941685e-04 7.799845137026534996e-05
6.725987083201250243e+03 2.585963926389418018e-04 1.165427238608220822e-04 5.375358670468924089e-04 7.954260940217522543e-05
6.774540970046938128e+03 2.622994261574816623e-04 1.176578780345646942e-04 5.380883598910961340e-04 7.999527404187419032e-05
6.823094856892626012e+03 2.642833719559682811e-04 1.170143697382863352e-04 5.425452307598792670e-04 7.991271190144930657e-05
6.871648743738313897e+03 2.647336223830395975e-04 1.172303688383558680e-04 5.420579665780432760e-04 8.028154166728939051e-05
6.920202630584001781e+03 2.645323067031851954e-04 1.165898561981097979e-04 5.491403163609207948e-04 8.022048197252387703e-05
6.968756517429689666e+03 2.633798148065207576e-04 1.156539798048323735e-04 5.484009006167461049e-04 7.969228752213036726e-05
7.017310404275377550e+03 2.643651619961772357e-04 1.159950492666102039e-04 5.558790613605425236e-04 8.010104436430674085e-05
7.065864291121065435e+03 2.651601403734678568e-04 1.161427269950804825e-04 5.521543952657050535e-04 8.037891032104054845e-05
7.114418177966753319e+03 2.687669403733429236e-04 1.151490591694383155e-04 5.587706450300178882e-04 8.163501924395240620e-05
7.162972064812441204e+03 2.688295972769101107e-04 1.150936269820338408e-04 5.485954681880100912e-04 8.112501308627401457e-05
7.211525951658129998e+03 2.689243799729459862e-04 1.152946327006326602e-04 5.498610663842819820e-04 8.180624518547476986e-05
7.260079838503817882e+03 2.631611584866642051e-04 1.172574658331859010e-04 5.309241006089089002e-04 8.181557733886638635e-05
7.308633725349505767e+03 2.557622752672529293e-04 1.206791449275674524e-04 5.224209563701331547e-04 8.263007818346130553e-05
7.357187612195193651e+03 2.447493237997318705e-04 1.267458908116608936e-04 4.906547906327989039e-04 8.348508251720234482e-05
7.405741499040881536e+03 2.386289558504534817e-04 1.295266984452742790e-04 4.724297454664565352e-04 8.379504156861867104e-05
7.454295385886569420e+03 2.336529429255072246e-04 1.337752953101448942e-04 4.293224235611832452e-04 8.430377676479593988e-05
7.502849272732257305e+03 2.406530109556109993e-04 1.363847513509499905e-04 4.029950592030371800e-04 8.778730329649151018e-05
7.551403159577945189e+03 2.349742120561144931e-04 1.401124228998218673e-04 3.463980133513446468e-04 8.691975137702998423e-05
7.599957046423633074e+03 2.382098932082187285e-04 1.478095130256744535e-04 3.050186798152836011e-04 9.080066082088244161e-05
7.648510933269320958e+03 2.077984090510435848e-04 1.575668065165638089e-04 2.293608906890834279e-04 8.774249025324379119e-05
7.697064820115008843e+03 1.742311731177207128e-04 1.833857486263560223e-04 1.706159052868974938e-04 9.414457591733575161e-05
7.745618706960696727e+03 1.165140215612042816e-04 2.055424197395784808e-04 1.134247734074435472e-04 9.343628304121079429e-05
