# Columns: yplus tau11+ tau22+ tau33+ tau12+ | Case=jet_M16_T05 | x*=20.00
4.203156966492162527e-01 3.271707463147432299e-02 9.272215556194865886e-06 1.449594797342542742e-02 -1.270024828299812117e-04
1.231360178775261049e+00 2.895615980369616871e-01 2.833613321572620762e-04 1.047998300258606852e-01 -2.599850450888791919e-03
2.045746270325652372e+00 7.910729826663489561e-01 1.624345370073475465e-03 2.414265229049462058e-01 -1.169350999059780988e-02
2.864379324515178293e+00 1.505194415954382636e+00 4.929809823396470204e-03 3.972674447196586911e-01 -3.102248734030963254e-02
3.688262977087036543e+00 2.369722907708568194e+00 1.091928739834782495e-02 5.575507990750863119e-01 -6.233151546766742268e-02
4.518485908257924955e+00 3.304041341511129382e+00 1.990864013556489787e-02 7.146418668768586002e-01 -1.047448963440684860e-01
5.356208639379643976e+00 4.229815548912513989e+00 3.210358153369272799e-02 8.655422584162110189e-01 -1.560092866227776320e-01
6.202651497297872574e+00 5.086651433940488687e+00 4.738017247172295054e-02 1.009049555350793215e+00 -2.127658892626638487e-01
7.059084456807791064e+00 5.837293822688868872e+00 6.571791366722885830e-02 1.145122353242918889e+00 -2.721735657365940697e-01
7.926819182282082821e+00 6.465316695287383730e+00 8.682613480783075988e-02 1.273527790692103201e+00 -3.315727663927527380e-01
8.807203280539807722e+00 6.969171465266887466e+00 1.106295874919464295e-01 1.394414565969972486e+00 -3.893886975359659997e-01
9.701616567485674025e+00 7.356612008323479834e+00 1.367859095644047840e-01 1.507758541221634330e+00 -4.442718342350966410e-01
1.061146903737490810e+01 7.639976668598293941e+00 1.652237815550917643e-01 1.613819348007767385e+00 -4.957223891237715341e-01
1.153820018768571209e+01 7.832931722516241813e+00 1.956020909504161687e-01 1.712671938634881874e+00 -5.432322086874445954e-01
1.248327937044989433e+01 7.949012490529558939e+00 2.278820665330183459e-01 1.804567876925042835e+00 -5.868158860982420899e-01
1.344820688907074313e+01 8.000968220120556751e+00 2.617569215782899472e-01 1.889697426648852874e+00 -6.263459009734423377e-01
1.443451561931872718e+01 8.000555387943313335e+00 2.972246596517156836e-01 1.968423469380913282e+00 -6.620399748777349158e-01
1.544377299158211159e+01 7.958410598571154182e+00 3.339986132115423390e-01 2.041009052806323609e+00 -6.940135193006652381e-01
1.647758322153151411e+01 7.883757074100111062e+00 3.720449488555945816e-01 2.107889613092253533e+00 -7.225956485671687357e-01
1.753758971551889800e+01 7.784458276842829427e+00 4.110932527822241389e-01 2.169433975137510906e+00 -7.480185625582731479e-01
1.862547760549988851e+01 7.666796782609462291e+00 4.510731770597300461e-01 2.226048339984760815e+00 -7.705823263296788239e-01
1.974297638772993224e+01 7.535836957113050794e+00 4.916852719498460700e-01 2.278024840378451099e+00 -7.905165966779760245e-01
2.089186265209398030e+01 7.395538712947037574e+00 5.328300356726456410e-01 2.325570682709970249e+00 -8.080641909313663884e-01
2.207396289671977385e+01 7.248898650419572043e+00 5.742290853856064636e-01 2.368780625236706960e+00 -8.234743121329267668e-01
2.329115642714298318e+01 7.098077769917561675e+00 6.157540048454358539e-01 2.407773317627671439e+00 -8.369927776086419913e-01
2.454537834194054113e+01 6.944687996208466885e+00 6.571371929051282867e-01 2.442835970627562414e+00 -8.490500149313210398e-01
2.583862260823739376e+01 6.790133989810477999e+00 6.982601554094116647e-01 2.474349178820901773e+00 -8.599400373462680047e-01
2.717294523133179140e+01 6.635734489989919105e+00 7.389057357081536548e-01 2.502561153903948732e+00 -8.700196275127315415e-01
2.855046752317975844e+01 6.482674883758818396e+00 7.789671330165941487e-01 2.527683615904293024e+00 -8.792085812830854330e-01
2.997337947480163933e+01 6.332099849580447248e+00 8.182717914642099188e-01 2.549793397295454955e+00 -8.875787855450110175e-01
3.144394323791452095e+01 6.185396319668886811e+00 8.567620028479884242e-01 2.568912708264710520e+00 -8.948943184036645127e-01
3.296449672130167841e+01 6.044177412073233668e+00 8.942975180440582150e-01 2.585149218382653657e+00 -9.013251237446354702e-01
3.453745730762700816e+01 5.909404959320785800e+00 9.308435082901014290e-01 2.598738797320240046e+00 -9.067646058151289656e-01
3.616532569659938900e+01 5.781438056336477338e+00 9.663818974682447660e-01 2.610106055163590622e+00 -9.115541301798448792e-01
3.785068988059587269e+01 5.660211475349885113e+00 1.000891854140183002e+00 2.619816502019580273e+00 -9.156273306884354923e-01
3.959622925906320035e+01 5.545253053974968260e+00 1.034338958913527229e+00 2.628418286318431996e+00 -9.192737254655128920e-01
4.140471889823890450e+01 5.435792138376569049e+00 1.066694044007991726e+00 2.635990601171832370e+00 -9.222688876062590246e-01
4.327903394296393458e+01 5.331690748013824255e+00 1.097917732071894026e+00 2.641799050573405694e+00 -9.249298003045747230e-01
4.522215418760056593e+01 5.233357470911912834e+00 1.127985567572578729e+00 2.644793070879980501e+00 -9.270703183090002186e-01
4.723716881332281048e+01 5.140956452262522625e+00 1.156956348750248553e+00 2.644760473194796013e+00 -9.291604437009917117e-01
4.932728129931020078e+01 5.054197317995127392e+00 1.184845599708169939e+00 2.642601523811209052e+00 -9.310718211461215255e-01
5.149581451565330070e+01 4.972733389620454858e+00 1.211725835358328895e+00 2.639244824786110222e+00 -9.331012655244124154e-01
5.374621600606715077e+01 4.895943219155817872e+00 1.237539791563843528e+00 2.634796858999310487e+00 -9.349765050438079150e-01
5.608206346881176074e+01 4.822416839566334268e+00 1.262395434014351725e+00 2.629301197426257453e+00 -9.366669166143796188e-01
5.850707044453239547e+01 4.751198804040574153e+00 1.286243750798972352e+00 2.623051678477134274e+00 -9.377657316540818355e-01
6.102509222006320044e+01 4.682620823129487242e+00 1.309222984535020506e+00 2.616246814221161010e+00 -9.385931011933013046e-01
6.364013195757900121e+01 4.616815720026591130e+00 1.331256298622972789e+00 2.609439697972435468e+00 -9.390014537673110340e-01
6.635634705884051243e+01 4.553993767245940738e+00 1.352463469357965353e+00 2.602619794825560273e+00 -9.392384466700676171e-01
6.917805577465009037e+01 4.494854914819398140e+00 1.372779533214548042e+00 2.595371259245272011e+00 -9.392086826010900280e-01
7.210974407002569819e+01 4.440145056624478670e+00 1.392150904028103486e+00 2.587005378654117838e+00 -9.392074105778829285e-01
7.515607275600831372e+01 4.389162502152890610e+00 1.410640265492869139e+00 2.577857231592361575e+00 -9.386289459852790173e-01
7.832188489943973764e+01 4.342987511684942348e+00 1.428258727638002101e+00 2.568694977799209855e+00 -9.377261965510695907e-01
8.161221352249184235e+01 4.300462342991646203e+00 1.445404139648946762e+00 2.560325204854124959e+00 -9.367199630369533736e-01
8.503228960418736904e+01 4.260575867691223984e+00 1.462075983787788358e+00 2.552138151817670231e+00 -9.358940493053247156e-01
8.858755039663391528e+01 4.223584485308171210e+00 1.478781494102684224e+00 2.543999185812087838e+00 -9.353789403387698931e-01
9.228364806919086050e+01 4.188888734860703345e+00 1.495143681066284591e+00 2.534956942494778431e+00 -9.349092877141671476e-01
9.612645869431374024e+01 4.155865912547369589e+00 1.511639298568879353e+00 2.523702680357728489e+00 -9.345780594044207357e-01
1.001220915893600818e+02 4.121834225698662202e+00 1.528060754662232901e+00 2.510115792587586547e+00 -9.340261401787325335e-01
1.042768990292093036e+02 4.086613453988574562e+00 1.545165351320439751e+00 2.497012413750724580e+00 -9.331533193951772054e-01
1.085974863451371561e+02 4.053537540659158722e+00 1.562242696491576766e+00 2.486147178983963979e+00 -9.327535284358511314e-01
1.130907224260010935e+02 4.025254544738112727e+00 1.579749243821836124e+00 2.476559786398552898e+00 -9.327475944506550265e-01
1.177637506384298263e+02 4.002280726925881993e+00 1.596689137204168718e+00 2.467270713626272816e+00 -9.325268000372333166e-01
1.226240001833795077e+02 3.983380499835596833e+00 1.613145456425919999e+00 2.459396524242774440e+00 -9.319372096360348801e-01
1.276791979071102077e+02 3.966133552929255401e+00 1.628285189126674748e+00 2.451283889824067419e+00 -9.305217550352289368e-01
1.329373805853602164e+02 3.949387320956371017e+00 1.642905292501491754e+00 2.442831542381902032e+00 -9.287613649452783893e-01
1.384069077002480412e+02 3.932144685177535681e+00 1.656654707213691236e+00 2.437241337404395747e+00 -9.264927065676124007e-01
1.440964747302138846e+02 3.910571611713724582e+00 1.670875052305401232e+00 2.433778827187221605e+00 -9.224330943278038486e-01
1.500151269741296858e+02 3.890903818486560528e+00 1.686378385935351609e+00 2.427789497560735921e+00 -9.184914546726727913e-01
1.561722739315557078e+02 3.876249056227907719e+00 1.703641319848671065e+00 2.421036200488024814e+00 -9.152660702884197752e-01
1.625777042620041470e+02 3.868644019536252365e+00 1.721420506980942289e+00 2.414818462959102963e+00 -9.139344881810095300e-01
1.692416013469938605e+02 3.868035343338792398e+00 1.739500058954422501e+00 2.408271378333037394e+00 -9.122521535302388074e-01
1.761745594796352066e+02 3.869182698744076720e+00 1.757744893545701181e+00 2.396971674527843987e+00 -9.112518969429155291e-01
1.833876007074841255e+02 3.865500075117414891e+00 1.777083351669673794e+00 2.383551300024628006e+00 -9.083977737170902955e-01
1.908921923554422619e+02 3.858208002632420808e+00 1.796566284471372787e+00 2.375283417388943885e+00 -9.027285301252095939e-01
1.987002652565607548e+02 3.849674198108175016e+00 1.815479259224302533e+00 2.369699273836856079e+00 -8.961798971776272493e-01
2.068242327197318673e+02 3.839250018972073963e+00 1.832431505442104314e+00 2.369742833186918141e+00 -8.898461825762418176e-01
2.152770102644220458e+02 3.830261627046632533e+00 1.849867944369988582e+00 2.374111833153105700e+00 -8.835017340395338037e-01
2.240720361538220970e+02 3.831132075694183126e+00 1.865117152927266542e+00 2.376088507015448048e+00 -8.787145912660698777e-01
2.332232927590579834e+02 3.835001220580140924e+00 1.880679611382569005e+00 2.375481254823561983e+00 -8.731870991915383629e-01
2.427453287884262920e+02 3.842994480791074086e+00 1.893805775445432937e+00 2.369053394582664840e+00 -8.668140027939246206e-01
2.526532824169963476e+02 3.846622285306066313e+00 1.904452543961464572e+00 2.362548621396868498e+00 -8.620777683534384117e-01
2.629629053533516299e+02 3.856509208792818555e+00 1.913400602219741176e+00 2.353748466957789720e+00 -8.610843177783558122e-01
2.736905878817356097e+02 3.884203668789389496e+00 1.923020847284508283e+00 2.339835662794354398e+00 -8.611142716477157011e-01
2.848533849194261052e+02 3.914071976525917762e+00 1.932879003799333084e+00 2.329682831984388969e+00 -8.571764047476850834e-01
2.964690431307960807e+02 3.952154862611961583e+00 1.942220429716352781e+00 2.317916852775682379e+00 -8.546611647270973000e-01
3.085560291412436413e+02 4.009825823120345412e+00 1.949289457196199615e+00 2.301897100103810434e+00 -8.524616707230223689e-01
3.211335588960332643e+02 4.063406065859265226e+00 1.951894820969729771e+00 2.291593586777683988e+00 -8.542019567834145954e-01
3.342216282111543251e+02 4.111893101730975886e+00 1.955459556851345537e+00 2.287106976113266743e+00 -8.531091960516721251e-01
3.478410445657061132e+02 4.176624222759956595e+00 1.961309724454153081e+00 2.273166030714031116e+00 -8.528769726739074963e-01
3.620134601882891729e+02 4.261230553941302901e+00 1.966524565531878821e+00 2.251964705254102750e+00 -8.515064228293159898e-01
3.767614064937326930e+02 4.329037958278154186e+00 1.973323280732965035e+00 2.243666519034377860e+00 -8.514138422173648246e-01
3.921083299315103545e+02 4.405052541476599970e+00 1.980586864608611997e+00 2.240007759114120311e+00 -8.539453537300988328e-01
4.080786293132308060e+02 4.501476066212813265e+00 1.989819630182201315e+00 2.217281153322208986e+00 -8.546438591548026764e-01
4.246976946918984481e+02 4.606409326570529039e+00 1.992727555826449004e+00 2.214439112301598733e+00 -8.522689827318904454e-01
4.419919478643370212e+02 4.716070770903287190e+00 1.989643212000539396e+00 2.210812861152166242e+00 -8.528226250573487377e-01
4.599888845451634438e+02 4.870884605220222596e+00 1.977514023183102099e+00 2.196510755670197490e+00 -8.565762920236920097e-01
4.787171181825974600e+02 5.041771028906419261e+00 1.965829281741420242e+00 2.171789699622080239e+00 -8.581347658419730129e-01
4.982064251871785245e+02 5.221155389442634132e+00 1.949714986919310888e+00 2.141034296106758994e+00 -8.687629242912845440e-01
5.184877909050967446e+02 5.371223939645973999e+00 1.941963533888915183e+00 2.108173386234919455e+00 -8.776197679721446931e-01
5.395934547925527340e+02 5.538382686458649395e+00 1.921008645873152565e+00 2.075578334814893289e+00 -8.842103489130810345e-01
5.615569516429258101e+02 5.714597532343773878e+00 1.892809594431057230e+00 2.037153833331294628e+00 -8.869960774167870987e-01
5.844131429903382013e+02 5.847271020354886772e+00 1.861488922060211992e+00 2.003954815841568315e+00 -9.005456788539617508e-01
6.081982285017658114e+02 5.962882558065290439e+00 1.816043818943004373e+00 1.942366397955628710e+00 -9.110804149739125668e-01
6.329497208504773198e+02 6.024720030864094689e+00 1.777340713829973495e+00 1.899004653589776659e+00 -9.301750579146000897e-01
6.587063590333731327e+02 6.053706818033733228e+00 1.730592061129608616e+00 1.865215189250839511e+00 -9.390387110538930271e-01
6.855079246466884797e+02 6.045942086590387454e+00 1.677063460974046682e+00 1.817682336701675450e+00 -9.367203958475799341e-01
7.133949143800165302e+02 5.955559034207842828e+00 1.612069606121541598e+00 1.747186568963490894e+00 -9.385046448977856226e-01
7.424080121344636609e+02 5.833102720463808843e+00 1.551839553273078209e+00 1.647379182420652288e+00 -9.491487026786091796e-01
7.725872991015006619e+02 5.676273204942810402e+00 1.484831825845524200e+00 1.556721159462254089e+00 -9.419587568660677812e-01
8.039711441327426655e+02 5.456097120814407120e+00 1.411960256222826837e+00 1.467587904554464417e+00 -9.282963056764579335e-01
8.365947341746306165e+02 5.104976730079187952e+00 1.357840308626617309e+00 1.374834857709121394e+00 -9.148427213375733835e-01
8.704882386438665662e+02 4.643247746619191929e+00 1.298069707945727513e+00 1.274495606409134174e+00 -8.750012386524466113e-01
9.056746528171020145e+02 4.100010281735575468e+00 1.223264180220043018e+00 1.151204509872497450e+00 -8.174385843541461805e-01
9.421674298097384508e+02 3.572481994341810907e+00 1.166974337845798848e+00 1.021688671912430291e+00 -7.776340936565466766e-01
9.799680797687595941e+02 3.035004772333170564e+00 1.089248737449738602e+00 9.404055828872949219e-01 -7.025645386749229671e-01
1.019063975351289514e+03 2.506802598338995658e+00 9.923567534223328712e-01 8.345301721831596131e-01 -6.206777089383638257e-01
1.059426639021024585e+03 2.015227065978193011e+00 9.014076542576214823e-01 7.008750916092821859e-01 -5.429564219469755759e-01
1.101010786119453542e+03 1.533134653463874786e+00 8.061151255495457857e-01 5.775196890591195453e-01 -4.445755225951358858e-01
1.143754349516881575e+03 1.108509268839962925e+00 7.011645549226355190e-01 4.746295507106754186e-01 -3.583783146752379523e-01
1.187579617435058253e+03 7.885103561658921567e-01 6.023547105585305150e-01 3.726695422993327456e-01 -2.759614096445440201e-01
1.232395486942604066e+03 5.366472114120323100e-01 5.057196924499375301e-01 2.805005507229312856e-01 -2.126336299272204022e-01
1.278100692294657392e+03 3.477863045566292333e-01 4.126011814300311054e-01 2.091597749097559023e-01 -1.457431361264883707e-01
1.324587735721727313e+03 2.258925621507308912e-01 3.162108786179174680e-01 1.457419283459640280e-01 -9.059252836080454452e-02
1.371747153805630660e+03 1.445561494459481067e-01 2.270828010447621670e-01 9.239436019103165754e-02 -5.347069967367304444e-02
1.419471713602763430e+03 9.253414953630266504e-02 1.596927801321287865e-01 5.720604823283848006e-02 -2.740983040884568608e-02
1.467660155996569983e+03 6.281849681881397640e-02 1.111419024756574031e-01 3.763870572471689907e-02 -1.416522479763887218e-02
1.516220183046561260e+03 4.467854276678792647e-02 7.786916329451597230e-02 2.463248826344761541e-02 -7.614713770017429544e-03
1.565070503817607687e+03 3.264111765757191780e-02 5.115235395234010024e-02 1.710144222538270004e-02 -4.136209657078539215e-03
1.614141885359334083e+03 2.321399024265204114e-02 3.422117683725724169e-02 1.092944085214319488e-02 -1.793339304149542054e-03
1.663377277822846281e+03 1.675236809867778481e-02 2.363199468107874887e-02 7.528341367876990181e-03 -5.315657415336775713e-04
1.712731175947148358e+03 1.214443154187265332e-02 1.703758652772996082e-02 5.537775372104931926e-03 -3.332937554951893801e-04
1.762168432762937300e+03 9.046114692477298658e-03 1.257383422290077497e-02 4.209855821389208580e-03 -2.012473244017487831e-04
1.811662754274496365e+03 6.831138858085322035e-03 9.519740141412266071e-03 3.306781016007239761e-03 -1.639135551219808953e-04
1.861195082896852909e+03 5.300433073896894907e-03 7.317959511636671147e-03 2.637958112864493936e-03 -8.709009902000139434e-05
1.910752034074582298e+03 4.146560960972859103e-03 5.729176097387198019e-03 2.161284164528497025e-03 -5.960874656756020971e-05
1.960324497501186897e+03 3.333196786102009083e-03 4.529909458580343336e-03 1.788275679170323908e-03 -2.012130904282727456e-05
2.009906462659664612e+03 2.689495601126671090e-03 3.641158500895410027e-03 1.517328566666265640e-03 -9.851271882686899131e-06
2.059494085508002172e+03 2.226708015056276524e-03 2.954499936353600312e-03 1.297790949341851496e-03 1.532210505215456353e-05
2.109084982619028779e+03 1.849344285673834793e-03 2.428891151843827739e-03 1.137260093888770203e-03 1.426369468115158755e-05
2.158677721189108979e+03 1.570960845930728829e-03 2.009260116561798534e-03 1.003715614061089379e-03 2.847089139268485126e-05
2.208271466056681220e+03 1.341768020945341726e-03 1.689719487709493784e-03 9.046377369422305657e-04 2.836793640444109689e-05
2.257865745184248681e+03 1.172606639453014059e-03 1.437711973267972228e-03 8.190861571070358338e-04 4.070377116167545766e-05
2.307460299855702488e+03 1.027364786013903065e-03 1.231787913962551721e-03 7.547638091323072545e-04 4.020012270470250634e-05
2.357054992563585529e+03 9.167735421022587660e-04 1.062970960824446802e-03 6.997400921656139186e-04 4.804199092571308330e-05
2.406649752432417245e+03 8.210428279644977614e-04 9.277494346196659509e-04 6.568471321811552438e-04 4.706422994273698593e-05
2.456244544034697356e+03 7.495869995810544324e-04 8.135726132937705140e-04 6.196713999884563345e-04 5.382715780673943506e-05
2.505839350196717078e+03 6.845774274301906492e-04 7.190922729852464472e-04 5.910182269354905937e-04 5.463507273483128845e-05
2.555434162844857383e+03 6.338945794652413876e-04 6.425718408562803132e-04 5.674949742176051181e-04 5.818804099257703495e-05
2.605028978298248148e+03 5.843564893212761660e-04 5.777142935505677566e-04 5.490406783715057670e-04 5.876471718075215853e-05
2.654623794929441829e+03 5.475780378906200657e-04 5.236641320796740946e-04 5.352057997103930364e-04 6.069622038754627567e-05
2.704218612040642711e+03 5.105835521310898720e-04 4.779090348222816628e-04 5.226519788506234481e-04 6.116704812862636131e-05
2.753813429341712890e+03 4.836868186304842457e-04 4.378735866636252589e-04 5.140767885042776342e-04 6.434001058947555560e-05
2.803408246715671794e+03 4.574037445761307296e-04 4.017458306435467939e-04 5.048024984896625758e-04 6.314522018252209624e-05
2.853003064116781843e+03 4.364779211370999751e-04 3.739475133214063395e-04 4.968984254756359095e-04 6.579905464771804364e-05
2.902597881527706249e+03 4.161706969713109550e-04 3.506621006077323887e-04 4.878707563593704289e-04 6.530728476992204274e-05
2.952192698942071729e+03 4.011099421230565143e-04 3.293390234202757004e-04 4.801484904160867122e-04 6.708689729310903763e-05
3.001787516357608638e+03 3.880368125143558960e-04 3.094769327186400513e-04 4.731553590057069499e-04 6.712907888113468400e-05
3.051382333773532082e+03 3.763434335039658632e-04 2.907030830962810072e-04 4.691191223158833797e-04 6.783123141611678716e-05
3.100977151189578308e+03 3.639018900676859207e-04 2.738867504385242963e-04 4.657645319330709090e-04 6.780921759223032671e-05
3.150571968605663642e+03 3.527656716120630026e-04 2.613716246669459250e-04 4.651387708921336881e-04 6.714690285772633631e-05
3.200166786021759890e+03 3.435952670708857307e-04 2.507833258867829735e-04 4.647047797827240975e-04 6.781587363165046158e-05
3.249761603437860686e+03 3.339024954980753662e-04 2.395413638677148919e-04 4.658376655132782538e-04 6.717114363985624622e-05
3.299356420853961481e+03 3.277176874562299559e-04 2.293876471615431364e-04 4.659286159426178210e-04 6.710559766492699119e-05
3.348951238270062731e+03 3.200567830958627184e-04 2.235707074727577885e-04 4.672136508423716016e-04 6.726392711614177507e-05
3.398546055686163527e+03 3.145295327827068652e-04 2.184341972195101350e-04 4.649799538312672465e-04 6.814590772929043450e-05
3.448140873102264322e+03 3.092484940785513239e-04 2.128357124622899611e-04 4.634624736959321858e-04 6.945198373158076950e-05
3.497735690518365573e+03 3.036575415502083060e-04 2.078094289893161995e-04 4.600620716797745977e-04 7.011691592487295137e-05
3.547330507934466368e+03 2.976818419538910447e-04 2.027130626543421996e-04 4.591269750855072598e-04 6.890324522302897681e-05
3.596925325350567164e+03 2.936176116658447419e-04 1.977506780600361608e-04 4.559210446330196932e-04 6.897867780534966430e-05
3.646520142766668414e+03 2.903112792879701575e-04 1.934303851462582254e-04 4.545437355317784572e-04 6.935034084617571111e-05
3.696114960182769209e+03 2.865195302906229356e-04 1.896141938133587312e-04 4.517465195941349648e-04 6.904949948261834738e-05
3.745709777598870005e+03 2.833831177633048116e-04 1.856371025984658813e-04 4.514428391707542396e-04 6.824433384449547042e-05
3.795304595014970801e+03 2.793971670258689607e-04 1.821743305719049810e-04 4.501163811766984118e-04 6.783210508021048047e-05
3.844899412431072051e+03 2.768535557965597907e-04 1.772445085365561125e-04 4.508085481605086540e-04 6.702428152004551653e-05
3.894494229847172846e+03 2.729349438693457592e-04 1.741242518369527691e-04 4.500457493557895967e-04 6.654079639699653681e-05
3.944089047263273642e+03 2.717768346290067439e-04 1.695216398985153930e-04 4.519998737981561392e-04 6.591679637921945710e-05
3.993683864679375347e+03 2.685372957999239505e-04 1.660084799996062923e-04 4.524620441746060226e-04 6.542740072017891773e-05
4.043278682095476597e+03 2.669407448017660132e-04 1.622009500615192415e-04 4.553567230586354491e-04 6.441057383808832242e-05
4.092873499511577393e+03 2.643893435448521991e-04 1.601489690237990402e-04 4.558508506517474951e-04 6.392244330143316165e-05
4.142468316927678643e+03 2.631944809068291306e-04 1.592701203614265662e-04 4.595836840820646568e-04 6.321065760178114744e-05
4.192063134343778984e+03 2.622513433177951119e-04 1.589573453915059940e-04 4.594531511094754848e-04 6.356413580364163730e-05
4.241657951759880234e+03 2.616583851459246550e-04 1.562871416396571865e-04 4.632567959539023411e-04 6.308193428466855228e-05
4.291252769175981484e+03 2.597546086598779853e-04 1.545298836357204321e-04 4.626782388176670351e-04 6.360930264109720793e-05
4.340847586592081825e+03 2.570431676403396376e-04 1.548175572345578588e-04 4.649980449302977591e-04 6.356425614524950478e-05
4.390442404008183075e+03 2.533567309809321342e-04 1.561228214798013856e-04 4.645626107466887525e-04 6.337292201755859102e-05
4.440037221424284326e+03 2.508191354917355597e-04 1.561263074397277581e-04 4.657916687010044674e-04 6.228693361361737073e-05
4.489632038840384666e+03 2.492457729672323112e-04 1.567399716213169366e-04 4.645065707780460847e-04 6.177357243230440420e-05
4.539226856256485917e+03 2.480585868782113411e-04 1.564310875401152463e-04 4.648053479378747932e-04 6.220498131260195399e-05
4.588821673672586257e+03 2.481136708672748194e-04 1.557606660592944015e-04 4.629104848115023294e-04 6.209364573869663472e-05
4.638416491088687508e+03 2.482636290433147021e-04 1.547065899189209285e-04 4.628168434649041038e-04 6.294623861003476961e-05
4.688011308504788758e+03 2.487837965862422607e-04 1.535475076721091569e-04 4.624382287616301017e-04 6.341349401609627096e-05
4.737606125920889099e+03 2.488814197182293605e-04 1.529143886545413097e-04 4.633721808474422000e-04 6.333529981373312815e-05
4.787200943336990349e+03 2.484953675378389205e-04 1.506874244050924929e-04 4.631034052115160079e-04 6.320473308635722999e-05
4.836795760753091599e+03 2.485673936146426096e-04 1.496528890503819075e-04 4.656858693940607824e-04 6.313743781830549707e-05
4.886390578169191940e+03 2.472195721630664027e-04 1.469787630088356938e-04 4.674024474728341854e-04 6.382910154966020262e-05
4.935985395585293190e+03 2.470080419727810491e-04 1.448326545795752070e-04 4.710025587537045337e-04 6.477677149578457954e-05
4.985580213001394441e+03 2.466779003164882417e-04 1.437606182522500333e-04 4.730407936858837094e-04 6.523310617243530856e-05
5.035175030417494781e+03 2.463475275081154813e-04 1.434479110957020541e-04 4.770849606093292925e-04 6.580965840301351215e-05
5.084769847833596032e+03 2.452036916917353995e-04 1.416214606749189523e-04 4.797941077688105526e-04 6.523721486720543438e-05
5.134364665249697282e+03 2.457143657261639386e-04 1.409224294227553879e-04 4.834292331260566628e-04 6.660079124643160820e-05
5.183959482665797623e+03 2.460172555213946378e-04 1.400555466719459788e-04 4.850219948578630589e-04 6.767531649858770553e-05
5.233554300081898873e+03 2.470761302914522054e-04 1.396903765410821541e-04 4.879605638142169499e-04 6.908045779067363763e-05
5.283149117498000123e+03 2.475266298559533921e-04 1.388336895196048417e-04 4.880003179877213221e-04 6.878208893217821072e-05
5.332743934914100464e+03 2.471057761966312881e-04 1.386113982654247538e-04 4.913336465973663003e-04 6.751242562365205907e-05
5.382338752330201714e+03 2.454811060831589434e-04 1.375216829261179325e-04 4.916999420997249020e-04 6.556927140936954265e-05
5.431933569746302965e+03 2.442414748707778674e-04 1.365252601842529385e-04 4.943300528886862338e-04 6.467325695703509943e-05
5.481528387162403305e+03 2.418377124579582527e-04 1.358781795370698651e-04 4.944998456963427312e-04 6.368714608913062208e-05
5.531123204578504556e+03 2.426008876655842000e-04 1.359123894216683018e-04 4.960159551261033575e-04 6.399672974743952079e-05
5.580718021994605806e+03 2.415677655227136734e-04 1.353866304932612049e-04 4.962077899532865146e-04 6.459151954504825112e-05
5.630312839410706147e+03 2.433497503211926732e-04 1.366539382791753647e-04 4.975410057799746965e-04 6.593543618837655377e-05
5.679907656826807397e+03 2.433914259707864773e-04 1.365343549817830677e-04 4.962162851217052787e-04 6.682353019396663184e-05
5.729502474242908647e+03 2.464894470740417592e-04 1.363377899633535400e-04 4.960080031809850284e-04 6.786359752909568513e-05
5.779097291659008988e+03 2.481077694013444630e-04 1.366034171740845361e-04 4.946131040283539403e-04 6.762242679418886833e-05
5.828692109075110238e+03 2.499475161826488000e-04 1.356444175620930069e-04 4.954692948741560264e-04 6.743548977559600955e-05
5.878286926491210579e+03 2.489079005901889382e-04 1.340181028364213073e-04 4.951594400637333989e-04 6.559321944018830402e-05
5.927881743907311829e+03 2.487927809237016935e-04 1.354989780348536351e-04 4.969875611119166457e-04 6.626208918424239893e-05
5.977476561323413080e+03 2.465244684222860127e-04 1.337518509682019785e-04 4.984274011511831979e-04 6.472892382268608208e-05
6.027071378739513420e+03 2.477698968073247508e-04 1.338764634153589604e-04 5.015413185480353765e-04 6.390558468938956147e-05
6.076666196155614671e+03 2.477787945712422828e-04 1.326289323941536979e-04 5.030471015931301318e-04 6.310203589250926767e-05
6.126261013571715921e+03 2.484710123103189968e-04 1.339840808901906469e-04 5.044210263907208946e-04 6.482192665663823118e-05
6.175855830987816262e+03 2.494525732912564772e-04 1.343685017791899200e-04 5.045200375546099762e-04 6.705512343274933334e-05
6.225450648403917512e+03 2.497103331019467887e-04 1.345177134166291710e-04 5.048952552665311082e-04 6.802675168046884782e-05
6.275045465820018762e+03 2.504944429781228018e-04 1.342525180051755255e-04 5.038137624369973082e-04 6.710534423322382343e-05
6.324640283236119103e+03 2.483132202051372794e-04 1.351129923338947197e-04 5.032855107744413142e-04 6.723132082113977609e-05
6.374235100652221263e+03 2.489122435877155954e-04 1.358050164624113139e-04 5.039150274147849223e-04 6.774519401904606443e-05
6.423829918068321604e+03 2.476706137343532340e-04 1.360319318621823882e-04 5.037576346071025125e-04 6.986903236434624737e-05
6.473424735484422854e+03 2.474186618728099860e-04 1.367378289197297334e-04 5.047212844097777058e-04 7.003651455374757006e-05
6.523019552900524104e+03 2.467122700849176523e-04 1.376636407141433615e-04 5.050909148542667010e-04 6.988527715129800449e-05
6.572614370316624445e+03 2.467654117745110001e-04 1.370992770905711468e-04 5.079179924550447775e-04 6.886355407451216358e-05
6.622209187732725695e+03 2.466344419896523131e-04 1.362119658413556383e-04 5.103495638738253471e-04 6.836767772962585590e-05
6.671804005148826946e+03 2.469324219729474696e-04 1.366741684645373636e-04 5.145239961710101765e-04 6.828122567136084948e-05
6.721398822564927286e+03 2.490821938149533695e-04 1.369241415687084626e-04 5.155923121631951879e-04 7.029847200677559406e-05
6.770993639981028537e+03 2.520703283583368491e-04 1.395053763429668814e-04 5.212996509274026068e-04 7.333038640083205733e-05
6.820588457397129787e+03 2.540666066125471978e-04 1.394537334536646324e-04 5.233962255578460294e-04 7.419726584071135013e-05
6.870183274813230128e+03 2.554916785684907283e-04 1.385153569093623054e-04 5.303797193978909610e-04 7.359379573181112964e-05
6.919778092229331378e+03 2.566499493115188954e-04 1.380583727414889993e-04 5.330269928859679169e-04 7.370217189906738860e-05
6.969372909645432628e+03 2.592393750132546376e-04 1.369518997449026168e-04 5.402599525313418532e-04 7.402426508130079011e-05
7.018967727061532969e+03 2.587570390955479553e-04 1.354570018379059270e-04 5.429919353230063753e-04 7.305445701297242375e-05
7.068562544477634219e+03 2.593522974331249160e-04 1.346803527462552788e-04 5.493646713327552224e-04 7.197233551790528292e-05
7.118157361893735469e+03 2.590496387176486693e-04 1.338839941440501274e-04 5.497080570810472348e-04 7.282694830972294051e-05
7.167752179309835810e+03 2.613403247297539796e-04 1.340646669246934046e-04 5.555438432427847652e-04 7.318845883079709168e-05
7.217346996725937061e+03 2.572537557195507790e-04 1.352139937472295191e-04 5.516082748066149450e-04 7.248764114669713383e-05
7.266941814142038311e+03 2.599422484581933495e-04 1.366409921350838249e-04 5.564970139613629714e-04 7.329358264628356022e-05
7.316536631558138652e+03 2.599560184971472167e-04 1.371505003014990406e-04 5.477467071597318105e-04 7.481194807507917668e-05
7.366131448974239902e+03 2.615259249508935201e-04 1.380150883352477664e-04 5.478907808239713313e-04 7.628160280586663482e-05
7.415726266390341152e+03 2.569567107594373872e-04 1.409735196509516030e-04 5.284199785428598303e-04 7.599807586334991717e-05
7.465321083806441493e+03 2.520740060342167182e-04 1.453091857497927045e-04 5.183373625019228013e-04 7.637569472747116170e-05
7.514915901222542743e+03 2.456467543213898281e-04 1.508894753986140820e-04 4.876924062196412229e-04 7.674426304952345690e-05
7.564510718638643993e+03 2.427753164282077521e-04 1.519739832760257493e-04 4.705846295329692308e-04 7.680711467327724700e-05
7.614105536054744334e+03 2.377098697105855423e-04 1.542784815643049147e-04 4.298981212756102237e-04 7.664905316829320444e-05
7.663700353470845585e+03 2.411629642036702814e-04 1.562335334621548822e-04 4.041452824430952933e-04 7.784544984652294445e-05
7.713295170886945925e+03 2.326847209154073507e-04 1.611125083349281451e-04 3.484139265418755038e-04 7.670411472969227503e-05
7.762889988303047176e+03 2.343047255322528322e-04 1.692746548840107549e-04 3.065795609042264061e-04 8.142228008703512898e-05
7.812484805719148426e+03 2.034465685839334926e-04 1.771361818187469812e-04 2.321368623295676714e-04 7.660184540405797751e-05
7.862079623135248767e+03 1.697263993373506841e-04 2.009904014182799757e-04 1.757602948630179382e-04 8.093151147375834064e-05
7.911674440551350017e+03 1.121259463231057075e-04 2.181744737666519286e-04 1.167994847293013391e-04 8.074515899495542603e-05
