# Columns: yplus tau11+ tau22+ tau33+ tau12+ | Case=jet_M08_T75 | x*=20.00
4.062032326457848952e-01 3.176342369162524909e-02 1.023328805812817262e-05 1.814906351603008325e-02 -1.233890487755501752e-04
1.190016192964691966e+00 2.797427839666385418e-01 2.895975074666639584e-04 1.342407203056961706e-01 -2.482522945126410755e-03
1.977058565273753565e+00 7.629482961433318167e-01 1.658757559451557416e-03 3.155456782182720632e-01 -1.118867095037732497e-02
2.768205304768469155e+00 1.453497095900221359e+00 5.049306451517182950e-03 5.293348119352517811e-01 -2.975403134431920532e-02
3.564426349251628157e+00 2.297244059018578088e+00 1.122628136574446538e-02 7.562553831883919164e-01 -6.003261186780924075e-02
4.366773825557573652e+00 3.221727439545810867e+00 2.055312301655403545e-02 9.849137648198424966e-01 -1.013504311651647061e-01
5.176369289527340101e+00 4.152599055951494478e+00 3.328344183939636186e-02 1.209424110999511193e+00 -1.517791749907120014e-01
5.994392094474523702e+00 5.028599800838697398e+00 4.932897600682843026e-02 1.426488776791819069e+00 -2.081491945295232127e-01
6.822069574689261451e+00 5.808917068260226912e+00 6.870647316029186713e-02 1.634577575158353557e+00 -2.677280922169298916e-01
7.660669354275478682e+00 6.473068536447733834e+00 9.113778801055304191e-02 1.832601025839956543e+00 -3.277365000336892042e-01
8.511493792984669682e+00 7.016092535445229039e+00 1.165828729201615482e-01 2.020115287259441228e+00 -3.864962169665839276e-01
9.375876378205996176e+00 7.443707294016570941e+00 1.446887633252411653e-01 2.196730469519226236e+00 -4.424072523049311090e-01
1.025517976241485307e+01 7.767115710777552806e+00 1.753890369625066559e-01 2.362458186328519893e+00 -4.948703882631593221e-01
1.115079511071330742e+01 8.000127977551317215e+00 2.083266830956458648e-01 2.517381706693922361e+00 -5.432179913516994585e-01
1.206414244036451322e+01 8.156547269410623358e+00 2.434377003916778359e-01 2.661705060633862363e+00 -5.875473159138142609e-01
1.299667168078395996e+01 8.249447336242758055e+00 2.803755565581107501e-01 2.795607239463409055e+00 -6.277044169206965618e-01
1.394986424010884996e+01 8.290217483893503214e+00 3.191016391197235569e-01 2.919325137136641324e+00 -6.641184759270094551e-01
1.492523492089292070e+01 8.289067114092937061e+00 3.593004825329738638e-01 3.033125099322470319e+00 -6.968782744782032745e-01
1.592433407587450844e+01 8.254301518770351009e+00 4.009512611316738973e-01 3.137458685092169741e+00 -7.265379265056712832e-01
1.694874993261218421e+01 8.193099418831364389e+00 4.437510572030481937e-01 3.232954973686316347e+00 -7.531912750213596297e-01
1.800011104329485789e+01 8.111024231213589175e+00 4.876641896625036887e-01 3.320309037614973313e+00 -7.773428542216830328e-01
1.908008883484140839e+01 8.012882967167358927e+00 5.324390721440603880e-01 3.400293241500999208e+00 -7.990297414984962598e-01
2.019040024659079080e+01 7.902222882569167162e+00 5.780150986373450150e-01 3.473533755359424546e+00 -8.186485206737810216e-01
2.133281045041220381e+01 7.782526825793664393e+00 6.242021954530687644e-01 3.540736628631030225e+00 -8.362130652470619596e-01
2.250913565252826842e+01 7.656276346830016344e+00 6.709570044099913977e-01 3.602389277618436303e+00 -8.520586198625402785e-01
2.372124597890312003e+01 7.526160663394778183e+00 7.180663839218908162e-01 3.659032754514126573e+00 -8.661362533994414470e-01
2.497106844748635979e+01 7.393991101696117951e+00 7.654743915170815205e-01 3.711044762447791356e+00 -8.787435294760173043e-01
2.626059003141542902e+01 7.261831220918669949e+00 8.130205163071765329e-01 3.759003002546413619e+00 -8.898881664631181909e-01
2.759186081775787258e+01 7.131123249073676007e+00 8.605699284146884898e-01 3.803279221604847660e+00 -8.999600482226859377e-01
2.896699726668641617e+01 7.003578291932128330e+00 9.079391108528961363e-01 3.844094167252896987e+00 -9.089510818155807081e-01
3.038818557621255678e+01 6.879967018499569598e+00 9.550526021844936153e-01 3.881139188646851146e+00 -9.171796057621135478e-01
3.185768515780479859e+01 6.761337227465936017e+00 1.001845318930911555e+00 3.914211601458335021e+00 -9.247199914542898469e-01
3.337783222840777597e+01 6.647788439009215011e+00 1.048256925123172367e+00 3.943136897013749032e+00 -9.320109064394930254e-01
3.495104352456910846e+01 6.539545455453938061e+00 1.094172403841337182e+00 3.967929638519180457e+00 -9.391628705557180101e-01
3.657982014457753905e+01 6.435638449583491294e+00 1.139573437741017381e+00 3.988596642050810104e+00 -9.464346637908168658e-01
3.826675152471985797e+01 6.335604529124205797e+00 1.184435380908978708e+00 4.005417986452832757e+00 -9.536756939659558618e-01
4.001451955597819676e+01 6.239266283534565360e+00 1.228734235161224930e+00 4.018476294601270205e+00 -9.609353754939650161e-01
4.182590284771222144e+01 6.147771167778075529e+00 1.272467598272084333e+00 4.028383465295046761e+00 -9.682091254345830400e-01
4.370378114510447176e+01 6.061043892713753323e+00 1.315522684954850474e+00 4.035705484432972057e+00 -9.756369106157856130e-01
4.565113990739217797e+01 5.979043485478204190e+00 1.357850461750953919e+00 4.041224948921170679e+00 -9.830796465565699860e-01
4.767107505416343116e+01 5.901130354193729666e+00 1.399333557189458510e+00 4.045256521374731129e+00 -9.902374075998158220e-01
4.976679788726398357e+01 5.827987225180860875e+00 1.440021999744494074e+00 4.047969708320999338e+00 -9.969800721020193324e-01
5.194164019613901218e+01 5.759375229499797300e+00 1.479877219477861994e+00 4.048623597324926493e+00 -1.003135689217935056e+00
5.419905955472695069e+01 5.695306360447674798e+00 1.518972724499881410e+00 4.046882957961531524e+00 -1.009141555960377801e+00
5.654264481832559142e+01 5.634120477655652159e+00 1.557187035203608128e+00 4.042946417484934329e+00 -1.014863887200387227e+00
5.897612182917040968e+01 5.574850733077384213e+00 1.594464855579820650e+00 4.038488933239680279e+00 -1.020612143163295737e+00
6.150335933979475556e+01 5.516798256600146999e+00 1.630936167185160102e+00 4.033901651053746207e+00 -1.026083603716361869e+00
6.412837516359002166e+01 5.462890541038891712e+00 1.666731137742754720e+00 4.029579957182483518e+00 -1.031867760206301776e+00
6.685534256234318207e+01 5.415484919320524781e+00 1.702160885826665693e+00 4.024336116761741522e+00 -1.037642017302227826e+00
6.968859688090660143e+01 5.374884116457735672e+00 1.737593513157418723e+00 4.016828026588615153e+00 -1.043215236168572924e+00
7.263264243954878907e+01 5.340052993419273974e+00 1.773354555570762825e+00 4.004806230947914436e+00 -1.047801192182530317e+00
7.569215969494256058e+01 5.307859688168812262e+00 1.809512952426070465e+00 3.989333705230188709e+00 -1.051827864274950564e+00
7.887201268117580355e+01 5.275474664195155761e+00 1.845793412075017903e+00 3.971570127977162912e+00 -1.055612555189253010e+00
8.217725674261441782e+01 5.244083898998994187e+00 1.882099705984867866e+00 3.952942032451811194e+00 -1.059187493603348296e+00
8.561314657091138258e+01 5.217795077323590824e+00 1.918303080942346472e+00 3.933649515112983330e+00 -1.062528141491395628e+00
8.918514455893844683e+01 5.196397297816626626e+00 1.954345758381398790e+00 3.915468657347755066e+00 -1.066184340726716417e+00
9.289892948492284575e+01 5.177671579204788266e+00 1.989942080817878267e+00 3.898319895620051767e+00 -1.069859844676757987e+00
9.676040554059392207e+01 5.158333451405178849e+00 2.025396415431288677e+00 3.882833346907341276e+00 -1.073242655311192228e+00
1.007757117176934969e+02 5.137132977401911660e+00 2.059961809139281286e+00 3.868187056817780078e+00 -1.076417321313343223e+00
1.049512315677717424e+02 5.114266541218716711e+00 2.094083931676081090e+00 3.855297592544872920e+00 -1.080360512301964171e+00
1.092936033507861708e+02 5.096219465467433096e+00 2.127182402628013502e+00 3.845994171037951936e+00 -1.084681956818764892e+00
1.138097305886363699e+02 5.085403095082510205e+00 2.159922316172303347e+00 3.841007217975047183e+00 -1.087955948522618010e+00
1.185067930404139389e+02 5.080087392185071771e+00 2.192830926849573814e+00 3.838550448878968790e+00 -1.091469382619859152e+00
1.233922581168152277e+02 5.077194879184851573e+00 2.226662700671745210e+00 3.838057061250121915e+00 -1.095999715488335635e+00
1.284738927518637865e+02 5.073174195627832006e+00 2.261163283224698617e+00 3.834703409345111780e+00 -1.100844601946183721e+00
1.337597757508168570e+02 5.069700099387429937e+00 2.296148900145997818e+00 3.829402804194286691e+00 -1.105769780791219903e+00
1.392583106338854861e+02 5.063158391986970486e+00 2.332789255316551458e+00 3.820038374599866948e+00 -1.110401501417458636e+00
1.449782389961880824e+02 5.055363015975047780e+00 2.370197933811941216e+00 3.810416904440611319e+00 -1.113809762448779050e+00
1.509286544051774683e+02 5.054848726007284299e+00 2.407785227896799274e+00 3.801747632756767192e+00 -1.118214623688599030e+00
1.571190168576342217e+02 5.056478351145122119e+00 2.444072451955324965e+00 3.800252798857914893e+00 -1.120427393853174136e+00
1.635591678192119218e+02 5.063314695231717621e+00 2.479429771893247203e+00 3.801044774675775617e+00 -1.122831063459804657e+00
1.702593458704425586e+02 5.077010611493925296e+00 2.514565415668312820e+00 3.799617848457920832e+00 -1.126717804876359974e+00
1.772302029840773798e+02 5.092532954337495532e+00 2.549460199161470264e+00 3.798127128921030327e+00 -1.130440054779664250e+00
1.844828214596401494e+02 5.106269189498756411e+00 2.584747656300640184e+00 3.804074542608987031e+00 -1.131576000145652960e+00
1.920287315421162475e+02 5.109971532216639467e+00 2.619491280100425978e+00 3.820026884888426899e+00 -1.133756413942162533e+00
1.998799297527873193e+02 5.113672670435128964e+00 2.650552444020089826e+00 3.828770616015737982e+00 -1.136392074732735180e+00
2.080488979613536173e+02 5.119470968955767809e+00 2.682099321368628608e+00 3.824456978557377429e+00 -1.130889970034774095e+00
2.165486232296659921e+02 5.132907533182235582e+00 2.712970373449000494e+00 3.808140139052988982e+00 -1.123073543370516347e+00
2.253926184586146917e+02 5.141887701794915166e+00 2.748564876788536893e+00 3.784094658253860377e+00 -1.119104675399161586e+00
2.345949438709988613e+02 5.148858960845597466e+00 2.782899025608126298e+00 3.766563508320728282e+00 -1.115716411635747418e+00
2.441702293645324175e+02 5.162335904245083817e+00 2.819412512491320744e+00 3.748884312051248724e+00 -1.112975683534610294e+00
2.541336977705236393e+02 5.185606610026074037e+00 2.852264842559159685e+00 3.735921608486319379e+00 -1.103981774785414594e+00
2.645011890552091245e+02 5.213739465033936149e+00 2.884491587061929874e+00 3.734541627435738143e+00 -1.094391915230105594e+00
2.752891855022295999e+02 5.235078363672014845e+00 2.915550685557160016e+00 3.733150761276560203e+00 -1.082737753385641266e+00
2.865148379163121035e+02 5.265154750666761529e+00 2.941804861577351549e+00 3.729913567080073378e+00 -1.063220872313625609e+00
2.981959928898931480e+02 5.303691987390403817e+00 2.963646642731722736e+00 3.729027271092039797e+00 -1.046385111705952387e+00
3.103512211762113111e+02 5.349723347306446719e+00 2.975524149289863196e+00 3.716188982875485713e+00 -1.034728119023921256e+00
3.229998472143942649e+02 5.404117919376988155e+00 2.983960684845020861e+00 3.698621683232302892e+00 -1.023486328607388307e+00
3.361619798543867432e+02 5.457241211821703075e+00 2.983818159752933852e+00 3.688715698082269068e+00 -1.011318922908741591e+00
3.498585443324375888e+02 5.511066501626221914e+00 2.984560408996987491e+00 3.664290235026441245e+00 -1.006340857536326183e+00
3.641113155515844824e+02 5.574210526792287901e+00 2.994934743070289063e+00 3.638112110108240316e+00 -1.008870537168202297e+00
3.789429527264277340e+02 5.657488848256863712e+00 3.007744170230755021e+00 3.624494056613797976e+00 -1.001061163143022403e+00
3.943770354573180725e+02 5.751718876979062145e+00 3.027688544315168873e+00 3.611876996068128509e+00 -1.004610754911935411e+00
4.104381013042126938e+02 5.856604133642211885e+00 3.048953955928408899e+00 3.580041921444462538e+00 -1.014698977241243139e+00
4.271516849291945164e+02 5.958163617131934764e+00 3.065233514074700238e+00 3.543996434872943802e+00 -1.020355774627907053e+00
4.445443588544185900e+02 6.080813671612305349e+00 3.083196000777167711e+00 3.504811195892282072e+00 -1.011355954220981346e+00
4.626437758067675645e+02 6.221106558506063422e+00 3.092642682122932918e+00 3.470150912832167034e+00 -1.024363476016870722e+00
4.814787124279757791e+02 6.370016912823648347e+00 3.096318065125882590e+00 3.431257473187287133e+00 -1.040713970252315157e+00
5.010791137043651133e+02 6.490533734133766330e+00 3.106738402778232100e+00 3.406450452007134810e+00 -1.050497906522972480e+00
5.214761366244370038e+02 6.640707050802482136e+00 3.102258875515223391e+00 3.362202143412408972e+00 -1.060470396285917660e+00
5.427021900218022665e+02 6.757027493311576372e+00 3.106262859554964173e+00 3.317502311964746209e+00 -1.072689827906097904e+00
5.647909649243440526e+02 6.901533437816148364e+00 3.115291298556632338e+00 3.255093364219978191e+00 -1.075415926806485567e+00
5.877774455638277686e+02 7.113705238010087584e+00 3.098243443819073129e+00 3.188851975460158972e+00 -1.116895836723551749e+00
6.116978850929868941e+02 7.319802508712605515e+00 3.059905063544528403e+00 3.125940911007702550e+00 -1.149076046030911069e+00
6.365897218133076194e+02 7.506531298650466866e+00 3.012641495574922335e+00 3.066249271189613879e+00 -1.172055360891057552e+00
6.624914016194336455e+02 7.704882869458511863e+00 2.961706449433063604e+00 2.994237268381287009e+00 -1.203161240072091687e+00
6.894420614894874006e+02 7.883535067554047870e+00 2.914035893408945643e+00 2.948160682728266480e+00 -1.230626936211796307e+00
7.174810193273151526e+02 8.001696698784268591e+00 2.867255329733517044e+00 2.895507400641022855e+00 -1.272424539496887830e+00
7.466470105636267363e+02 8.083279308477438363e+00 2.822638032540335296e+00 2.810728788918309906e+00 -1.319822600524013234e+00
7.769771157825715591e+02 8.135648570523089873e+00 2.759848391757003583e+00 2.762306753417789196e+00 -1.335238020369953427e+00
8.085053404983507335e+02 8.116713104208061580e+00 2.688514082116817860e+00 2.626647926517291953e+00 -1.390353963079189237e+00
8.412608411633380001e+02 8.034572954802470690e+00 2.603220461960217502e+00 2.537148553267631446e+00 -1.424295321614858167e+00
8.752658409678303997e+02 7.866697016325987057e+00 2.541595977122786287e+00 2.448892439821206857e+00 -1.447402780504719377e+00
9.105333413272136340e+02 7.602664995823897875e+00 2.441450814000013736e+00 2.374382769945852623e+00 -1.443569310860548516e+00
9.470648016839768388e+02 7.167286257668687988e+00 2.375605014447415009e+00 2.225460460395128237e+00 -1.417895115805228201e+00
9.848480186692313509e+02 6.669886467699917887e+00 2.308797120662495317e+00 2.081866914594850293e+00 -1.381872872157867693e+00
1.023855470904649906e+03 6.083130995921101736e+00 2.246153205760597071e+00 1.997312630048626358e+00 -1.342260158975309370e+00
1.064043394203400567e+03 5.566527919438843952e+00 2.161357834202986883e+00 1.867661472095124120e+00 -1.313744919378809328e+00
1.105351805393491304e+03 5.025178246643498881e+00 2.070201277052225119e+00 1.726626077292194195e+00 -1.243864767242444991e+00
1.147705601937016581e+03 4.448372309284487791e+00 1.926669496269125093e+00 1.581375057299604814e+00 -1.139760544124927444e+00
1.191016739762520046e+03 3.905959903493897212e+00 1.786352779937794066e+00 1.417461808343383645e+00 -1.055822814899343154e+00
1.235187353210339552e+03 3.296742578793954159e+00 1.652986073633831543e+00 1.291477970867567882e+00 -9.542463560470275663e-01
1.280113553841814337e+03 2.689599848267822502e+00 1.529017725403055916e+00 1.123201044119584768e+00 -8.377667516651340351e-01
1.325689553567951180e+03 2.172908476104930653e+00 1.415498170938809475e+00 9.674970627504507759e-01 -7.386934045799258275e-01
1.371811719884217382e+03 1.646858482155472814e+00 1.282682293276297125e+00 8.291711023354740862e-01 -6.110265016030639318e-01
1.418382193536705245e+03 1.278879199791753241e+00 1.131365299803216651e+00 6.958647858954604137e-01 -4.995731557998894790e-01
1.465311775568316307e+03 9.524955605598871555e-01 9.751125546542225297e-01 5.677790942552661813e-01 -3.811797174855953707e-01
1.512521904457562187e+03 6.844527588791516903e-01 8.207065039873449042e-01 4.394352485512089679e-01 -2.866751566234700399e-01
1.559945671810413160e+03 4.980763209906725053e-01 6.590603126701025660e-01 3.243612807827828126e-01 -2.053418727642544184e-01
1.607527943276124461e+03 3.603072095231031335e-01 5.295886945537796597e-01 2.323837659776238906e-01 -1.446395689633908355e-01
1.655224741472299229e+03 2.546766373209216061e-01 4.174662707474172119e-01 1.724983534565757981e-01 -9.411026757364170103e-02
1.703002099519607100e+03 1.890466935653953573e-01 3.253791998291006293e-01 1.224471706847646835e-01 -5.095282237218744237e-02
1.750834606266039600e+03 1.486505249963031849e-01 2.457548963532824315e-01 8.028011420047184710e-02 -2.474539903672148475e-02
1.798703844001565813e+03 1.180249081478677436e-01 1.768991947893215622e-01 5.164862729844093420e-02 -1.390021189688793631e-02
1.846596877568815671e+03 8.989765466649927983e-02 1.286922597825739256e-01 3.705561170052727032e-02 -9.329806018817270175e-03
1.894504902547733082e+03 6.903675812289428171e-02 9.683902315109339798e-02 2.922657291947067595e-02 -7.107607803188503715e-03
1.942422110229636246e+03 5.351873824691991133e-02 7.461246954883930804e-02 2.036116546915985037e-02 -4.296858056450948704e-03
1.990344785639556221e+03 4.177451996661053768e-02 5.705493955168917247e-02 1.450752031378517264e-02 -1.764149323636767137e-03
2.038270625375955660e+03 3.275273423798130690e-02 4.286944920275562176e-02 1.110566935208884276e-02 -1.250292276687780396e-03
2.086198244742824500e+03 2.591218778559733343e-02 3.335464445428958091e-02 8.580105552125103646e-03 -8.455815047591926483e-04
2.134126836619874211e+03 2.080716877140417406e-02 2.662146515254788445e-02 6.746611176907466555e-03 -6.602581479063603835e-04
2.182055944818676835e+03 1.692229898822796702e-02 2.145328302409217278e-02 5.412027974303475382e-03 -4.752670603644255096e-04
2.229985319309740589e+03 1.387556010782948178e-02 1.745180701991449687e-02 4.383507218578558927e-03 -3.753941099204897340e-04
2.277914827202540891e+03 1.148374826422017547e-02 1.430035916955978148e-02 3.598638480804638648e-03 -2.616084759850873702e-04
2.325844400001302347e+03 9.564243784795844680e-03 1.180751556723293877e-02 2.978944038137394147e-03 -2.107360238225272262e-04
2.373774003468034607e+03 8.035276533608614810e-03 9.802707673868333443e-03 2.498014291027958900e-03 -1.330587175787581585e-04
2.421703621005650348e+03 6.787049429738659448e-03 8.196963883079113125e-03 2.111808117804989463e-03 -1.142968196807488991e-04
2.469633244811609529e+03 5.766996300931386508e-03 6.864034401822749314e-03 1.810550766187213464e-03 -6.911238900758218064e-05
2.517562871328630990e+03 4.943363728695704569e-03 5.800894950509234704e-03 1.567077416449857725e-03 -6.296040288062338720e-05
2.565492498983908717e+03 4.253016898347600390e-03 4.910787201007872464e-03 1.374722558843827214e-03 -2.517457900034899491e-05
2.613422127103077855e+03 3.696803748384135287e-03 4.204233951995157981e-03 1.219718483292779989e-03 -1.955622345762346190e-05
2.661351755405741187e+03 3.216557200844217656e-03 3.598659607340212990e-03 1.093057364810178086e-03 7.747309972529718832e-06
2.709281383778845338e+03 2.827218109005776459e-03 3.108581464875435039e-03 9.925156152726724579e-04 1.116149185381016814e-05
2.757211012178189321e+03 2.489841759834751558e-03 2.686935569297896689e-03 9.077842818167806537e-04 2.556816530040053749e-05
2.805140640587017970e+03 2.207681680798589778e-03 2.350573798299872286e-03 8.419827736167192047e-04 2.225488054273921506e-05
2.853070268999172640e+03 1.962956009998428810e-03 2.052897095480291784e-03 7.870647906945623133e-04 3.352047501935925339e-05
2.900999897412459177e+03 1.761134491780849470e-03 1.810096750561863066e-03 7.465628268105064386e-04 3.177708246530887781e-05
2.948929525826119061e+03 1.584074597614944279e-03 1.596334430098593927e-03 7.108400369275445904e-04 3.927725740007676115e-05
2.996859154239897634e+03 1.436595059556984490e-03 1.418647432801746358e-03 6.854675992441511961e-04 3.775975324012914661e-05
3.044788782653714406e+03 1.304178391978290993e-03 1.259402296843601093e-03 6.603803568262754664e-04 4.282549120027161682e-05
3.092718411067541183e+03 1.194592690321110134e-03 1.133974511547759714e-03 6.439000368024513704e-04 4.010326646113271187e-05
3.140648039481372507e+03 1.096916074428574929e-03 1.015152575389415435e-03 6.238900857022717681e-04 4.599935373828880107e-05
3.188577667895203831e+03 1.015104517975176385e-03 9.299126831423932095e-04 6.105727022335283609e-04 4.510855390746219048e-05
3.236507296309035610e+03 9.393853422368273571e-04 8.432793134786978079e-04 5.933328457404277948e-04 5.137578731711897248e-05
3.284436924722866934e+03 8.748376472998719601e-04 7.758517928737916148e-04 5.852210687936924491e-04 4.720669824071835194e-05
3.332366553136698712e+03 8.142471096717651983e-04 7.033447247417308826e-04 5.736696890747978311e-04 4.941428656065692239e-05
3.380296181550530036e+03 7.669113432215700918e-04 6.521759540503644899e-04 5.693405806136218449e-04 4.608426926452972139e-05
3.428225809964361815e+03 7.188245229978886637e-04 5.951177785394675280e-04 5.640499612594121904e-04 5.044837688256842970e-05
3.476155438378193139e+03 6.839356592019947383e-04 5.583622337728983559e-04 5.613727392756105413e-04 4.585375069315556293e-05
3.524085066792024918e+03 6.459343754390157316e-04 5.193859382697118459e-04 5.557338537559394125e-04 5.247980160172185292e-05
3.572014695205856242e+03 6.194725802008818399e-04 4.916484109802783664e-04 5.517599205189747122e-04 4.930607904402821152e-05
3.619944323619688021e+03 5.891105491794307748e-04 4.577481899671859795e-04 5.467940376557100081e-04 5.181817288474368220e-05
3.667873952033519345e+03 5.683846596550643079e-04 4.365626185540401674e-04 5.447038059518300194e-04 4.795459830710045284e-05
3.715803580447351123e+03 5.429116433629642283e-04 4.076485984782228012e-04 5.419066737966912782e-04 5.170166667416081432e-05
3.763733208861182447e+03 5.259727504275413809e-04 3.889733921073075377e-04 5.406063563446163655e-04 5.010347884615775092e-05
3.811662837275014226e+03 5.030323473890094222e-04 3.667966370214234204e-04 5.384794926942486999e-04 5.241264159917447023e-05
3.859592465688846460e+03 4.885212710688894558e-04 3.545443954922862582e-04 5.361828107691020938e-04 4.979136882897373538e-05
3.907522094102677784e+03 4.699740420742180890e-04 3.417978856274137109e-04 5.352442543384454193e-04 5.249848573261018482e-05
3.955451722516509562e+03 4.591113517618703398e-04 3.300060524705653660e-04 5.367369121550993969e-04 5.160918732395319023e-05
4.003381350930340886e+03 4.462461798899469288e-04 3.150023158099944111e-04 5.381201139233507923e-04 5.155599627890172006e-05
4.051310979344172665e+03 4.368440455388860645e-04 3.064424035471959083e-04 5.410253991386669873e-04 4.976628191999113362e-05
4.099240607758003534e+03 4.261105816114011823e-04 2.949152317373663615e-04 5.402522628444605696e-04 4.964432024560339290e-05
4.147170236171835313e+03 4.164106671292105771e-04 2.888299431135995816e-04 5.407073102289057954e-04 4.899258709093567532e-05
4.195099864585667092e+03 4.074557812475737215e-04 2.802798198658670143e-04 5.382110095553118648e-04 5.076752356614751911e-05
4.243029492999498871e+03 3.963701149905205249e-04 2.765237630243878495e-04 5.387472834649281901e-04 4.840439036263233447e-05
4.290959121413329740e+03 3.884379479612000917e-04 2.671717136943820969e-04 5.376297667432833110e-04 5.004347876449218458e-05
4.338888749827161519e+03 3.799845999365776160e-04 2.631736896029041408e-04 5.393790342331461441e-04 4.887733259511309179e-05
4.386818378240993297e+03 3.727223968164824239e-04 2.568137097648161976e-04 5.408177154732543958e-04 5.058507085379572861e-05
4.434748006654825076e+03 3.669113966888454389e-04 2.536265163177501788e-04 5.413008797026835125e-04 4.873125720407187479e-05
4.482677635068655945e+03 3.598995913793521769e-04 2.471598129608292395e-04 5.433336568207471073e-04 4.772245810921632759e-05
4.530607263482487724e+03 3.571532090955977976e-04 2.456148153740087187e-04 5.428117909294374269e-04 4.561603676282436395e-05
4.578536891896319503e+03 3.543670926654849491e-04 2.396216033013051010e-04 5.449421471842059864e-04 4.667243045276299592e-05
4.626466520310151282e+03 3.532170128751807017e-04 2.377466264629155565e-04 5.447306383539109609e-04 4.609933834521297177e-05
4.674396148723982151e+03 3.505202256987013714e-04 2.330290497064559866e-04 5.472841602534445071e-04 4.824776219913156256e-05
4.722325777137813930e+03 3.486522794213051807e-04 2.296527507095861046e-04 5.495238922079605107e-04 4.722655623694160961e-05
4.770255405551645708e+03 3.441383630850009391e-04 2.217443401624008071e-04 5.528389283194551015e-04 4.637556148799841217e-05
4.818185033965477487e+03 3.430173043085496445e-04 2.184629635602345005e-04 5.545162407621831002e-04 4.485875616195561110e-05
4.866114662379308356e+03 3.398511474169030756e-04 2.129927627715905018e-04 5.565985469292469541e-04 4.531246642247393591e-05
4.914044290793140135e+03 3.402088105673586145e-04 2.107109963432986569e-04 5.557375164473935805e-04 4.571483939831949127e-05
4.961973919206971914e+03 3.393103205744236713e-04 2.077431393917995145e-04 5.570667491250894847e-04 4.689140873391848516e-05
5.009903547620803693e+03 3.398497844690894919e-04 2.073891420916801538e-04 5.553037742664968836e-04 4.835340864135242810e-05
5.057833176034634562e+03 3.388694411564457899e-04 2.047384086659346061e-04 5.561009537119814775e-04 4.826631758162475030e-05
5.105762804448466341e+03 3.369603642247424608e-04 2.049767758848900791e-04 5.543339882580349291e-04 5.080126297181627608e-05
5.153692432862298119e+03 3.348099346160366210e-04 2.019798016299607067e-04 5.543189445132833820e-04 5.088373257865549400e-05
5.201622061276128989e+03 3.333120235908746385e-04 2.043002078575161169e-04 5.528005461804402776e-04 5.189236312698023058e-05
5.249551689689960767e+03 3.294628719012696462e-04 2.032140903072612989e-04 5.530362335691622975e-04 5.047480004992189247e-05
5.297481318103792546e+03 3.270758261094095800e-04 2.040602163797701344e-04 5.541931212325853021e-04 5.116710171473152661e-05
5.345410946517624325e+03 3.237327540315882227e-04 2.018558371198552576e-04 5.561359039112934990e-04 4.970267679170140295e-05
5.393340574931455194e+03 3.228919657244524555e-04 2.006736185550721068e-04 5.584547407019386980e-04 4.975143859467584192e-05
5.441270203345286973e+03 3.202416460914583006e-04 1.987369480790880855e-04 5.581936170585699445e-04 4.745351061284349884e-05
5.489199831759118752e+03 3.205000613882081403e-04 2.008590754928331313e-04 5.591548022789192629e-04 4.929595653474396470e-05
5.537129460172950530e+03 3.166089606585829170e-04 1.988411742114034979e-04 5.591499666832111222e-04 4.679002043031758472e-05
5.585059088586781399e+03 3.180992360005675769e-04 1.996932591886760018e-04 5.613022324470488735e-04 4.837335962692039184e-05
5.632988717000613178e+03 3.163097080953427469e-04 1.961420011399920519e-04 5.621741830126752472e-04 4.551488082941465400e-05
5.680918345414444957e+03 3.190743111997358227e-04 1.973128425756774120e-04 5.648394339368055734e-04 4.818081671914191757e-05
5.728847973828276736e+03 3.185904459894064273e-04 1.945914056079514761e-04 5.648300805718053019e-04 4.728083101957147671e-05
5.776777602242107605e+03 3.217896019748521324e-04 1.950425876944913051e-04 5.665970599561925272e-04 4.912043235158697010e-05
5.824707230655939384e+03 3.209515252664251741e-04 1.922794885847484852e-04 5.652333534243728303e-04 4.693677991465274296e-05
5.872636859069771162e+03 3.234342525832973702e-04 1.946949450000637458e-04 5.663170942826729155e-04 5.027765869203858939e-05
5.920566487483602941e+03 3.205159105005634572e-04 1.956687891290905749e-04 5.637751437765722200e-04 4.977616756410833303e-05
5.968496115897433810e+03 3.205825888452471135e-04 1.942288433947127223e-04 5.646631889780754547e-04 5.056312560785133318e-05
6.016425744311265589e+03 3.181326446634579743e-04 1.931577651868752413e-04 5.627804673642795765e-04 5.026293304661695268e-05
6.064355372725097368e+03 3.165710508742705371e-04 1.929899520930919118e-04 5.626670781348752908e-04 5.116434839144787266e-05
6.112285001138928237e+03 3.155413017004044798e-04 1.923398064305349286e-04 5.613087693755873823e-04 5.180111258413063808e-05
6.160214629552760925e+03 3.162224028338855614e-04 1.943288173004594204e-04 5.633841782777627765e-04 5.210464894475622306e-05
6.208144257966592704e+03 3.173312718318922429e-04 1.955052349284016082e-04 5.633641607349948758e-04 5.287604040180050315e-05
6.256073886380423573e+03 3.192449463515938720e-04 1.926061563769421354e-04 5.665869998500314359e-04 5.238883472175695250e-05
6.304003514794255352e+03 3.179639787992513851e-04 1.920911226075678712e-04 5.677222178566092682e-04 5.134375159665816046e-05
6.351933143208087131e+03 3.198404928436632873e-04 1.920312613091391810e-04 5.727347811774127773e-04 5.102476437280708573e-05
6.399862771621918910e+03 3.183785400734401457e-04 1.938151541967064154e-04 5.741053724895511324e-04 5.168357286550594745e-05
6.447792400035749779e+03 3.200362951621253151e-04 1.935737286985030666e-04 5.796610807242060523e-04 5.202377994422384281e-05
6.495722028449581558e+03 3.197432337665663711e-04 1.965093040947081668e-04 5.815586821776257262e-04 5.293671555814976384e-05
6.543651656863413336e+03 3.218786364109770828e-04 1.935549189853155499e-04 5.896358125145205378e-04 5.278418282366676345e-05
6.591581285277245115e+03 3.199896528199998964e-04 1.943044245419707126e-04 5.923316701369579470e-04 5.223024459160285091e-05
6.639510913691075984e+03 3.207193404507801605e-04 1.941234114845952696e-04 6.017552809350302720e-04 5.241872953760767751e-05
6.687440542104907763e+03 3.194302098094621177e-04 1.938453236970720203e-04 6.033482198180695330e-04 5.182410337821505666e-05
6.735370170518739542e+03 3.221213542932015216e-04 1.920432407141278068e-04 6.126358906136427761e-04 5.228416267581621383e-05
6.783299798932571321e+03 3.232326576801922190e-04 1.924462831064876415e-04 6.117047459480786124e-04 5.194625693979361305e-05
6.831229427346402190e+03 3.250574981463685170e-04 1.918833090929174181e-04 6.197253987050402356e-04 5.091752095611997223e-05
6.879159055760233969e+03 3.260579311126382573e-04 1.938196123856558793e-04 6.172416137646569720e-04 5.242175635191827590e-05
6.927088684174065747e+03 3.278048893410865673e-04 1.900692677051058442e-04 6.255527608955953681e-04 5.223359665507737497e-05
6.975018312587896617e+03 3.269476078077940707e-04 1.926445473714295754e-04 6.197023848408106644e-04 5.178724912019837826e-05
7.022947941001728395e+03 3.299603013506389603e-04 1.911170632477445321e-04 6.231369056087105720e-04 5.241052468437620892e-05
7.070877569415560174e+03 3.277504041609597156e-04 1.921475993921456331e-04 6.091607571090499077e-04 5.241429227908619770e-05
7.118807197829391953e+03 3.290616640994436354e-04 1.931791809350706115e-04 6.059572135037109798e-04 5.288707189058567841e-05
7.166736826243222822e+03 3.263162485131198567e-04 1.942357254971383441e-04 5.820650327752275102e-04 5.316510012308882577e-05
7.214666454657054601e+03 3.211899354871087750e-04 1.980583422643206789e-04 5.691044864963807964e-04 5.312887825622339942e-05
7.262596083070886380e+03 3.116519907944802345e-04 2.035641342535708979e-04 5.330961271421913537e-04 5.551649691361486505e-05
7.310525711484718158e+03 3.031189032871710342e-04 2.065827452699316733e-04 5.100062782416371100e-04 5.434562929286773631e-05
7.358455339898549028e+03 2.954016123962564669e-04 2.135941070885627642e-04 4.673279871227409895e-04 5.571677920705127892e-05
7.406384968312380806e+03 2.957099405681065923e-04 2.105783635199763842e-04 4.388214959376412604e-04 5.539246893431518061e-05
7.454314596726212585e+03 2.894361187139703607e-04 2.152763367879296879e-04 3.846735090336306034e-04 5.528356180544612359e-05
7.502244225140044364e+03 2.928420420018896229e-04 2.220256615331034052e-04 3.416283905072891192e-04 5.769409079501693831e-05
7.550173853553875233e+03 2.586431986601936796e-04 2.307915275249889622e-04 2.616330224254756953e-04 5.285835655816508805e-05
7.598103481967707012e+03 2.264794040544401048e-04 2.732514020763378445e-04 2.016015818982907386e-04 6.022466080289192261e-05
7.646033110381538791e+03 1.602874209735467446e-04 2.788015184910114263e-04 1.327994075147945739e-04 5.345834638773877290e-05
