# Columns: yplus tau11+ tau22+ tau33+ tau12+ | Case=jet_M08_T75 | x*=5.00
3.840869375187342949e-01 8.339654667869340898e-02 4.392968282386679061e-05 6.858152041659222597e-02 -3.691986004963791279e-04
1.125224120390206251e+00 6.764467474450571727e-01 1.405035837742313462e-03 5.036120806827741880e-01 -6.000823702694856911e-03
1.869414885462897358e+00 1.726798274247218101e+00 7.538990300685190042e-03 1.171433795269599232e+00 -2.416979370041833289e-02
2.617486549790186245e+00 3.105310499245203637e+00 2.133755125652735812e-02 1.937402155273469040e+00 -5.822275033967062863e-02
3.370356241573713163e+00 4.682275202493481281e+00 4.431694422605706590e-02 2.722996870980733952e+00 -1.075971514866492090e-01
4.129018803151517147e+00 6.346026057168938195e+00 7.617123746040328769e-02 3.486469338873412038e+00 -1.685915728352530563e-01
4.894534725710320444e+00 8.014417531467264766e+00 1.165482457139463690e-01 4.208915712219771343e+00 -2.378769647634823570e-01
5.668019151046316040e+00 9.633872041278399578e+00 1.641297664265637668e-01 4.881621445819003924e+00 -3.114823676760399285e-01
6.450632589541806183e+00 1.117320757442774770e+01 2.184213992305344687e-01 5.502470098152450362e+00 -3.873051093186032912e-01
7.243573647758414502e+00 1.261606063752596896e+01 2.781189085706048947e-01 6.072456909009442683e+00 -4.627933160677375479e-01
8.048073776675101598e+00 1.395615628733752089e+01 3.429497915371370609e-01 6.595472984664551674e+00 -5.370173130650360838e-01
8.865393860121344005e+00 1.519341872173928643e+01 4.116962339535100157e-01 7.075941363812771279e+00 -6.082343489310045870e-01
9.696822359079506626e+00 1.633056717344905806e+01 4.842155509227823451e-01 7.519004482676720613e+00 -6.764683470486574368e-01
1.054367469474935959e+01 1.737022662185957955e+01 5.594814858950502012e-01 7.929477812775107992e+00 -7.406661085179426784e-01
1.140729356959606022e+01 1.831560833367358043e+01 6.374425976051178999e-01 8.312067165516694445e+00 -8.011271819005577610e-01
1.228904996962872254e+01 1.917128386777218907e+01 7.174077224950786702e-01 8.670468316426772404e+00 -8.567980755033937079e-01
1.319034464567575782e+01 1.994245667505936126e+01 7.994727515611468327e-01 9.008074274193177189e+00 -9.080901420546900749e-01
1.411260992477706289e+01 2.063302101893684437e+01 8.830673856894701856e-01 9.327157372349319076e+00 -9.543366325153962437e-01
1.505731174857830545e+01 2.124692223361432042e+01 9.683279177664290138e-01 9.628619840670594954e+00 -9.965445492840130370e-01
1.602595187139857558e+01 2.178826438906234841e+01 1.054492785341724970e+00 9.913344976143410037e+00 -1.034643578719810719e+00
1.702007017665719957e+01 2.226212615355075997e+01 1.141848608825702049e+00 1.018204041900404277e+01 -1.069621240314990063e+00
1.804124708812968336e+01 2.267307111713030210e+01 1.229667996690214649e+00 1.043535512256033115e+01 -1.101286715123565685e+00
1.909110606402513000e+01 2.302587903434960026e+01 1.318451059316988694e+00 1.067434054771790919e+01 -1.130445850602275648e+00
2.017131616899627033e+01 2.332410228484127757e+01 1.407722874436740268e+00 1.090051835148230630e+01 -1.156825949409498344e+00
2.128359472341351122e+01 2.357206611087955750e+01 1.498126035655416466e+00 1.111541528195811424e+01 -1.181017182962776468e+00
2.242971003165410693e+01 2.377424428605807449e+01 1.589222963016650780e+00 1.132139932421645589e+01 -1.202272922223477813e+00
2.361148419251816932e+01 2.393653491121663279e+01 1.681439651991527784e+00 1.151830196181023247e+01 -1.221365409632739318e+00
2.483079599565077089e+01 2.406316823847163278e+01 1.774359955123296695e+00 1.170512258935170280e+01 -1.237959685201896587e+00
2.608958390830213858e+01 2.415974256826642730e+01 1.868559710009433772e+00 1.188131552283378056e+01 -1.252713876442898000e+00
2.738984915705244916e+01 2.422923932634965283e+01 1.963629029329586606e+00 1.204759298713861959e+01 -1.265538044890593739e+00
2.873365890934784872e+01 2.427398381446809239e+01 2.060241146830283032e+00 1.220594220396546348e+01 -1.277580673357676888e+00
3.012314955988386700e+01 2.429273133188820211e+01 2.157589359825287101e+00 1.235868083110975491e+01 -1.288626523508832555e+00
3.156053012705211103e+01 2.429195739236058316e+01 2.256201208414379877e+00 1.250671257563241667e+01 -1.299132007526102806e+00
3.304808576484635552e+01 2.427809498912334618e+01 2.355542121241910092e+00 1.264979366123627180e+01 -1.308412934430342789e+00
3.458818139581017448e+01 2.425843957413566088e+01 2.455788997483433267e+00 1.278824424204015031e+01 -1.317282303063809890e+00
3.618326547080107503e+01 2.423448345214611166e+01 2.556519208284849132e+00 1.292068749256976723e+01 -1.326383662198597380e+00
3.783587386154852794e+01 2.420773815766747461e+01 2.657629109931549660e+00 1.304661577783449289e+01 -1.336210235714478500e+00
3.954863389219410408e+01 2.417736234273857931e+01 2.759301289123111900e+00 1.316544095679132198e+01 -1.347506009205794220e+00
4.132426851622290798e+01 2.414496714096676655e+01 2.861904232691494521e+00 1.327658123589031725e+01 -1.359789081092514618e+00
4.316560064542726849e+01 2.411245052850859238e+01 2.965797176034860261e+00 1.338251874298550348e+01 -1.373736341052353316e+00
4.507555763778425018e+01 2.408535326952699052e+01 3.072166943050406385e+00 1.348045070841056514e+01 -1.388540820721382740e+00
4.705717595138244747e+01 2.406776885615215633e+01 3.180907180635497156e+00 1.356531324922999637e+01 -1.406620151765350268e+00
4.911360597179639598e+01 2.405709450960466356e+01 3.292099043920285073e+00 1.363530174121826555e+01 -1.426834559964603732e+00
5.124811702058369178e+01 2.405475333330076992e+01 3.405278911275133602e+00 1.369408184424045416e+01 -1.451724843110143714e+00
5.346410255286667734e+01 2.406238032849218911e+01 3.521013490331258655e+00 1.374348900471520096e+01 -1.479236778074106917e+00
5.576508555226263297e+01 2.408253291986484612e+01 3.638526078069198810e+00 1.378283448370794240e+01 -1.510451286602401799e+00
5.815472413173849020e+01 2.412295877889424744e+01 3.758573125200442178e+00 1.381059122649155313e+01 -1.543865485301217921e+00
6.063681734929526357e+01 2.419066867335902771e+01 3.880334156053202754e+00 1.382794277387551674e+01 -1.582395288282587353e+00
6.321531124772731403e+01 2.428466722553736901e+01 4.007118813477101860e+00 1.383222913167813317e+01 -1.622290249992540900e+00
6.589430512805837736e+01 2.440721193642292164e+01 4.139036419874159378e+00 1.382460436968789530e+01 -1.666135162647519596e+00
6.867805806662880741e+01 2.455755576149715225e+01 4.275415799836718378e+00 1.380000983920582769e+01 -1.710763210338390072e+00
7.157099568619382524e+01 2.472514918151642149e+01 4.414413782291950916e+00 1.374912189632412307e+01 -1.757412662463673891e+00
7.457771719179828551e+01 2.492141572197377641e+01 4.556307326901554156e+00 1.366379224818456173e+01 -1.803059008787295525e+00
7.770300268261307508e+01 2.514436575105793992e+01 4.700768150288861413e+00 1.354919605562981211e+01 -1.848640230682634833e+00
8.095182075135832633e+01 2.540109124999064250e+01 4.845662387215594613e+00 1.340547473259065825e+01 -1.894929495205316616e+00
8.432933638339358140e+01 2.568830854851361423e+01 4.989189774590484738e+00 1.323401895025089203e+01 -1.947976132007319006e+00
8.784091916803488687e+01 2.601788084452075012e+01 5.133188054812804602e+00 1.304184930770051309e+01 -2.002137955981735828e+00
9.149215183515141803e+01 2.638404909899916362e+01 5.283659943667707637e+00 1.283833397047919433e+01 -2.059391536273862400e+00
9.528883913061436317e+01 2.680218834296222497e+01 5.437041560122157335e+00 1.262706470737637154e+01 -2.118107006374031709e+00
9.923701704470728657e+01 2.727692102087213399e+01 5.597139359839899519e+00 1.241911818851514049e+01 -2.186108426955805761e+00
1.033429624081706208e+02 2.780163945738111053e+01 5.759618757908830489e+00 1.221881687067061506e+01 -2.259865816041364273e+00
1.076132028711346464e+02 2.837824280646766084e+01 5.922893489491772634e+00 1.202042251642895998e+01 -2.343545267578202473e+00
1.120545272808068660e+02 2.900144979761675046e+01 6.090140484331469928e+00 1.180368207380721479e+01 -2.423285591164494157e+00
1.166739964744111973e+02 2.966468170462878717e+01 6.262900401043142828e+00 1.155913384319184978e+01 -2.501215717649470704e+00
1.214789545045382511e+02 3.040094666092455000e+01 6.433598714526430840e+00 1.129561819980101056e+01 -2.585018858497935224e+00
1.264770403147529265e+02 3.121441587682974017e+01 6.602771590092351595e+00 1.103967508804978692e+01 -2.682376102079592872e+00
1.316761998840205194e+02 3.210078262847209629e+01 6.769015622756649364e+00 1.077660381722182947e+01 -2.792448896414267967e+00
1.370846988592591629e+02 3.304971143984861470e+01 6.938279971165376203e+00 1.048931532223451413e+01 -2.899760760111430802e+00
1.427111356961023318e+02 3.406683626322630687e+01 7.102814456816862965e+00 1.020181439563441295e+01 -3.006839507771709830e+00
1.485644553287612268e+02 3.517663323277295007e+01 7.252667841769536494e+00 9.947522684886560995e+00 -3.121351075549732901e+00
1.546539633907211737e+02 3.639522269955349998e+01 7.383348632741905782e+00 9.697119603441366920e+00 -3.243113327067593588e+00
1.609893410088789096e+02 3.767389220758410318e+01 7.502417890088557861e+00 9.455480698385516192e+00 -3.359977614779376065e+00
1.675806601946408421e+02 3.899239895338082107e+01 7.607978502495484463e+00 9.225945560132938539e+00 -3.481609868242296457e+00
1.744383998564514968e+02 4.041018125270446859e+01 7.704624184923983599e+00 9.010051338174537960e+00 -3.611719639870357046e+00
1.815734624592085993e+02 4.197816586399682137e+01 7.794919652241470764e+00 8.794032033498242029e+00 -3.759331423260251270e+00
1.889971913570502693e+02 4.365050162850426574e+01 7.870881046767306266e+00 8.558780447312090089e+00 -3.898362423365035578e+00
1.967213888270692905e+02 4.545071578411875635e+01 7.942038318547085751e+00 8.295974232155877814e+00 -4.025035393059066990e+00
2.047583348326258772e+02 4.735943760356517629e+01 7.982401606986807785e+00 8.064268564007521789e+00 -4.114939470058062376e+00
2.131208065460878913e+02 4.933181639853575007e+01 8.013622233825996588e+00 7.858530704099141673e+00 -4.203564642276207408e+00
2.218220986620361259e+02 5.139173667818586466e+01 8.029345535340496554e+00 7.656116505738319589e+00 -4.290851215767088611e+00
2.308760445332299014e+02 5.350426221362510404e+01 8.047318746880053553e+00 7.441465261186215763e+00 -4.379961967352561381e+00
2.402970381629356780e+02 5.565811305630704453e+01 8.048982384953125901e+00 7.202017820422919492e+00 -4.486766737598725463e+00
2.501000570885861407e+02 5.781216904143402502e+01 8.034686637609048887e+00 6.985624300361704897e+00 -4.548845320125741942e+00
2.603006861931611979e+02 6.000228378672341734e+01 7.995823312570229824e+00 6.845379579010697491e+00 -4.580198825960050790e+00
2.709151424821748719e+02 6.219090937100388317e+01 7.945952836107442074e+00 6.706791500069557266e+00 -4.598477136977588309e+00
2.819603008657292662e+02 6.426091872137011762e+01 7.906850231844831711e+00 6.596035130465375040e+00 -4.628520887132230754e+00
2.934537209867950196e+02 6.612166546077929752e+01 7.865518894194488908e+00 6.506340942161652485e+00 -4.641805442568998075e+00
3.054136751387646314e+02 6.776468797255104448e+01 7.827498206102866618e+00 6.430652610638412980e+00 -4.644410215021068211e+00
3.178591773175186859e+02 6.926499591348159868e+01 7.757406686617970948e+00 6.376533441025189930e+00 -4.632402926727740677e+00
3.308100134559642242e+02 7.070536571548015559e+01 7.646101511706315357e+00 6.293801126106538746e+00 -4.621271091450935842e+00
3.442867728925169217e+02 7.204980998048695540e+01 7.509990409578055193e+00 6.221781392848949821e+00 -4.585270418148243543e+00
3.583108811295927012e+02 7.321529508949134879e+01 7.365476942337982003e+00 6.112448414720885737e+00 -4.557080018455092585e+00
3.729046339436865765e+02 7.398925710065695682e+01 7.189382427778243212e+00 6.025821582765797935e+00 -4.490540725736627437e+00
3.880912329134682750e+02 7.401485098620906911e+01 6.999320350623234432e+00 6.050046422916683042e+00 -4.395240909661042750e+00
4.038948224311332638e+02 7.330939652353109182e+01 6.780142253959201781e+00 6.119362144291275563e+00 -4.357152312156297391e+00
4.203405282412260249e+02 7.194590539601365720e+01 6.557412185555128836e+00 6.113034246508987302e+00 -4.295597119438642864e+00
4.374544974797830719e+02 6.993294563549717680e+01 6.327500116553393283e+00 6.103419248847962386e+00 -4.231622294295513953e+00
4.552639400045984530e+02 6.698391582919163056e+01 6.086693637132348123e+00 6.032561244850766613e+00 -4.195924920351521870e+00
4.737971704059217473e+02 6.335980075940095446e+01 5.802960058485967743e+00 5.882287902276858382e+00 -4.131562077663726740e+00
4.930836492870521397e+02 5.901034684433274435e+01 5.495966084332314594e+00 5.720480559417151945e+00 -4.066011711637361969e+00
5.131540209379651287e+02 5.386104093607760035e+01 5.200337434484077370e+00 5.525042747594628878e+00 -4.039503381943916338e+00
5.340401420320729358e+02 4.799125015050543652e+01 4.873968463769901227e+00 5.341369174376591644e+00 -3.975701331782050207e+00
5.557750920364020430e+02 4.186088296270439457e+01 4.561146403598516308e+00 5.163858477374764000e+00 -3.881065072449815467e+00
5.783931502507946334e+02 3.567276185460131899e+01 4.225383489033269768e+00 4.898895741308042950e+00 -3.752752885889191869e+00
6.019297165967876708e+02 2.957207243849262568e+01 3.865047795953407306e+00 4.484765600270916863e+00 -3.609489083747318361e+00
6.264211437292768778e+02 2.375951842251874524e+01 3.478759157273396241e+00 4.007379817773750297e+00 -3.367999351934455543e+00
6.519044377596435424e+02 1.834741292388255118e+01 3.097755093998479925e+00 3.410199554283805945e+00 -3.026034138628364900e+00
6.784167758742424894e+02 1.362976201381859731e+01 2.721746627736067570e+00 2.855894043175748021e+00 -2.649606214775122037e+00
7.059947844998453093e+02 9.589709682021034354e+00 2.371427859478126177e+00 2.329559596883314043e+00 -2.204513207815602893e+00
7.346735253170655824e+02 6.458495981488398208e+00 2.009973963649039241e+00 1.872037701694943879e+00 -1.741464866241646980e+00
7.644851523629926078e+02 4.137611008313231586e+00 1.650196725873574355e+00 1.414289773026173203e+00 -1.286711382367295542e+00
7.954572346267460716e+02 2.494173861519041857e+00 1.330725260831784551e+00 1.011198388852678987e+00 -8.990411930440146415e-01
8.276107853263829384e+02 1.433550305234403632e+00 1.036621142234812831e+00 6.803523135201647865e-01 -5.858268217587419002e-01
8.609580979973002286e+02 8.418333681507313981e-01 7.661133024757599275e-01 4.387230705863789382e-01 -3.608394835051573213e-01
8.955005526206284685e+02 4.946980402094200979e-01 5.437054429479168949e-01 2.917490461483190911e-01 -2.054098358044527117e-01
9.312266102567253938e+02 2.901782920313087377e-01 3.754459373674097766e-01 1.958407842007138522e-01 -1.014352597997018185e-01
9.681102479666570844e+02 1.840810319192963396e-01 2.538114732606148172e-01 1.283551353924438920e-01 -4.002685356055689370e-02
1.006110084365091325e+03 1.228837141699054836e-01 1.718460386677188589e-01 8.411897116023678289e-02 -8.502969462272301146e-03
1.045169402146547554e+03 8.565774579675493328e-02 1.181883365313637912e-01 5.994892383687019932e-02 3.148572705068827197e-03
1.085217187834358128e+03 6.135936678711899350e-02 8.335102264803588568e-02 4.485434060696729536e-02 5.675434133393306851e-03
1.126170191037943141e+03 4.497409905854592160e-02 6.043008194918825238e-02 3.439765854185314331e-02 5.676332150113038398e-03
1.167935874528430986e+03 3.366624057791015728e-02 4.475881182219265675e-02 2.682166933695268041e-02 5.361590540158321129e-03
1.210416006216458300e+03 2.582841717351573585e-02 3.377014110295751409e-02 2.124618190802263218e-02 4.989788799852261890e-03
1.253510557791411657e+03 2.011215402898877333e-02 2.591600740477123174e-02 1.700547672741899163e-02 4.503997052403835646e-03
1.297121539163369334e+03 1.595121448763663075e-02 2.008050187226191607e-02 1.378872753219549489e-02 4.040659623674948756e-03
1.341156419160444102e+03 1.281430940913334988e-02 1.580860205264847385e-02 1.127621718089215699e-02 3.585978129418344179e-03
1.385530855385755785e+03 1.045569480086350200e-02 1.257632352171928446e-02 9.337472778280933930e-03 3.151559984890115167e-03
1.430170563708183636e+03 8.635182773474506593e-03 1.013775211394612845e-02 7.795316818403228050e-03 2.745774540193725560e-03
1.475012278653473231e+03 7.239845475941329711e-03 8.254837716049531413e-03 6.569298569362452475e-03 2.398232186292108183e-03
1.520003867736632628e+03 6.142692744628658157e-03 6.798672722243114669e-03 5.573827641813932678e-03 2.078703397520296949e-03
1.565103747984490838e+03 5.267840929884646910e-03 5.624227747258622907e-03 4.772271909835298052e-03 1.793062556185748930e-03
1.610279801891301076e+03 4.572500959231368990e-03 4.723451483462315359e-03 4.110814429133416263e-03 1.546947001377364057e-03
1.655508001850265828e+03 4.000840448558898657e-03 3.982532327518366159e-03 3.571945968358098550e-03 1.332705737649177635e-03
1.700770932928973707e+03 3.540984346245999378e-03 3.386977218778910569e-03 3.121210729802257385e-03 1.137132664082944351e-03
1.746056364242534301e+03 3.159926044492100943e-03 2.901080410556056057e-03 2.752619570234916564e-03 9.764859966983718657e-04
1.791355970739682107e+03 2.852308776488661143e-03 2.508578159138822369e-03 2.434873874974108083e-03 8.222577980718795898e-04
1.836664259974889092e+03 2.589220747247153627e-03 2.166942079165428813e-03 2.177010739616475760e-03 6.967205320947128652e-04
1.881977719240121587e+03 2.372817034236268056e-03 1.890787238459601134e-03 1.953482098043724923e-03 5.855421585003936762e-04
1.927294170545715133e+03 2.186083228723858119e-03 1.652326943016852725e-03 1.769709704886199926e-03 4.904143209875611812e-04
1.972612304587342805e+03 2.028688634349783484e-03 1.455817047479630779e-03 1.608830620784601354e-03 4.050631518487806141e-04
2.017931358189493722e+03 1.895054341348068050e-03 1.290055923267663298e-03 1.476055848937483884e-03 3.329250681253588442e-04
2.063250900001547507e+03 1.779572761436418356e-03 1.145448504875118574e-03 1.357980786526061245e-03 2.721520263852402442e-04
2.108570693607213343e+03 1.682614926459331589e-03 1.028304241923441633e-03 1.264564226543729011e-03 2.205783265546095535e-04
2.153890613351374213e+03 1.596553801908183207e-03 9.231006166265289664e-04 1.176942098511164986e-03 1.748671627926263214e-04
2.199210594467601823e+03 1.515164903198169518e-03 8.353906493016055200e-04 1.110999061149853728e-03 1.396500628692584167e-04
2.244530604582039814e+03 1.450274473658901692e-03 7.569699439325998586e-04 1.046029233993683557e-03 1.051690006999465523e-04
2.289850628001253426e+03 1.386043100423382064e-03 6.922137103679815683e-04 9.966010194618864833e-04 8.082796160813787473e-05
2.335170657347521228e+03 1.335603942192742756e-03 6.340752522095754930e-04 9.479334228329402978e-04 5.797060561921961149e-05
2.380490689257243957e+03 1.285377737840439445e-03 5.844799438125507359e-04 9.131547574820204731e-04 4.022663021217253836e-05
2.425810722243249074e+03 1.247248318901047776e-03 5.395422998130287385e-04 8.757753223982461983e-04 2.091824397414325821e-05
2.471130755667888479e+03 1.207075453867191171e-03 5.000493408052343169e-04 8.502098886221885190e-04 8.831619243078759552e-06
2.516450789266030824e+03 1.175010793927380639e-03 4.686699058691357880e-04 8.254949145317821936e-04 -8.243080134300501927e-06
2.561770822930779559e+03 1.138982175671049944e-03 4.399619498415727973e-04 8.062281080971217279e-04 -1.468978949388569010e-05
2.607090856620339309e+03 1.115074758603695456e-03 4.125649690429571267e-04 7.882239568328911362e-04 -2.532871410042538689e-05
2.652410890318867132e+03 1.080900998447461951e-03 3.924954116163290496e-04 7.711227169927367285e-04 -2.994920960306802322e-05
2.697730924020539987e+03 1.060008695012050819e-03 3.728579951146637783e-04 7.550163910120710926e-04 -3.986584742600574993e-05
2.743050957723282409e+03 1.029229112285543922e-03 3.567832222216595875e-04 7.415595679526159603e-04 -3.958892337350698363e-05
2.788370991426378623e+03 1.012302074221586856e-03 3.398798890236769035e-04 7.326329106761860334e-04 -4.647840703516616985e-05
2.833691025129587160e+03 9.858854733133203246e-04 3.302089345975803367e-04 7.223658679413587445e-04 -4.713339246226714999e-05
2.879011058832831168e+03 9.721540154200142541e-04 3.174389531656536837e-04 7.181750187898243388e-04 -5.082973993646869526e-05
2.924331092536085180e+03 9.514971543039520358e-04 3.063268340858718163e-04 7.089992748644049787e-04 -4.923382425353439826e-05
2.969651126239343284e+03 9.402858151326401112e-04 2.981614824557315816e-04 7.083365991050678042e-04 -5.192117166808526437e-05
3.014971159942601844e+03 9.263025299173244806e-04 2.913373408780687386e-04 7.030745008035055831e-04 -4.896616787519731648e-05
3.060291193645860403e+03 9.148482055339115116e-04 2.864753007296648142e-04 7.051204010232314931e-04 -5.042170140779878267e-05
3.105611227349118508e+03 9.039043821362970771e-04 2.790074625095026006e-04 7.039297566813040429e-04 -4.720475764773508158e-05
3.150931261052377067e+03 8.917774166403791627e-04 2.746188224922880010e-04 7.055616996173632314e-04 -4.822229635752020967e-05
3.196251294755635172e+03 8.824427246780582219e-04 2.698272515282621842e-04 7.065496563649054616e-04 -4.646563499694331579e-05
3.241571328458893731e+03 8.694178597216092657e-04 2.673203312783055505e-04 7.088948335355666928e-04 -4.726890947479686671e-05
3.286891362162151836e+03 8.582240467503833917e-04 2.636533479792873983e-04 7.090295087039495334e-04 -4.950254100352136121e-05
3.332211395865410395e+03 8.503133940468159038e-04 2.608868002356291133e-04 7.137910132541025379e-04 -4.920222884442514074e-05
3.377531429568668500e+03 8.426812294171005151e-04 2.562400454279858356e-04 7.138207731277704552e-04 -4.902535277341280956e-05
3.422851463271927059e+03 8.346996530760142190e-04 2.508845089988413855e-04 7.173907501993818242e-04 -4.613889265917775435e-05
3.468171496975185164e+03 8.310917405184044650e-04 2.498210162910267473e-04 7.161142387424900869e-04 -4.148244899123295336e-05
3.513491530678443723e+03 8.231672253127403360e-04 2.452626076667011891e-04 7.174395339577614153e-04 -3.931578974555406723e-05
3.558811564381702283e+03 8.207419199461113077e-04 2.419840315790404818e-04 7.184000825218472179e-04 -3.627378625027781218e-05
3.604131598084960387e+03 8.158025623824316595e-04 2.383618679635379604e-04 7.218890206820523974e-04 -3.395700720045521855e-05
3.649451631788219402e+03 8.176724106134233361e-04 2.339968195455345589e-04 7.234333754111973514e-04 -3.139277649636017855e-05
3.694771665491477961e+03 8.135950913861916562e-04 2.317261069229383278e-04 7.269451851838317023e-04 -2.875750012269254660e-05
3.740091699194736066e+03 8.126413340156748337e-04 2.306901937134530494e-04 7.272342296866542415e-04 -2.483823673886213101e-05
3.785411732897994625e+03 8.088259783808850927e-04 2.298092692888598825e-04 7.284369924106179339e-04 -2.394584693779340458e-05
3.830731766601252730e+03 8.027042105820173228e-04 2.294706728380261902e-04 7.288201416219592006e-04 -2.117926613375326438e-05
3.876051800304511289e+03 7.936752993557590194e-04 2.263460748887337684e-04 7.302174124382576105e-04 -2.017491276938059372e-05
3.921371834007769394e+03 7.868661533136149478e-04 2.263512170600312870e-04 7.293283893104329655e-04 -1.625731091034447406e-05
3.966691867711027953e+03 7.761653505245216193e-04 2.254441585965358253e-04 7.310994944782333443e-04 -1.484392658623517358e-05
4.012011901414286058e+03 7.712245396849837014e-04 2.263863242341525447e-04 7.302118835610747066e-04 -1.057456277257275394e-05
4.057331935117544617e+03 7.615431724073631762e-04 2.244726607326195250e-04 7.315072485452602750e-04 -1.221912995337002990e-05
4.102651968820802722e+03 7.568680707756850678e-04 2.245790640257966332e-04 7.296026123095409460e-04 -9.990507388056982035e-06
4.147972002524061281e+03 7.521762479596366723e-04 2.249689580253864843e-04 7.307952866208998781e-04 -6.860845208610754917e-06
4.193292036227319841e+03 7.495263243302365290e-04 2.272246889416283471e-04 7.302884744905603935e-04 -2.867885382127479111e-06
4.238612069930578400e+03 7.449938690056311270e-04 2.284630797136929603e-04 7.294701585866988610e-04 6.341974192898434073e-07
4.283932103633836050e+03 7.430467128028945363e-04 2.290975564821041499e-04 7.298052134071819370e-04 3.757585595202776063e-06
4.329252137337094609e+03 7.377639369001874267e-04 2.275677839950537439e-04 7.265618335565760021e-04 6.634764487717904487e-06
4.374572171040353169e+03 7.346157227856134645e-04 2.278375285086196747e-04 7.235970887523732664e-04 8.355618001879767026e-06
4.419892204743611728e+03 7.300692798915618242e-04 2.289819959380169070e-04 7.198576533833875041e-04 1.082232126034031344e-05
4.465212238446869378e+03 7.301403181460586504e-04 2.306670521748558180e-04 7.188356572677040467e-04 1.367702478534088851e-05
4.510532272150127937e+03 7.262087813486811736e-04 2.322882095989637101e-04 7.172239114805431829e-04 1.616103030490934552e-05
4.555852305853386497e+03 7.212030319005258540e-04 2.319729906790615119e-04 7.184855213733641220e-04 1.622440125376927472e-05
4.601172339556645056e+03 7.147380974143187175e-04 2.333161065424707689e-04 7.185125097002572963e-04 1.837943950723030403e-05
4.646492373259902706e+03 7.096625404957444165e-04 2.360362539320709420e-04 7.228546354771512488e-04 2.272099232905796780e-05
4.691812406963161266e+03 6.982065491937969283e-04 2.360497000401408753e-04 7.222237394725344482e-04 2.289958161443530262e-05
4.737132440666419825e+03 6.892542197227399326e-04 2.390984595326668628e-04 7.248889454205794183e-04 2.400144451290599573e-05
4.782452474369678384e+03 6.796872530835212619e-04 2.409309352067557448e-04 7.253297957063372259e-04 2.726964989333723115e-05
4.827772508072936944e+03 6.770288589223419796e-04 2.433924965284690195e-04 7.277238543743310469e-04 2.937551423965633268e-05
4.873092541776194594e+03 6.725974483242284745e-04 2.446896241493580937e-04 7.314799399719383328e-04 3.148634319983266482e-05
4.918412575479453153e+03 6.758358403801813068e-04 2.438128830463900140e-04 7.365146986324928565e-04 3.244915759367523171e-05
4.963732609182711712e+03 6.734881232069527511e-04 2.425604113794344052e-04 7.410999691485191951e-04 3.293099522251602277e-05
5.009052642885970272e+03 6.730633724918192937e-04 2.437919151057501394e-04 7.427302871159580013e-04 3.370439585565125851e-05
5.054372676589227922e+03 6.681318730175815970e-04 2.460913853206794289e-04 7.427629518663084315e-04 3.547221517771449527e-05
5.099692710292486481e+03 6.654167038420392847e-04 2.454655083934446881e-04 7.394673009683355941e-04 3.719205940273803755e-05
5.145012743995745041e+03 6.605593740255578288e-04 2.491522772544084940e-04 7.366488757600959643e-04 4.044622412172720456e-05
5.190332777699003600e+03 6.539596921961564769e-04 2.497106461128969558e-04 7.341237054982516609e-04 4.242720034982600240e-05
5.235652811402262159e+03 6.501869961577867642e-04 2.515369135298248238e-04 7.335956904200866338e-04 4.567774534903379813e-05
5.280972845105519809e+03 6.457051222325987157e-04 2.503048693253425816e-04 7.336785998559826804e-04 4.632246996113442212e-05
5.326292878808778369e+03 6.428149624287471733e-04 2.533671589052363020e-04 7.351135900825707175e-04 5.057898621631106578e-05
5.371612912512036928e+03 6.396097166757675270e-04 2.542931262272327673e-04 7.349948121730320513e-04 5.087226663434486252e-05
5.416932946215295487e+03 6.361791829091905694e-04 2.539641379792635092e-04 7.364339278307940623e-04 5.311025891242699142e-05
5.462252979918553137e+03 6.325220190147709315e-04 2.524734032987523244e-04 7.369506227476443558e-04 5.152858066237066953e-05
5.507573013621811697e+03 6.262611621647288292e-04 2.539446078362335825e-04 7.373181416880166157e-04 5.391308784838269932e-05
5.552893047325070256e+03 6.267186477415955621e-04 2.540146337739813184e-04 7.395683073792498922e-04 5.601374297025207383e-05
5.598213081028328816e+03 6.220868655967325220e-04 2.536675899996728247e-04 7.410115201711054865e-04 5.873119054669627762e-05
5.643533114731586465e+03 6.236223501456775349e-04 2.527574072369234291e-04 7.440478905984896632e-04 5.916343403335717704e-05
5.688853148434845025e+03 6.174634660825398117e-04 2.552696781046586588e-04 7.440868800141616163e-04 5.984263080376308637e-05
5.734173182138103584e+03 6.143427652678590993e-04 2.524258659843581394e-04 7.467635071305947937e-04 5.781097455086581878e-05
5.779493215841362144e+03 6.122434365701927023e-04 2.555822706168474194e-04 7.447654224101011352e-04 6.300307601024975014e-05
5.824813249544620703e+03 6.062733757190587845e-04 2.540554389109952690e-04 7.442963797280971417e-04 6.312940594658137468e-05
5.870133283247879262e+03 6.031282390703424914e-04 2.571942761352991199e-04 7.421905385211014037e-04 6.787312995600557064e-05
5.915453316951137822e+03 5.988246041534623634e-04 2.563880922587086740e-04 7.413641937373237085e-04 6.911667021748168561e-05
5.960773350654396381e+03 5.938507215962639035e-04 2.588720427485746429e-04 7.384129733810185052e-04 7.135547441937541797e-05
6.006093384357654031e+03 5.875908934335988352e-04 2.602553270216821754e-04 7.391740965765632556e-04 7.072756304998965079e-05
6.051413418060912591e+03 5.865889333873436275e-04 2.618484522768463633e-04 7.396954297173920527e-04 7.163211346617119992e-05
6.096733451764171150e+03 5.867040945431046400e-04 2.601413879673909898e-04 7.438836686314191995e-04 7.333823249244190556e-05
6.142053485467429709e+03 5.861761105071409744e-04 2.600679409141826702e-04 7.465680933251264608e-04 7.589390101463094711e-05
6.187373519170687359e+03 5.855306728915801425e-04 2.607989033054097122e-04 7.510718340365571226e-04 7.878241379660743131e-05
6.232693552873945919e+03 5.798521112482248833e-04 2.600207936412372769e-04 7.558256429388188376e-04 7.828453751143467875e-05
6.278013586577204478e+03 5.778955538407036952e-04 2.608307551138668696e-04 7.629185039070944530e-04 8.172926434092450524e-05
6.323333620280463037e+03 5.749904222783849437e-04 2.612626655741717924e-04 7.683433158991760659e-04 8.317071702766639957e-05
6.368653653983721597e+03 5.727165476831392070e-04 2.613085687626439963e-04 7.755031332441963618e-04 8.503863185762529830e-05
6.413973687686979247e+03 5.676193404602025662e-04 2.622218984524451817e-04 7.784175444119394638e-04 8.453102836835480567e-05
6.459293721390237806e+03 5.640740395337262483e-04 2.610962716128382272e-04 7.833021455570700212e-04 8.428543498002542508e-05
6.504613755093496366e+03 5.631283067843782623e-04 2.606781991897910451e-04 7.835032537572757813e-04 8.399750144928018632e-05
6.549933788796754925e+03 5.603954145372350409e-04 2.604225332529996537e-04 7.922814502786555474e-04 8.391486708079694300e-05
6.595253822500012575e+03 5.520294417591893382e-04 2.594014267936895065e-04 7.914281786284422778e-04 8.403809920425510535e-05
6.640573856203271134e+03 5.477905286057175053e-04 2.617948498866656359e-04 8.001308666205746980e-04 8.697258979749496188e-05
6.685893889906529694e+03 5.403944491617535028e-04 2.648914301742388497e-04 7.948153999457449647e-04 8.951867407076919228e-05
6.731213923609788253e+03 5.370418941290738780e-04 2.668333272803002573e-04 8.006314803191986931e-04 9.235492854267967982e-05
6.776533957313045903e+03 5.218260345355188413e-04 2.700940241183822244e-04 7.843720514537108439e-04 9.152683386689022815e-05
6.821853991016304462e+03 5.118496632146329363e-04 2.754353799184158270e-04 7.834649311265985596e-04 9.184151853742220572e-05
6.867174024719563022e+03 4.958167147765712079e-04 2.819089491844865283e-04 7.507833827029844129e-04 9.258751054293389731e-05
6.912494058422821581e+03 4.836609291786572620e-04 2.904544180375289580e-04 7.359235495662995669e-04 9.316385957974634621e-05
6.957814092126080141e+03 4.662491656331435542e-04 2.999475078157001415e-04 6.815501948432496669e-04 9.611354878918754792e-05
7.003134125829337790e+03 4.515865092660651596e-04 3.078940116572092861e-04 6.533658614689433165e-04 9.493584873238704932e-05
7.048454159532596350e+03 4.332467475887795969e-04 3.183886723983513686e-04 5.740600467307709889e-04 9.647188366602898655e-05
7.093774193235854909e+03 4.240033747652629300e-04 3.344711070860697513e-04 5.175677159771817576e-04 9.822003393577087853e-05
7.139094226939113469e+03 3.861346336012308890e-04 3.537458898810271922e-04 4.016876791020551531e-04 9.517465676862691727e-05
7.184414260642371119e+03 3.467734023179486311e-04 3.987706229173141985e-04 3.092766203283139285e-04 1.015250184164063270e-04
7.229734294345629678e+03 2.597202478489713949e-04 4.511321146564689199e-04 2.108166318991336406e-04 9.459718006614546845e-05
