# Columns: yplus tau11+ tau22+ tau33+ tau12+ | Case=jet_M12_T05 | x*=10.00
4.313427773867807291e-01 3.917456338706222507e-02 1.809129814333855615e-05 2.301116949548765930e-02 -1.697626771991387847e-04
1.263665201444230446e+00 3.415650015582000210e-01 4.915265440509622094e-04 1.647409791918303390e-01 -3.411317859991913268e-03
2.099416902831863663e+00 9.220640653623634053e-01 2.662177929638588278e-03 3.762680044241207278e-01 -1.510533897139100176e-02
2.939526986918088003e+00 1.728706649893403835e+00 7.757496753966698112e-03 6.134569218045823336e-01 -3.924233944250007239e-02
3.785025420064870971e+00 2.673732817818167629e+00 1.662638632388900931e-02 8.524007701558361516e-01 -7.681314638647972204e-02
4.637029444269359146e+00 3.657958570810368126e+00 2.947808746848944519e-02 1.080778228959458076e+00 -1.257534388666711744e-01
5.496730027432805699e+00 4.598152692883012982e+00 4.643558003673570883e-02 1.293836431183511548e+00 -1.828063868270783932e-01
6.365379511961481995e+00 5.440203320401701959e+00 6.719601774462631572e-02 1.490168321223664272e+00 -2.441812858547371956e-01
7.244281190736740150e+00 6.158609051182803995e+00 9.171643768740944669e-02 1.670574861037939840e+00 -3.069576111567933197e-01
8.134781139953268791e+00 6.748635065752701223e+00 1.195819215471361080e-01 1.836001012963682122e+00 -3.685640418440057631e-01
9.038262321210625672e+00 7.218169854841267608e+00 1.507855366339214964e-01 1.987887826552971138e+00 -4.275862425856268301e-01
9.956140750206930790e+00 7.581406930941815503e+00 1.848738575719421073e-01 2.127279886647055474e+00 -4.828515847422810148e-01
1.088986341272690517e+01 7.854219166804998764e+00 2.218012827497387873e-01 2.255392871576912928e+00 -5.340334603022590665e-01
1.184090757180221942e+01 8.051633263086610981e+00 2.610830835061124233e-01 2.373087229965147316e+00 -5.808947418720852296e-01
1.281078112825934845e+01 8.186548321960525954e+00 3.026858851940222306e-01 2.481123418406332437e+00 -6.236292944437715757e-01
1.380102374631273143e+01 8.270392796165737082e+00 3.461610073545734467e-01 2.579962431910011400e+00 -6.624338629385152499e-01
1.481320851708766817e+01 8.312753368216949212e+00 3.914374550067906688e-01 2.670019886382158703e+00 -6.976822154202526605e-01
1.584894399287574274e+01 8.321840299835679744e+00 4.381080977612525351e-01 2.751568685061260844e+00 -7.296027290008506583e-01
1.690987647632139357e+01 8.304566743345436208e+00 4.861409189643851048e-01 2.825179454260898559e+00 -7.584837312057268743e-01
1.799769248892710394e+01 8.266294066494346282e+00 5.351622448329357296e-01 2.891565655697399428e+00 -7.844936589390487658e-01
1.911412137248000676e+01 8.211116441321800963e+00 5.851700262257939489e-01 2.951489530310664744e+00 -8.080305365188722444e-01
2.026093799697484954e+01 8.142702546647720752e+00 6.358105458086745765e-01 3.005958074641650768e+00 -8.292038554058855926e-01
2.143996556154828426e+01 8.063655045964155832e+00 6.870607521751381785e-01 3.055887678117123585e+00 -8.482426700203592462e-01
2.265307848293419113e+01 7.976630163968437159e+00 7.386538099526932521e-01 3.101966661984683959e+00 -8.653524678253600166e-01
2.390220537068908868e+01 7.884072857246178678e+00 7.905711414603034948e-01 3.144423788018182453e+00 -8.809006302552416789e-01
2.518933209115427374e+01 7.788610226438514417e+00 8.425173560401523210e-01 3.183287602826039731e+00 -8.951971469595254582e-01
2.651650492364919032e+01 7.692428193608966680e+00 8.943326989212408984e-01 3.218550152297398270e+00 -9.083412286693746118e-01
2.788583381325259225e+01 7.597247359313822557e+00 9.459046697311337404e-01 3.250651308611667734e+00 -9.204438841996692711e-01
2.929949572503647204e+01 7.503884735718673760e+00 9.970821902017033000e-01 3.279881253015108022e+00 -9.314754585968791911e-01
3.075973810494848593e+01 7.411815000109990947e+00 1.047937997139599009e+00 3.306614249135819250e+00 -9.414453843732726313e-01
3.226888245278579603e+01 7.321038472505045469e+00 1.098299579441035068e+00 3.331005180302003765e+00 -9.504994950767908790e-01
3.382932801291613600e+01 7.231623534842944068e+00 1.148253312037271767e+00 3.353041733519559475e+00 -9.587079875905617499e-01
3.544355558860372923e+01 7.143627689709737716e+00 1.197494788703004520e+00 3.372813236184120544e+00 -9.659486029589042788e-01
3.711413148599996958e+01 7.058537909096364693e+00 1.246047994228883349e+00 3.390710822407743130e+00 -9.723312479337612446e-01
3.884371159406801866e+01 6.976958020512848080e+00 1.293607752943566558e+00 3.406979726865666969e+00 -9.783125240850208959e-01
4.063504560692661016e+01 6.899143538422078947e+00 1.340195791886807486e+00 3.421783608598788273e+00 -9.838816857211546418e-01
4.249098139532591034e+01 6.825999869665726472e+00 1.385424825748121203e+00 3.434643558720871681e+00 -9.893386264173321676e-01
4.441446953420512500e+01 6.758583788820422988e+00 1.429460818043125192e+00 3.445176205004195857e+00 -9.943408649980364222e-01
4.640856799352948059e+01 6.696305535875882953e+00 1.472072349712350903e+00 3.453672896697067340e+00 -9.989151139060122864e-01
4.847644699986455663e+01 6.638458619304311803e+00 1.513589335196916297e+00 3.460254425168412418e+00 -1.002755872394342385e+00
5.062139407641640787e+01 6.585274985255332503e+00 1.553960456919792010e+00 3.465321510230618518e+00 -1.006429725680113352e+00
5.284681926955061471e+01 6.536277527414759980e+00 1.593603106523154844e+00 3.469889637539232297e+00 -1.009961497224550087e+00
5.515626057009898631e+01 6.490006024718239175e+00 1.632873419119945435e+00 3.473870885463888225e+00 -1.013665637147767473e+00
5.755338953807326163e+01 6.446304713539348974e+00 1.671995149261449543e+00 3.477139095984757677e+00 -1.017048836945291912e+00
6.004201713972722843e+01 6.405683001749803651e+00 1.710904847833985221e+00 3.480318654102276366e+00 -1.020507363226421438e+00
6.262609980624802120e+01 6.368387444872236181e+00 1.749370083625253258e+00 3.483963040567248814e+00 -1.023482061267643406e+00
6.530974572370763553e+01 6.334926864346814845e+00 1.787083954443460909e+00 3.487966077328321202e+00 -1.026368192210673103e+00
6.809722136427562589e+01 6.305775663746795878e+00 1.824046690817923144e+00 3.490609714590068080e+00 -1.029540825552553773e+00
7.099295826907545859e+01 6.280348165352087619e+00 1.860682779923302554e+00 3.491560802400818453e+00 -1.032740553437355713e+00
7.400156009346795827e+01 6.259375673404119489e+00 1.897380861194602808e+00 3.490603946682391268e+00 -1.035415757358612465e+00
7.712780992596327678e+01 6.244918374193077604e+00 1.934128880531729600e+00 3.488309450816502899e+00 -1.037956341017471695e+00
8.037667789239603167e+01 6.236536646195953715e+00 1.970589621816907000e+00 3.485902909280333972e+00 -1.040922323921335879e+00
8.375332905745349876e+01 6.230365593648369504e+00 2.006578744069202447e+00 3.482781532520399459e+00 -1.044089423645863324e+00
8.726313163611814616e+01 6.223968182114013814e+00 2.042548589657800395e+00 3.478779406064913537e+00 -1.047865711789236487e+00
9.091166552807999324e+01 6.219541424364805060e+00 2.078439599139648042e+00 3.476534936364346517e+00 -1.051882015690843941e+00
9.470473118868527251e+01 6.220404220710096688e+00 2.114229223084187037e+00 3.473712233922326309e+00 -1.056460860494067067e+00
9.864835885052654874e+01 6.223562195400422326e+00 2.149912998533412001e+00 3.470264705356624901e+00 -1.060648836178314403e+00
1.027488181103329907e+02 6.228925444161269809e+00 2.185095010790087056e+00 3.466744717748655891e+00 -1.064571907329803224e+00
1.070126278964031314e+02 6.237152768536426528e+00 2.219457727882473197e+00 3.461588767225206809e+00 -1.068097563582438125e+00
1.114465668324257166e+02 6.251920805171346629e+00 2.252957518603169618e+00 3.454241689078669353e+00 -1.072957367810322138e+00
1.160576840141660142e+02 6.277509711293330241e+00 2.287132000628144368e+00 3.446821342506763752e+00 -1.078993685821738824e+00
1.208533102161491968e+02 6.314936661215541314e+00 2.323595978929779982e+00 3.438478838891575240e+00 -1.084849700695327934e+00
1.258410695461583657e+02 6.362860469417353393e+00 2.362092984276884966e+00 3.430250917619031892e+00 -1.089428205280018602e+00
1.310288915660748046e+02 6.412888867572220875e+00 2.401082708202868954e+00 3.423009317423538533e+00 -1.091900876432533529e+00
1.364250238983305223e+02 6.462281162323255224e+00 2.439372361587937466e+00 3.413725020426231271e+00 -1.094021845366157430e+00
1.420380453380151380e+02 6.518888367140668549e+00 2.475212643484432817e+00 3.406232598889804120e+00 -1.098770349339076580e+00
1.478768794914821569e+02 6.580035962707560415e+00 2.509964047773913354e+00 3.405466151718888668e+00 -1.106346679640639374e+00
1.539508089631377743e+02 6.633759489738354276e+00 2.545980674197237725e+00 3.400440519015185181e+00 -1.112718488484209622e+00
1.602694901129669063e+02 6.694346537865872193e+00 2.582161228013296395e+00 3.393761736290731967e+00 -1.118287090350354118e+00
1.668429684082565245e+02 6.781030919045502259e+00 2.616925533678790661e+00 3.379554173138215489e+00 -1.123437565911388880e+00
1.736816943939244879e+02 6.882958430352931423e+00 2.652039361575241116e+00 3.365826661871853531e+00 -1.130865680782272342e+00
1.807965403068421040e+02 6.992307245220712453e+00 2.685873955199813867e+00 3.358447319687758892e+00 -1.143275956126046156e+00
1.881988173605642203e+02 7.109853924776284195e+00 2.719586057245765964e+00 3.353202208554792119e+00 -1.158922449009560207e+00
1.959002937279468028e+02 7.251053569885504757e+00 2.757014521159885767e+00 3.345640705421235150e+00 -1.178392451216439651e+00
2.039132132502403465e+02 7.420128132176349034e+00 2.793350199588270577e+00 3.338884942459301897e+00 -1.198182137551216719e+00
2.122503149024029767e+02 7.616961301920649241e+00 2.825864408033716302e+00 3.337225518712568562e+00 -1.218413809899677958e+00
2.209248530455790842e+02 7.825241157319814178e+00 2.857498520204945436e+00 3.322111909465583768e+00 -1.236910338303339962e+00
2.299506184989415090e+02 8.036482125877443039e+00 2.890533348555965887e+00 3.311264029866901826e+00 -1.261364918189904261e+00
2.393419604643973173e+02 8.270866790547771075e+00 2.923302237175960716e+00 3.301631251684271184e+00 -1.298724047806915527e+00
2.491138093390124482e+02 8.540671827333081723e+00 2.955713240503401451e+00 3.295096745803928417e+00 -1.331736442457087666e+00
2.592817004514245127e+02 8.832069828105332476e+00 2.992309643460574264e+00 3.286831448419647472e+00 -1.361608342343016975e+00
2.698617987599806156e+02 9.137300600222410196e+00 3.025227495569172032e+00 3.262482724857078242e+00 -1.395783906215620762e+00
2.808709245518698481e+02 9.471861766427007723e+00 3.045882755509099482e+00 3.237463488707691184e+00 -1.425885056206368517e+00
2.923265801841190523e+02 9.810649671708182140e+00 3.051539624118475125e+00 3.222962400827227292e+00 -1.466039358476991294e+00
3.042469779089971667e+02 1.017310426239802545e+01 3.048729639486721599e+00 3.211373322264190033e+00 -1.514973346131039511e+00
3.166510688281445027e+02 1.053726545564162720e+01 3.052286248540842628e+00 3.174195767533170010e+00 -1.568617622090953567e+00
3.295585730216496927e+02 1.089681234880337435e+01 3.056485053849649969e+00 3.140605218940255572e+00 -1.622267040374128166e+00
3.429900109004176443e+02 1.126335706951260640e+01 3.035273507878494481e+00 3.116068911725054402e+00 -1.667506708355264600e+00
3.569667358326348108e+02 1.160001301987091438e+01 3.010760221939804193e+00 3.110445689540621839e+00 -1.698472386597895678e+00
3.715109680981898350e+02 1.194930797639157305e+01 2.974122154635618021e+00 3.107268881676642724e+00 -1.724489917553683638e+00
3.866458302288568234e+02 1.229865733301168973e+01 2.953102203936630588e+00 3.092048545747586363e+00 -1.745554420486356673e+00
4.023953837972023280e+02 1.263103299918648048e+01 2.920561054390683697e+00 3.089753838296143140e+00 -1.767487968842675450e+00
4.187846677233716832e+02 1.290105114101649519e+01 2.883057866307899175e+00 3.075808802352889337e+00 -1.803954646600534284e+00
4.358397381743561141e+02 1.308199949208685098e+01 2.831618608043256380e+00 3.041321725051804314e+00 -1.822340737266412658e+00
4.535877101290069504e+02 1.320248240815529428e+01 2.772773563801690155e+00 3.003930098857209074e+00 -1.834659257665456789e+00
4.720568006584533123e+02 1.325049894936099726e+01 2.707789494884313974e+00 2.940991542508377687e+00 -1.839099009445134714e+00
4.912763738914301825e+02 1.325273918619255653e+01 2.639583957297519934e+00 2.871680694155664071e+00 -1.845535489127669848e+00
5.112769874295810837e+02 1.308270947261601336e+01 2.548578176909457316e+00 2.802389042639822136e+00 -1.845609305773464159e+00
5.320904395269099041e+02 1.276486438513177291e+01 2.442356243707644037e+00 2.719364527203916637e+00 -1.845246853459087122e+00
5.537498154493011953e+02 1.237346646346123080e+01 2.335770303508022394e+00 2.613819024503572397e+00 -1.814528520903424980e+00
5.762895297832922097e+02 1.182424439562527674e+01 2.272671891297612490e+00 2.494309134688966090e+00 -1.775299927757231888e+00
5.997453586635172087e+02 1.109508938910424014e+01 2.167221009471225646e+00 2.391022786666400446e+00 -1.714900477491248632e+00
6.241544514636930217e+02 1.020136858709796890e+01 2.052296391775773277e+00 2.217067403760792921e+00 -1.649221854138487098e+00
6.495553050108567277e+02 9.118209272615686700e+00 1.905319419495029809e+00 2.054259501903135110e+00 -1.544022484441669452e+00
6.759876746285651734e+02 7.919874168109727108e+00 1.758808519491826372e+00 1.867251925511799415e+00 -1.426127575705904649e+00
7.034923855925472935e+02 6.650869104239073515e+00 1.600275746388589271e+00 1.657010622809353739e+00 -1.276997450506714316e+00
7.321109970325319409e+02 5.380352804495386110e+00 1.448260536541952304e+00 1.407996579139308757e+00 -1.139980673789685595e+00
7.618852602012989337e+02 4.227186577627187525e+00 1.285485615032069706e+00 1.167224170184558707e+00 -9.921410375670299819e-01
7.928563078297642051e+02 3.210901530856337338e+00 1.130591234783832721e+00 9.483921302604474413e-01 -8.287497327989764573e-01
8.250635153853505699e+02 2.254513556530517882e+00 9.619108489239746040e-01 7.572803263392172690e-01 -6.531553429444125758e-01
8.585429929522798602e+02 1.469704131273164904e+00 8.096715277193139437e-01 5.969234456903512731e-01 -5.053504556885998200e-01
8.933257014489666972e+02 9.302202086925053237e-01 6.491979439915001038e-01 4.367342129607315049e-01 -3.697914104813854186e-01
9.294352394385306297e+02 5.422643926250056978e-01 4.940909640830384864e-01 2.826656796797910598e-01 -2.432822007225863281e-01
9.668854129820067556e+02 3.173757728730718930e-01 3.464389995120158994e-01 1.806622378612317836e-01 -1.317194998458786348e-01
1.005677771845438428e+03 1.904668966189925761e-01 2.297134536917791736e-01 1.118621436748249154e-01 -6.427161721618755708e-02
1.045799357404652255e+03 1.081426319691501381e-01 1.535012929616080268e-01 6.402626553813554888e-02 -2.824755839876713984e-02
1.087220945008509943e+03 6.702614771175462172e-02 1.008632294965101234e-01 3.591221303288534561e-02 -9.232268624902839615e-03
1.129896061944879193e+03 4.612373537514102145e-02 6.657474002219254672e-02 2.214584570692677834e-02 -3.214591811488289909e-03
1.173761012738381396e+03 3.228658212484273454e-02 4.548578785394309654e-02 1.515728966371664849e-02 -1.803664079025800188e-03
1.218736046824064488e+03 2.292776754844604720e-02 3.218171415988855394e-02 1.081669768212665909e-02 -1.426706257689995669e-03
1.264727671163808054e+03 1.657169504590451370e-02 2.310512593357069364e-02 7.891591505012124017e-03 -9.797086785822859897e-04
1.311631963282218067e+03 1.217034187278921882e-02 1.691865287421718406e-02 5.891514523009635206e-03 -7.581343408030916282e-04
1.359338605180645345e+03 9.092451945955055265e-03 1.257709301800401420e-02 4.474501266448404659e-03 -5.259458705912539202e-04
1.407735261642495288e+03 6.884475600762306365e-03 9.486455090054597000e-03 3.470578017507536858e-03 -4.207239942570068208e-04
1.456711886442774812e+03 5.282838334546047752e-03 7.263018796220342688e-03 2.736210840126186272e-03 -2.924340039173914754e-04
1.506164563908291029e+03 4.124725836580312929e-03 5.644868823628796176e-03 2.208249120378202000e-03 -2.221186019719308970e-04
1.555998574640470224e+03 3.277641725856979531e-03 4.439098513288829671e-03 1.806509594274380986e-03 -1.527788179274752679e-04
1.606130495017461953e+03 2.649480490099315796e-03 3.537874578578056872e-03 1.513347662115733941e-03 -1.137296502552100644e-04
1.656489275746223939e+03 2.167546248878111058e-03 2.858887586698403462e-03 1.282858920147028885e-03 -7.951749746226535515e-05
1.707016370261715110e+03 1.808799107963758633e-03 2.347940956364916697e-03 1.113070989614435829e-03 -5.866933442838335268e-05
1.757665079461760797e+03 1.523980170190834382e-03 1.952438256904917178e-03 9.775882018809133999e-04 -3.483369467025126411e-05
1.808399334288086266e+03 1.313766017180867255e-03 1.627136420200728760e-03 8.785175294653283428e-04 -2.264477948173926835e-05
1.859192150915839875e+03 1.135653599171166598e-03 1.384907862748616580e-03 7.994501834696239855e-04 -1.004244784732643994e-05
1.910023971779844032e+03 1.001576232769179481e-03 1.184633216295663278e-03 7.384580657436112892e-04 -6.829979894188629106e-06
1.960881061177727361e+03 8.849725458588781008e-04 1.029941368607644337e-03 6.880547872648683227e-04 2.005808990210328579e-06
2.011754069791968277e+03 7.961981637518752552e-04 9.072967518683610092e-04 6.482218674931665339e-04 5.116347087302671831e-06
2.062636829418243451e+03 7.204877115829316997e-04 8.011914564339405907e-04 6.134921315987881688e-04 7.767477427632225523e-06
2.113525395165196642e+03 6.572820106604915051e-04 7.079518945966121329e-04 5.869556553685959877e-04 8.694354012137782374e-06
2.164417321075887230e+03 6.052233965524600337e-04 6.359591366052371733e-04 5.630816206398376982e-04 9.032051277621027261e-06
2.215311136756741234e+03 5.604285065243360059e-04 5.733305096137678936e-04 5.453575292178817601e-04 9.292758169899764534e-06
2.266205985135537503e+03 5.235020573111337202e-04 5.250616599614359300e-04 5.280566885224805126e-04 1.022456651624314122e-05
2.317101381790765572e+03 4.908109425588254218e-04 4.804176315924042089e-04 5.153262021171703096e-04 1.069202515934643708e-05
2.367997061218837644e+03 4.633920843388894127e-04 4.421193772486247406e-04 5.023647232135114741e-04 1.252675773479091983e-05
2.418892882304757222e+03 4.398607047334054552e-04 4.056082302883228722e-04 4.943553287748471154e-04 1.253052014209619175e-05
2.469788772313608661e+03 4.222247266177607127e-04 3.770090154694859166e-04 4.851501159409968766e-04 1.294295234110431488e-05
2.520684694888443119e+03 4.053721954035428279e-04 3.516210759899456592e-04 4.779184362963056977e-04 1.247726487594059252e-05
2.571580632404995413e+03 3.923815399422564019e-04 3.319916815598925215e-04 4.713476632086755847e-04 1.395510518217380689e-05
2.622476576577832930e+03 3.776926570499011967e-04 3.117051844242660179e-04 4.668231843863180079e-04 1.420962795648453297e-05
2.673372523629517673e+03 3.676897615793429204e-04 2.972694318749513989e-04 4.628797076932657760e-04 1.479807601120725472e-05
2.724268471889904959e+03 3.572352094184416986e-04 2.796625551178881465e-04 4.603076208760400025e-04 1.408561102373201449e-05
2.775164420642892765e+03 3.493064353955293829e-04 2.684331646720124046e-04 4.595186660167348866e-04 1.538477019567401974e-05
2.826060369590731170e+03 3.404059483720811748e-04 2.538429034237896622e-04 4.578634733045319370e-04 1.503043189287802861e-05
2.876956318613370058e+03 3.335297796212913506e-04 2.434873826687141752e-04 4.589587294213412863e-04 1.747013884919988922e-05
2.927852267663872681e+03 3.297198626040591103e-04 2.310354273873816561e-04 4.573634105607908952e-04 1.908323574463795277e-05
2.978748216724447047e+03 3.253781683209496542e-04 2.231076291716165840e-04 4.577129339320081566e-04 2.094466030813506871e-05
3.029644165788553437e+03 3.213146258760588318e-04 2.155486533605575818e-04 4.556065668262391588e-04 2.200769071116512069e-05
3.080540114853861269e+03 3.187244756832018056e-04 2.085919464849244481e-04 4.540608833848363635e-04 2.314644013292956138e-05
3.131436063919566095e+03 3.152431042181604590e-04 2.012806090350929985e-04 4.521950998690201884e-04 2.273213534607575916e-05
3.182332012985396887e+03 3.129873389287288633e-04 1.952144303515065515e-04 4.499033536329938516e-04 2.367177695679234759e-05
3.233227962051267696e+03 3.110961011098123266e-04 1.891384738762179058e-04 4.485527896528185678e-04 2.493921530210427637e-05
3.284123911117149419e+03 3.097630921474187190e-04 1.837709787610405964e-04 4.467934657621542302e-04 2.616177712075389573e-05
3.335019860183036144e+03 3.073344599719259268e-04 1.800817301952887140e-04 4.466817133646499996e-04 2.825061170311756392e-05
3.385915809248923324e+03 3.058364933073801106e-04 1.750092674730573518e-04 4.468045386214731878e-04 2.884985280846261935e-05
3.436811758314810049e+03 3.045246037666993156e-04 1.729503135310649640e-04 4.472507101093856291e-04 3.236951126348464741e-05
3.487707707380696775e+03 3.027487953364243057e-04 1.685289360952460871e-04 4.484433525498138619e-04 3.358494405513820394e-05
3.538603656446583500e+03 2.997957376670741243e-04 1.662025681271541593e-04 4.487714599976594192e-04 3.423798004804033261e-05
3.589499605512470680e+03 2.980691159316272354e-04 1.629111700098157813e-04 4.508246933089451449e-04 3.397826573860333524e-05
3.640395554578357405e+03 2.964552785910334280e-04 1.590675391936378317e-04 4.519149124293707028e-04 3.443113339782087536e-05
3.691291503644244131e+03 2.953694756575235927e-04 1.564338981750470440e-04 4.558140891267678930e-04 3.454003677809413825e-05
3.742187452710131311e+03 2.940790810029260340e-04 1.528646708920614744e-04 4.573481041471892444e-04 3.460776284641437633e-05
3.793083401776018036e+03 2.927455228924522816e-04 1.515122952961363886e-04 4.591315197268586016e-04 3.603096465537275174e-05
3.843979350841904761e+03 2.903338703296051379e-04 1.491179633035742940e-04 4.584209657917578387e-04 3.615815636505951983e-05
3.894875299907791486e+03 2.899931267484370497e-04 1.474607788231860925e-04 4.577407613376099178e-04 3.877729963729958961e-05
3.945771248973678667e+03 2.890145964646825849e-04 1.459034189886023738e-04 4.571767444710267110e-04 3.952283963259654859e-05
3.996667198039565392e+03 2.901952698669562920e-04 1.444150244175737628e-04 4.580644049385172853e-04 4.059346214161506535e-05
4.047563147105452117e+03 2.900189645895732147e-04 1.436875677225056254e-04 4.584771135353601446e-04 4.252852369615898543e-05
4.098459096171340207e+03 2.906113526555675897e-04 1.450314434465302296e-04 4.587244411400291091e-04 4.281738201963471006e-05
4.149355045237226477e+03 2.905016139414558088e-04 1.452152344883504470e-04 4.584670465814011170e-04 4.388878471110979574e-05
4.200250994303113657e+03 2.902333551762057047e-04 1.448922553608272725e-04 4.563840520999790616e-04 4.371910920117965337e-05
4.251146943368999928e+03 2.891100562508246651e-04 1.446360353574273154e-04 4.553485524058038846e-04 4.535474338334325161e-05
4.302042892434887108e+03 2.889523762338470632e-04 1.446200205571113325e-04 4.545189256758209897e-04 4.721010879175722280e-05
4.352938841500774288e+03 2.888911390369994117e-04 1.423597941888612647e-04 4.580228961874922042e-04 4.810180196645865363e-05
4.403834790566660558e+03 2.889565839498675084e-04 1.406517969030068188e-04 4.604209470740196447e-04 5.065685869057566661e-05
4.454730739632547738e+03 2.902130648660536578e-04 1.391264928206166680e-04 4.657940744372003334e-04 5.183761881119620544e-05
4.505626688698434918e+03 2.900603437812739808e-04 1.370681475780923615e-04 4.697937943311101443e-04 5.438870137940824860e-05
4.556522637764321189e+03 2.921946020456904968e-04 1.347582602851843153e-04 4.752479633449363050e-04 5.552066912306982189e-05
4.607418586830208369e+03 2.930090577769791640e-04 1.342509314072831250e-04 4.788596201182017333e-04 5.715526412590473196e-05
4.658314535896095549e+03 2.937344550842388240e-04 1.318764628663916002e-04 4.847430155720254302e-04 5.726925526734244389e-05
4.709210484961981820e+03 2.958615711180908269e-04 1.314778068552228680e-04 4.878034001364944458e-04 5.784849885400792616e-05
4.760106434027869000e+03 2.962424589904420085e-04 1.305053582697492066e-04 4.931133631239262120e-04 5.702824384562565441e-05
4.811002383093756180e+03 2.955728401670290693e-04 1.305124804814525308e-04 4.961101765959938150e-04 5.838983450746201360e-05
4.861898332159642450e+03 2.963362757876149842e-04 1.311303329717517332e-04 5.000527996743834224e-04 6.004029288331315720e-05
4.912794281225529630e+03 2.973354905292863236e-04 1.329128059234755018e-04 5.011503024188647014e-04 6.271052358401974218e-05
4.963690230291415901e+03 2.971410715572111723e-04 1.336606549021739857e-04 5.013445433478280235e-04 6.409502221943736528e-05
5.014586179357303081e+03 2.964936416361280136e-04 1.351144749197274130e-04 5.017451425565536399e-04 6.578078432014627529e-05
5.065482128423190261e+03 2.935175180227942858e-04 1.352227895675475744e-04 5.008319210984873895e-04 6.531576211519459537e-05
5.116378077489076531e+03 2.913446876029831449e-04 1.349600523291917022e-04 5.025501751613907541e-04 6.613539340360198831e-05
5.167274026554963712e+03 2.892499381068997736e-04 1.348576764102405357e-04 5.032270180423337657e-04 6.726475247381444420e-05
5.218169975620850892e+03 2.896645010732272051e-04 1.349971840687357396e-04 5.063416331741249976e-04 6.899729207369987834e-05
5.269065924686737162e+03 2.895746971098980892e-04 1.353149831963910412e-04 5.085670146306609657e-04 6.980873298047955472e-05
5.319961873752624342e+03 2.899990077780130828e-04 1.362225554281980885e-04 5.119313395564155118e-04 7.023752019412865652e-05
5.370857822818511522e+03 2.880524070370592900e-04 1.373213335798944559e-04 5.134177635821319391e-04 7.100888263107701286e-05
5.421753771884397793e+03 2.897196704065537528e-04 1.384360166757190203e-04 5.154893652360072881e-04 7.156370550393931879e-05
5.472649720950284973e+03 2.920586982436018143e-04 1.399763862447880956e-04 5.152379969946731123e-04 7.352890464230504082e-05
5.523545670016172153e+03 2.928537703842456368e-04 1.407037909096513543e-04 5.170532208895770943e-04 7.452136504296948539e-05
5.574441619082058423e+03 2.921236071586251698e-04 1.415941499474968968e-04 5.168920389623624405e-04 7.713197486985541823e-05
5.625337568147945603e+03 2.916673965345896805e-04 1.401051191281949806e-04 5.194389695784132127e-04 7.678757416607149416e-05
5.676233517213831874e+03 2.918989610411706513e-04 1.400835737037914980e-04 5.198489159870511292e-04 7.793503206903185630e-05
5.727129466279719054e+03 2.955263039272893171e-04 1.385061114314144345e-04 5.228320918397519335e-04 7.787807259142558918e-05
5.778025415345606234e+03 2.982572626007298582e-04 1.379155695119010819e-04 5.238374869320664784e-04 7.927678308041610842e-05
5.828921364411492505e+03 2.998302954077223257e-04 1.381702162717572441e-04 5.275453529483462543e-04 8.058739912263987860e-05
5.879817313477379685e+03 2.978581222735527398e-04 1.395780811610465360e-04 5.304506543722981200e-04 8.158598580387167883e-05
5.930713262543266865e+03 2.968420959979272333e-04 1.410278248833098276e-04 5.346526210604163548e-04 8.188305559853036595e-05
5.981609211609153135e+03 2.947166799373974978e-04 1.437435369154896304e-04 5.384271680134628023e-04 8.441064018694498662e-05
6.032505160675040315e+03 2.935074085098862717e-04 1.451849398814900982e-04 5.406056002410162794e-04 8.666817437026000240e-05
6.083401109740927495e+03 2.916983371700615220e-04 1.479275211615243993e-04 5.432172406554028592e-04 8.851768858302071436e-05
6.134297058806813766e+03 2.926921019655555150e-04 1.469998351085769698e-04 5.431527875039713011e-04 8.914650888121668259e-05
6.185193007872700946e+03 2.887388942350612971e-04 1.461781528042725806e-04 5.430569896137292735e-04 8.806813020321309067e-05
6.236088956938588126e+03 2.880217447841655599e-04 1.467404715795844858e-04 5.421949928714947303e-04 8.858533534515930844e-05
6.286984906004474396e+03 2.864300109053014628e-04 1.481207390065366139e-04 5.410410394766179644e-04 8.950941400123287224e-05
6.337880855070361577e+03 2.885772988253280198e-04 1.480373461482006848e-04 5.402302712795410905e-04 9.016417578849248576e-05
6.388776804136247847e+03 2.904102491242341604e-04 1.490805181357103104e-04 5.408691507060820825e-04 9.150305206377415770e-05
6.439672753202135027e+03 2.924790034793714705e-04 1.490179508517264705e-04 5.417705031153815078e-04 9.195451083588899142e-05
6.490568702268022207e+03 2.922777429356649402e-04 1.492608046602609390e-04 5.422542805759412131e-04 9.251271255938482631e-05
6.541464651333909387e+03 2.905493724344922896e-04 1.508567135452545331e-04 5.426868618174095519e-04 9.300543873834030346e-05
6.592360600399796567e+03 2.894648817220096598e-04 1.514535078066442701e-04 5.440312759072733154e-04 9.319504464314999420e-05
6.643256549465682838e+03 2.899376618581812567e-04 1.509724335815526911e-04 5.453984187641330687e-04 9.374955923495035355e-05
6.694152498531570018e+03 2.909233276177344341e-04 1.533200926775880456e-04 5.464939356102614665e-04 9.613025070995957733e-05
6.745048447597457198e+03 2.906357212633034481e-04 1.543399919640299066e-04 5.485254440079161652e-04 9.694690641488113011e-05
6.795944396663343468e+03 2.909815347991484319e-04 1.563392756705484768e-04 5.496461733371404198e-04 9.859634555794829309e-05
6.846840345729230648e+03 2.888920424509830074e-04 1.562877615420304078e-04 5.547311098831742135e-04 9.729029721017488593e-05
6.897736294795117828e+03 2.871242751381258623e-04 1.574924364618969952e-04 5.588744033468794449e-04 9.731520511538442044e-05
6.948632243861004099e+03 2.865750942902662007e-04 1.581519224469995740e-04 5.664930421379529022e-04 9.841136364001662094e-05
6.999528192926891279e+03 2.862910820460645906e-04 1.587148913829163305e-04 5.696140506868524727e-04 9.920029120995937086e-05
7.050424141992778459e+03 2.862296511886469369e-04 1.573082350087753444e-04 5.770010349096763328e-04 9.961753899130530124e-05
7.101320091058664730e+03 2.868913554387103127e-04 1.574227394542064150e-04 5.793152244350546938e-04 1.014406656837653445e-04
7.152216040124551910e+03 2.881541500487738001e-04 1.549558290204437337e-04 5.868810614930916863e-04 1.010406500827834298e-04
7.203111989190439090e+03 2.905391141730202993e-04 1.555945912835384360e-04 5.866569985540450761e-04 1.021348858885081349e-04
7.254007938256325360e+03 2.917674928206561509e-04 1.559670051273683846e-04 5.930948038827365924e-04 1.021211825791934160e-04
7.304903887322212540e+03 2.930351363464676201e-04 1.562201373619467057e-04 5.909151384866510913e-04 1.024332767953677135e-04
7.355799836388098811e+03 2.934166370341586162e-04 1.581666799763832001e-04 5.965326034515091268e-04 1.033935475495324931e-04
7.406695785453985991e+03 2.939788269858943930e-04 1.578637250534301398e-04 5.955623243231491755e-04 1.043046403855173019e-04
7.457591734519873171e+03 2.955088495408457559e-04 1.580186467379879832e-04 6.055998448300387851e-04 1.058994082550890066e-04
7.508487683585759441e+03 2.937924344000990306e-04 1.576262827340933921e-04 6.036578631850819622e-04 1.049524269340332998e-04
7.559383632651646622e+03 2.949639154285573135e-04 1.576197316903036791e-04 6.116911898544598802e-04 1.060786910982616224e-04
7.610279581717533802e+03 2.929782051690390924e-04 1.579984187695204041e-04 5.986473356984772657e-04 1.059737678584181083e-04
7.661175530783420072e+03 2.886787103505085070e-04 1.610320182658065368e-04 5.964067551726491946e-04 1.062174036980491408e-04
7.712071479849307252e+03 2.809421620847340432e-04 1.664908823140970144e-04 5.702440352540520891e-04 1.076332861836314168e-04
7.762967428915194432e+03 2.749833549026778497e-04 1.725994495395565724e-04 5.580290935001979606e-04 1.087028642134238497e-04
7.813863377981080703e+03 2.684497685383715375e-04 1.793490889304365894e-04 5.168817448230091094e-04 1.096677970193566737e-04
7.864759327046967883e+03 2.713660148185409156e-04 1.847357283312355176e-04 4.914444313534808810e-04 1.110484036589282482e-04
7.915655276112855063e+03 2.637982902085380657e-04 1.900560976113601817e-04 4.300566844052762169e-04 1.091732200020365602e-04
7.966551225178741333e+03 2.660271259717206910e-04 1.965592861934886530e-04 3.813892467117331727e-04 1.094664057508356659e-04
8.017447174244628513e+03 2.392122710685657999e-04 2.103487034588927664e-04 2.923456406683069874e-04 1.065274076477090373e-04
8.068343123310514784e+03 2.086114409840685827e-04 2.415397332383078318e-04 2.189051084961468868e-04 1.125361404811967383e-04
8.119239072376401964e+03 1.436514731540635206e-04 2.718770565833768856e-04 1.473603419054493992e-04 1.090378755121763134e-04
