# Columns: yplus tau11+ tau22+ tau33+ tau12+ | Case=jet_M16_T75 | x*=20.00
4.063365409548279072e-01 2.949964735581140501e-02 8.963885267821463434e-06 1.476259827146417583e-02 -1.140595338477356574e-04
1.190406734037899428e+00 2.603841212169014652e-01 2.598444802173388362e-04 1.082363295463568270e-01 -2.303258238525054177e-03
1.977707398943783668e+00 7.112629601758071463e-01 1.497815767508920348e-03 2.523238340052587070e-01 -1.042403132542655750e-02
2.769113778011921490e+00 1.357776801339630302e+00 4.578523350881453374e-03 4.198322341663650592e-01 -2.784505240331120943e-02
3.565596127360561418e+00 2.151891371644218065e+00 1.021451370504440799e-02 5.951230915490937079e-01 -5.650408840885680350e-02
4.368206919112409992e+00 3.027798346782398564e+00 1.875539198257365758e-02 7.693889343369990641e-01 -9.593396348907058668e-02
5.178068077182165219e+00 3.916846156946040658e+00 3.044247976777683662e-02 9.385537931361668251e-01 -1.444713728000304176e-01
5.996359341925141528e+00 4.761007803872424837e+00 4.520137468960794269e-02 1.100586175264659738e+00 -1.991115008442581047e-01
6.824308450419648509e+00 5.519430571542624619e+00 6.304830502960227789e-02 1.254936408502452583e+00 -2.572875412524960881e-01
7.663183442780151289e+00 6.169444345312338207e+00 8.373182707242096678e-02 1.401335569682034876e+00 -3.161978065608392896e-01
8.514287106168275443e+00 6.703217790325314951e+00 1.072090507056470410e-01 1.540026447090660389e+00 -3.742196833071544382e-01
9.378953365598819758e+00 7.123680216193968739e+00 1.331704414029953043e-01 1.671112473579097868e+00 -4.296863915360001895e-01
1.025854532074425052e+01 7.440111474754799836e+00 1.615669921482450200e-01 1.794937338116381564e+00 -4.820727316567155474e-01
1.115445459326102551e+01 7.665200791956830351e+00 1.920772893460750419e-01 1.911600508012837318e+00 -5.306030153189936760e-01
1.206810166643542104e+01 7.812257900562570967e+00 2.246672709260552070e-01 2.021241737972050867e+00 -5.753749254557684045e-01
1.300093694552266577e+01 7.894392930494836591e+00 2.590180305542865713e-01 2.123816745214794466e+00 -6.160775769655735257e-01
1.395444232483042057e+01 7.923319233596380684e+00 2.950964738736359116e-01 2.219400223087055313e+00 -6.530950378973193748e-01
1.493013310404231220e+01 7.909315612684324037e+00 3.325971755271998065e-01 2.308023247627172925e+00 -6.863312838485996492e-01
1.592956014469346826e+01 7.860852363081866301e+00 3.714881931939760795e-01 2.389839646258974160e+00 -7.162927025488673438e-01
1.695431219556906299e+01 7.784955311302695691e+00 4.114749410461251977e-01 2.464909257791751074e+00 -7.430279886837202197e-01
1.800601834331838802e+01 7.687278646121339598e+00 4.525226225102388367e-01 2.533370079790175033e+00 -7.670884423977120115e-01
1.908635056339141656e+01 7.572731874626778215e+00 4.943248707979132628e-01 2.595440445755044401e+00 -7.885647158936190948e-01
2.019702635859448847e+01 7.445218833427356131e+00 5.368282559673712706e-01 2.651449847633244428e+00 -8.079525973691908947e-01
2.133981148009322482e+01 7.308103659392121365e+00 5.797286590117122218e-01 2.701979184976352144e+00 -8.252621451640337336e-01
2.251652273015518446e+01 7.164091933005758861e+00 6.229953068617224421e-01 2.747718565083860032e+00 -8.408212299341416562e-01
2.372903084848488930e+01 7.015798560239434600e+00 6.663363014444059207e-01 2.789335445551595072e+00 -8.545455544866925601e-01
2.497926348544321939e+01 6.865473498932769481e+00 7.097224410038989184e-01 2.827419543533591373e+00 -8.667240807343009612e-01
2.626920826625505967e+01 6.715505199397247438e+00 7.528809066204280587e-01 2.862402581470435248e+00 -8.773458985392633691e-01
2.760091595078822024e+01 6.567877283212459893e+00 7.957764692176005905e-01 2.894710081736733276e+00 -8.868270102304195435e-01
2.897650369379809376e+01 6.424209133879396738e+00 8.381551250257339714e-01 2.924554430696711282e+00 -8.952526401195902706e-01
3.039815841076550740e+01 6.285199452949091103e+00 8.800364879444040334e-01 2.952082416527262776e+00 -9.030286729250639466e-01
3.186814025465557521e+01 6.151562316422704235e+00 9.212238791620281919e-01 2.977222065794306260e+00 -9.101858760578019902e-01
3.338878620911567907e+01 6.023567504540481288e+00 9.617450282160892039e-01 3.000147927665770542e+00 -9.170263195610598439e-01
3.496251380382119578e+01 5.901633983240130554e+00 1.001391608024295277e+00 3.020854966944766407e+00 -9.234520762781309733e-01
3.659182495787458578e+01 5.785635914780451472e+00 1.040188733620381445e+00 3.039490230039732843e+00 -9.297942963554594042e-01
3.827930995736723219e+01 5.676048786118758294e+00 1.077933413635515203e+00 3.055718250704098082e+00 -9.358737361250180076e-01
4.002765157342776803e+01 5.572400111804571843e+00 1.114748292516467343e+00 3.069408845699600707e+00 -9.418079723085136523e-01
4.183962932730350559e+01 5.474611418990353862e+00 1.150521600356178231e+00 3.080215802164615990e+00 -9.472149425582357951e-01
4.371812390925553871e+01 5.381811440887721787e+00 1.185355754029445707e+00 3.088740142256182430e+00 -9.521891493275882468e-01
4.566612175829301634e+01 5.294100536046354222e+00 1.219087335520195436e+00 3.094821318024806978e+00 -9.564082528192925370e-01
4.768671981002699312e+01 5.211684739697689750e+00 1.251867009268619046e+00 3.098706216994194573e+00 -9.602290228321852528e-01
4.978313042019244961e+01 5.134823908447668117e+00 1.283557983282818560e+00 3.099819956731417303e+00 -9.634073012274576575e-01
5.195868647166559384e+01 5.063447318748324655e+00 1.314331413781507640e+00 3.098706848755181209e+00 -9.662957933234915808e-01
5.421684667309599348e+01 4.998391826289252826e+00 1.344089462147946668e+00 3.096117287045249356e+00 -9.686865361076689718e-01
5.656120105757670302e+01 4.939605561992896909e+00 1.372946461185551748e+00 3.093533322180144651e+00 -9.712066911046293161e-01
5.899547669009495365e+01 4.886312863493992964e+00 1.400770476660209152e+00 3.091020299539821270e+00 -9.737342701544257073e-01
6.152354359283638985e+01 4.835303253929799538e+00 1.427690939320637176e+00 3.088485231186228752e+00 -9.766006668655904388e-01
6.414942089776364753e+01 4.785059406944860427e+00 1.453770668215779160e+00 3.085290296916118002e+00 -9.791552774949873195e-01
6.687728323625024984e+01 4.735097013399879984e+00 1.479208492654484175e+00 3.081488420677930939e+00 -9.817576510674209667e-01
6.971146737592768261e+01 4.686185329195924787e+00 1.504247497138571310e+00 3.077177287202486955e+00 -9.840199694943022601e-01
7.265647911529821101e+01 4.638807854533323116e+00 1.529008200004922324e+00 3.073383685763069639e+00 -9.861287530023321590e-01
7.571700044707301913e+01 4.595070968846719062e+00 1.553716518629303378e+00 3.070584760252734746e+00 -9.875956872501568951e-01
7.889789700162511110e+01 4.556342214186664741e+00 1.578323571227668198e+00 3.068772211108056425e+00 -9.889737390438332332e-01
8.220422578238988365e+01 4.522652004261445313e+00 1.602527943716887560e+00 3.066617954895216602e+00 -9.903108426394867658e-01
8.564124320551195524e+01 4.492634864683803464e+00 1.626050986469176562e+00 3.063242020316619740e+00 -9.923249049290620016e-01
8.921441345651828669e+01 4.464114098367805816e+00 1.648689322081385411e+00 3.057726954766907035e+00 -9.944984528653528777e-01
9.292941717730498397e+01 4.434888512624142187e+00 1.670040792711162236e+00 3.051816826892632672e+00 -9.961149362308144850e-01
9.679216049724681170e+01 4.406166004403707426e+00 1.690243113269740194e+00 3.046776853522091155e+00 -9.968505706681166645e-01
1.008087844227879089e+02 4.380186753618746209e+00 1.709400334089870022e+00 3.043706695816770225e+00 -9.968974811130326685e-01
1.049856746004407597e+02 4.358789563432737602e+00 1.727710912262585330e+00 3.042780611064459517e+00 -9.973167913285931885e-01
1.093294714687157239e+02 4.338835461551859396e+00 1.745567781632400450e+00 3.045020670267655660e+00 -9.970703438324908241e-01
1.138470808151192699e+02 4.319777616521932373e+00 1.763583323141658443e+00 3.046311795249644572e+00 -9.949846827496401369e-01
1.185456847550057375e+02 4.303221367060174885e+00 1.782770149140867844e+00 3.043810779726866311e+00 -9.911486900874796335e-01
1.234327531497360724e+02 4.289343945613141251e+00 1.803064373698603617e+00 3.038355799241303057e+00 -9.860124321529821767e-01
1.285160554822964514e+02 4.273031280067596249e+00 1.823998342517834548e+00 3.032078272985812895e+00 -9.805700087959009492e-01
1.338036732092569707e+02 4.256111696052786719e+00 1.845310014674746313e+00 3.025409491321676914e+00 -9.751062786889653777e-01
1.393040126087069837e+02 4.238005004248154073e+00 1.866472020418161737e+00 3.022713380481794943e+00 -9.690662126826427025e-01
1.450258181445929893e+02 4.221529649897414416e+00 1.887015877712323375e+00 3.027902452817532009e+00 -9.622230027361162730e-01
1.509781863687067585e+02 4.208339038563972956e+00 1.907175820870093519e+00 3.038880293980386504e+00 -9.556775995140258662e-01
1.571705803824229406e+02 4.200554335307870701e+00 1.927990921959847892e+00 3.046450269800363042e+00 -9.508355626056260723e-01
1.636128448811802230e+02 4.195879265952194181e+00 1.950369140879682606e+00 3.050365458638040650e+00 -9.470014565435612708e-01
1.703152218056214053e+02 4.197735449267104180e+00 1.975232105345400946e+00 3.050222669105095985e+00 -9.423380845123400240e-01
1.772883666242760512e+02 4.200804766301301285e+00 2.000938367175370214e+00 3.050825396595827410e+00 -9.355530032452494815e-01
1.845433652736715544e+02 4.198507150904528196e+00 2.025866915511894017e+00 3.059116323802145931e+00 -9.272966612507594908e-01
1.920917517828041809e+02 4.184283489681773993e+00 2.049217957948494817e+00 3.077325553324889551e+00 -9.150032875324138892e-01
1.999455266099895994e+02 4.167889934426114884e+00 2.073344515475978866e+00 3.094277447082908417e+00 -9.053001132919660243e-01
2.081171757212444788e+02 4.154138530515289141e+00 2.098671662968043972e+00 3.107825470952907843e+00 -8.968318568788975487e-01
2.166196904405306327e+02 4.150066832393208394e+00 2.124893236259490337e+00 3.109613781012388944e+00 -8.878977590166112766e-01
2.254665881034197810e+02 4.148354185123881877e+00 2.151896578224187451e+00 3.106891583472585427e+00 -8.805059285394420954e-01
2.346719335470134524e+02 4.146315267668800431e+00 2.182118057032703007e+00 3.109189873999175013e+00 -8.717338753326691059e-01
2.442503614702845596e+02 4.145096297393608076e+00 2.215234651871089699e+00 3.120370614461357661e+00 -8.607561146110863648e-01
2.542170997003900368e+02 4.144127362562432637e+00 2.249342694037152590e+00 3.132738101933173258e+00 -8.503892581131229367e-01
2.645879934019474717e+02 4.129681387941745996e+00 2.282282358085669038e+00 3.135658173017105366e+00 -8.340168558980792790e-01
2.753795302677748964e+02 4.121580804370259088e+00 2.308921189801123930e+00 3.148170158339800295e+00 -8.188141895710469020e-01
2.866088667311730092e+02 4.129168532290621307e+00 2.336820032653832868e+00 3.167757313880234626e+00 -8.003488556265461185e-01
2.982938552414963738e+02 4.146561559075964354e+00 2.368273725372771477e+00 3.165894380928555574e+00 -7.879496349922588960e-01
3.104530726465577004e+02 4.176204620506068999e+00 2.402400615851146171e+00 3.142143645636901628e+00 -7.802411324098634804e-01
3.231058497274044043e+02 4.226421140156555012e+00 2.439576220869601908e+00 3.132376222819114098e+00 -7.744862057727267546e-01
3.362723019333299135e+02 4.268601128548934476e+00 2.474060589322308878e+00 3.126728844519814920e+00 -7.630970312456378801e-01
3.499733613678545794e+02 4.321809351436781910e+00 2.514116605754609601e+00 3.119222167501284115e+00 -7.512675854285374433e-01
3.642308100801323008e+02 4.382917943588984677e+00 2.560909523335874738e+00 3.102396425469809316e+00 -7.430484614711431179e-01
3.790673147210940215e+02 4.450326312494944148e+00 2.605992101485942847e+00 3.080011916438695430e+00 -7.440284835193036184e-01
3.945064626294746404e+02 4.541250213493826848e+00 2.649509495314891883e+00 3.048077156935398602e+00 -7.408799229371798578e-01
4.105727994179999314e+02 4.663152364735344335e+00 2.693064611006177334e+00 3.015844433236808619e+00 -7.466696252094079389e-01
4.272918681287517870e+02 4.811374981416813412e+00 2.734930220965489323e+00 3.008995875065745285e+00 -7.539788376488113508e-01
4.446902500044901672e+02 4.969943408474373214e+00 2.768480463579710449e+00 2.995705184960275602e+00 -7.602517703620168543e-01
4.627956068472059883e+02 5.176795521364502051e+00 2.812012229967774335e+00 2.973134359776667512e+00 -7.801475107774656914e-01
4.816367247425895926e+02 5.387091654632718551e+00 2.836817223571903135e+00 2.952709740887182299e+00 -7.838672361808320943e-01
5.012435585043476181e+02 5.619893582057887471e+00 2.860898889821458901e+00 2.934035593839083411e+00 -7.936919765702717955e-01
5.216472753461229104e+02 5.890886633978539066e+00 2.879082578586409813e+00 2.915599232698200094e+00 -8.352503660434785759e-01
5.428802947374996393e+02 6.147614107377759041e+00 2.872249885571882988e+00 2.910631702141023069e+00 -8.727828639925440113e-01
5.649763187631266419e+02 6.420455979443086214e+00 2.874491161250582572e+00 2.899038225510401023e+00 -8.980836087423642589e-01
5.879703431359405386e+02 6.681815547289266632e+00 2.854837795631867348e+00 2.915336381119229436e+00 -9.135989506825024087e-01
6.118986329062817049e+02 6.965045663384649366e+00 2.835409860302108509e+00 2.897571934729488596e+00 -9.407411054521529481e-01
6.367986386621872725e+02 7.260901219558840936e+00 2.806921236828451960e+00 2.912415256092183213e+00 -9.970116174407488430e-01
6.627088189155249438e+02 7.506105661902965132e+00 2.774605611354301171e+00 2.911544790954699202e+00 -1.038183375766833727e+00
6.896683234884420699e+02 7.782672810876115399e+00 2.742535624759060653e+00 2.903943549155163062e+00 -1.102076077604049908e+00
7.177164831881858618e+02 8.087983468415261612e+00 2.716486730200974531e+00 2.867775035476373358e+00 -1.174398003055343143e+00
7.468920461577108654e+02 8.259374998913195043e+00 2.674738345995919531e+00 2.836749655054602748e+00 -1.234797594847464097e+00
7.772321051503208764e+02 8.362032989850408882e+00 2.633378645994485456e+00 2.790536928403542838e+00 -1.312276962465056984e+00
8.087706768401912996e+02 8.470903001917829300e+00 2.581719001618778098e+00 2.721007987725121424e+00 -1.376576701867980201e+00
8.415369272482987526e+02 8.469437028051004290e+00 2.537079120695505008e+00 2.673569018256438223e+00 -1.409514464514241006e+00
8.755530868581757886e+02 8.411180806092838580e+00 2.509678915984249414e+00 2.569019006961041018e+00 -1.452108053788982334e+00
9.108321613520297433e+02 8.264362398017166100e+00 2.456457582196352796e+00 2.464146264330415281e+00 -1.497135135748567158e+00
9.473756106513114901e+02 8.014764157662130017e+00 2.388430973843274074e+00 2.361840577974327449e+00 -1.523553517807852975e+00
9.851712273822147381e+02 7.692852557815740511e+00 2.335367131541323360e+00 2.273655662231904184e+00 -1.527434546639251600e+00
1.024191481134410196e+03 7.329136672946834352e+00 2.302302732698295884e+00 2.187948850061964379e+00 -1.518624898539209678e+00
1.064392593358478052e+03 6.808901938892084615e+00 2.233385367392641374e+00 2.087664144600123173e+00 -1.476809842665890660e+00
1.105714561197069770e+03 6.151295733013464329e+00 2.182651459105201308e+00 1.911006928361415724e+00 -1.404144348880672633e+00
1.148082257465031034e+03 5.390301498029401728e+00 2.146811136179216373e+00 1.770240338279520431e+00 -1.326461632316556116e+00
1.191407609196486646e+03 4.559136980509348902e+00 2.061471853829606626e+00 1.630241020982127642e+00 -1.223073021262250926e+00
1.235592718614093883e+03 3.754676737343856097e+00 1.911594989323842197e+00 1.461663838964770035e+00 -1.084824953351944954e+00
1.280533663184948182e+03 2.956318123386312280e+00 1.775780914803487542e+00 1.255726416837742887e+00 -9.532932567943807056e-01
1.326124620102382551e+03 2.290069371063828907e+00 1.618516694343019369e+00 1.074680755694598755e+00 -8.079457170965260726e-01
1.372261922851613690e+03 1.703181577560693549e+00 1.429363903098551436e+00 8.878531691124762482e-01 -6.590991975479538745e-01
1.418847680063155167e+03 1.283919809141410573e+00 1.209460407348155853e+00 7.177553352473237114e-01 -5.035514205130882104e-01
1.465792663506478448e+03 9.022328495856194452e-01 1.004421125541252513e+00 5.488517629664828590e-01 -3.681105637640885719e-01
1.513018285877671360e+03 6.262694619925581740e-01 8.132678363441288028e-01 4.213043930414093752e-01 -2.540546764862550710e-01
1.560457616824620573e+03 4.523220980032586214e-01 6.254893508361302201e-01 3.089270516036747294e-01 -1.670293000509526504e-01
1.608055503902517557e+03 3.227153063515713627e-01 4.735816595624075531e-01 2.085419579137631485e-01 -1.062428008626689208e-01
1.655767955296410264e+03 2.269453068542257590e-01 3.575050138901447183e-01 1.476767448138029959e-01 -5.859673413490511934e-02
1.703560992979673756e+03 1.645676136612216900e-01 2.663520876935229764e-01 1.056018374855694775e-01 -3.382056255964605712e-02
1.751409197460834093e+03 1.188032640502732495e-01 1.886854755143042850e-01 7.191576228704277263e-02 -1.964055219561331930e-02
1.799294144985512048e+03 8.292345865515070302e-02 1.330176363187867694e-01 4.670679416352069985e-02 -1.192523988720201045e-02
1.847202896151261029e+03 5.953633197487855772e-02 9.331447166272605065e-02 3.235586864310414229e-02 -7.697276490133808831e-03
1.895126643648578920e+03 4.272573541122796914e-02 6.638752003764065990e-02 2.296476600545270183e-02 -3.749628865265348596e-03
1.943059576862473705e+03 3.176595341126698530e-02 4.802937809924162638e-02 1.667971221330167425e-02 -1.435185915487186339e-03
1.990997979598791744e+03 2.380700256961042552e-02 3.510331926886198217e-02 1.268224194996302352e-02 -9.005355483131990404e-04
2.038939547700061894e+03 1.803064370022086985e-02 2.664839469467328303e-02 9.795460389291533662e-03 -5.664746912516296917e-04
2.086882896015843016e+03 1.391921224988312659e-02 2.051292726426062404e-02 7.799923364062616264e-03 -4.601120318262373805e-04
2.134827217160964665e+03 1.087688370942663588e-02 1.610705156106124331e-02 6.270390080595647161e-03 -2.916981088830377972e-04
2.182772054797285818e+03 8.619814673552595591e-03 1.269605092314476762e-02 5.148668030050767772e-03 -2.581781136281952526e-04
2.230717158813260994e+03 6.898837080384469592e-03 1.018134084863022391e-02 4.247182232848889863e-03 -1.566710315359063374e-04
2.278662396274752155e+03 5.594019017829769333e-03 8.184399071491769290e-03 3.572005320171255018e-03 -1.342426914135959391e-04
2.326607698663505744e+03 4.584591978390310449e-03 6.696027927239590026e-03 3.012888188881875876e-03 -7.625448763093903770e-05
2.374553031730294606e+03 3.800546409493951467e-03 5.459464895499514629e-03 2.588192865063843051e-03 -6.733353489421418133e-05
2.422498378872584908e+03 3.191693290673747446e-03 4.537151340367324287e-03 2.229762566850086985e-03 -2.684485598356382445e-05
2.470443732285275928e+03 2.704372933688551847e-03 3.759247616732493916e-03 1.954558596259972723e-03 -1.856795527084731552e-05
2.518389088409918713e+03 2.319811353569741375e-03 3.170052861645634209e-03 1.720177262424723045e-03 8.328032373632400880e-06
2.566334445673191567e+03 2.004399835120072079e-03 2.671053754273314870e-03 1.537932647278800104e-03 9.721805909256484940e-06
2.614279803400507717e+03 1.747283093654880808e-03 2.286783617243891981e-03 1.381620341950943760e-03 2.896873453800851339e-05
2.662225161311378088e+03 1.546311291039192395e-03 1.950568909171223079e-03 1.259504671341287949e-03 2.913802654168667265e-05
2.710170519292712925e+03 1.376345634251557697e-03 1.699005661916078765e-03 1.151934999448029837e-03 4.706129157010850668e-05
2.758115877300296233e+03 1.243312723802171300e-03 1.473059741579929279e-03 1.070624615865736502e-03 5.023734206035987529e-05
2.806061235317366936e+03 1.125676382522786166e-03 1.291951890932592408e-03 9.953755130210715368e-04 5.898371569837024562e-05
2.854006593337765025e+03 1.027561718022025269e-03 1.135046972002166487e-03 9.408414858286285069e-04 6.075089413933117859e-05
2.901951951359294981e+03 9.443464107752161298e-04 1.013854220000235491e-03 8.874143913928932452e-04 6.434074424860425725e-05
2.949897309381198738e+03 8.729786555452921518e-04 9.010689204799931032e-04 8.508756041542346301e-04 6.515814174636968929e-05
2.997842667403221185e+03 8.127233873395448829e-04 8.158308122632441060e-04 8.116255009959028131e-04 6.967578772808385198e-05
3.045788025425281830e+03 7.626891811612054916e-04 7.354311837570313331e-04 7.879256536052098607e-04 7.100276796145194025e-05
3.093733383447352480e+03 7.192049256591423077e-04 6.776929076778121733e-04 7.587595147239752655e-04 7.792268143616967529e-05
3.141678741469427678e+03 6.818358641749861209e-04 6.238203019408753791e-04 7.423403613232036407e-04 7.921046163404797289e-05
3.189624099491502875e+03 6.476017253303139676e-04 5.793861324257921054e-04 7.219097598609435515e-04 8.124685474127312206e-05
3.237569457513578527e+03 6.188522523543359176e-04 5.349839336309396461e-04 7.115093109148444691e-04 7.865609607749048701e-05
3.285514815535653725e+03 5.916670568531039696e-04 4.989950175276300793e-04 6.963363705456389677e-04 7.789691691445839612e-05
3.333460173557729377e+03 5.681584600736172552e-04 4.648496036748158994e-04 6.916326101060932176e-04 7.416618063804524691e-05
3.381405531579804574e+03 5.480768919492151050e-04 4.405600235526917490e-04 6.825209632174718656e-04 7.490241283423518996e-05
3.429350889601880226e+03 5.330372478417838653e-04 4.192854752901821382e-04 6.807074740256106610e-04 7.508160403019520043e-05
3.477296247623955423e+03 5.175729919255331367e-04 4.027056040010391805e-04 6.743141899020030534e-04 7.873013757033022256e-05
3.525241605646030621e+03 5.050414092169753198e-04 3.850350208500608160e-04 6.716530036095048678e-04 7.731117325568352791e-05
3.573186963668106273e+03 4.896988959728913651e-04 3.701779394902738425e-04 6.659669433681657431e-04 7.841959097425332142e-05
3.621132321690181470e+03 4.770362126202737276e-04 3.519650859821142055e-04 6.668933941919090403e-04 7.599233431797860160e-05
3.669077679712257122e+03 4.646087138601420947e-04 3.384957098726354635e-04 6.651802832910857100e-04 7.349356659175175629e-05
3.717023037734332320e+03 4.560328620233578467e-04 3.277122686574660340e-04 6.677769144279399691e-04 7.354901292964510350e-05
3.764968395756407972e+03 4.472054845234080473e-04 3.201741292027150969e-04 6.659264200205724203e-04 7.530272969892017575e-05
3.812913753778483169e+03 4.389331456389413571e-04 3.116767656943590886e-04 6.677639491025787926e-04 7.358151305293126070e-05
3.860859111800559276e+03 4.303918999768311434e-04 3.059885389818505093e-04 6.639228170875270370e-04 7.272085073395857552e-05
3.908804469822634474e+03 4.237180106378233700e-04 2.957299773745561801e-04 6.641382831746343385e-04 7.032997840957389696e-05
3.956749827844710126e+03 4.180041060209362027e-04 2.886355823551025397e-04 6.601375266369033422e-04 6.765014371581753072e-05
4.004695185866785323e+03 4.141020837331886909e-04 2.842552567796777295e-04 6.604927345341848237e-04 6.931745606364012773e-05
4.052640543888860975e+03 4.115975729729353565e-04 2.828795667673587801e-04 6.551103133676787916e-04 6.897821058553328037e-05
4.100585901910936627e+03 4.050644015084518216e-04 2.784911484541065523e-04 6.539324920312069829e-04 6.799150454595897445e-05
4.148531259933011825e+03 4.013367649623388283e-04 2.763936433137386458e-04 6.473755465405820527e-04 6.743035234107693822e-05
4.196476617955087022e+03 3.947543362777969312e-04 2.724845745901263217e-04 6.456122453714156209e-04 6.653303644886674666e-05
4.244421975977162219e+03 3.893842878013241112e-04 2.716254633268429318e-04 6.420704957714550411e-04 6.572245596594968140e-05
4.292367333999238326e+03 3.857952811146399502e-04 2.699879061846342907e-04 6.403834065227135067e-04 6.508546690322440740e-05
4.340312692021313524e+03 3.809039334041484427e-04 2.704052497802560866e-04 6.387771087318149877e-04 6.496698637530092381e-05
4.388258050043388721e+03 3.770639943688603281e-04 2.673540945556042610e-04 6.378833776667475978e-04 6.348319974353475669e-05
4.436203408065463918e+03 3.716241987304826229e-04 2.659151599610598375e-04 6.347892272701380085e-04 6.325489930204583719e-05
4.484148766087539116e+03 3.676016176837888891e-04 2.617427192086383119e-04 6.327410542316578256e-04 6.107097341262360084e-05
4.532094124109615223e+03 3.637158367857641844e-04 2.617875745846459006e-04 6.296885212637528574e-04 6.265957277619704790e-05
4.580039482131690420e+03 3.616446111786204040e-04 2.593696685201703363e-04 6.283157406211281777e-04 6.182280380392766615e-05
4.627984840153765617e+03 3.606112012287720288e-04 2.589714860076002510e-04 6.282656422126676240e-04 6.481902747069015534e-05
4.675930198175840815e+03 3.612490246587367598e-04 2.546321317671977635e-04 6.312986046210003737e-04 6.287847067913110411e-05
4.723875556197916012e+03 3.604065257621463488e-04 2.511562774361028377e-04 6.346258985419277014e-04 6.276780497157990264e-05
4.771820914219992119e+03 3.600674183403067795e-04 2.483134739743257224e-04 6.360468961702597747e-04 6.094274952190381855e-05
4.819766272242067316e+03 3.581676016256027991e-04 2.492961797120205806e-04 6.380298117242552214e-04 6.058776168421584334e-05
4.867711630264142514e+03 3.564089559007007236e-04 2.450288881650505108e-04 6.376108785037976371e-04 5.852381726133920549e-05
4.915656988286217711e+03 3.562464802717471807e-04 2.459495024404986839e-04 6.395493866290407389e-04 5.880142251540511767e-05
4.963602346308293818e+03 3.551875419407581383e-04 2.445221999643253184e-04 6.397616657589045783e-04 5.841969063379212331e-05
5.011547704330369015e+03 3.544980630021458924e-04 2.435893215789263584e-04 6.413779905002067521e-04 5.887296776122653104e-05
5.059493062352444213e+03 3.525673858559412476e-04 2.414993885188883662e-04 6.401590754094473035e-04 5.938694449467116389e-05
5.107438420374519410e+03 3.501018507168424717e-04 2.444579608836618709e-04 6.395332193238434468e-04 5.935441629898440143e-05
5.155383778396594607e+03 3.486639079913345508e-04 2.464127794714129774e-04 6.370098074931214265e-04 5.834564337525111006e-05
5.203329136418670714e+03 3.487144345654334654e-04 2.477862279088585088e-04 6.356457848039660666e-04 5.939848082326141062e-05
5.251274494440745912e+03 3.488313891751427631e-04 2.468770509946200406e-04 6.373232907091838000e-04 5.844740113954297403e-05
5.299219852462821109e+03 3.482750001689647180e-04 2.465153704860234725e-04 6.393424344179478953e-04 5.750101300540007163e-05
5.347165210484896306e+03 3.446826891099419787e-04 2.450052067124471435e-04 6.446084029019940676e-04 5.507572997561454550e-05
5.395110568506972413e+03 3.417090766836882528e-04 2.445602198154535486e-04 6.468565423193580561e-04 5.382538807428789490e-05
5.443055926529047611e+03 3.399398913491582055e-04 2.451437059650677839e-04 6.514142782318202950e-04 5.451024299845744756e-05
5.491001284551122808e+03 3.379688518567349051e-04 2.455638356027181699e-04 6.530694194261094489e-04 5.239826794643050092e-05
5.538946642573198005e+03 3.386611758865759494e-04 2.420505360553073767e-04 6.588557805270320788e-04 5.326084635043151229e-05
5.586892000595273203e+03 3.390367585377325422e-04 2.439291076868609358e-04 6.591742797036391575e-04 5.208729582562769776e-05
5.634837358617349309e+03 3.409105516962331181e-04 2.475677060041923060e-04 6.632604143865395568e-04 5.466117402437919379e-05
5.682782716639424507e+03 3.401437466132712609e-04 2.489810880367674989e-04 6.628045984013713338e-04 5.273423816155669940e-05
5.730728074661499704e+03 3.425872871272133812e-04 2.489174219173079239e-04 6.660166093921883641e-04 5.376268325035600315e-05
5.778673432683574902e+03 3.433131593042525534e-04 2.499739465340630566e-04 6.674652013966541350e-04 5.260374152219633173e-05
5.826618790705651008e+03 3.473424690357440506e-04 2.483738445422081689e-04 6.709323596094260650e-04 5.346767727868594218e-05
5.874564148727726206e+03 3.453639368091265902e-04 2.474946298473291984e-04 6.737871698673023177e-04 5.144326576940431582e-05
5.922509506749801403e+03 3.457961097635184181e-04 2.509359339252980269e-04 6.757846308320645569e-04 5.137434568951432647e-05
5.970454864771876601e+03 3.447048135111898206e-04 2.515637913462317110e-04 6.784907414042136474e-04 5.133768619488139314e-05
6.018400222793951798e+03 3.438900076433235985e-04 2.519730204414890587e-04 6.798910660825173468e-04 5.227363086182374422e-05
6.066345580816027905e+03 3.442140798296992421e-04 2.520140077233738642e-04 6.814064198739402641e-04 5.147381512456825943e-05
6.114290938838103102e+03 3.433668888080670814e-04 2.549206930642118206e-04 6.807101917132040748e-04 5.220631086934269318e-05
6.162236296860179209e+03 3.432948552233889704e-04 2.537509621005727277e-04 6.808653801349376410e-04 5.151765137799742012e-05
6.210181654882254406e+03 3.393242030372452256e-04 2.536758022087008614e-04 6.813308609778947296e-04 4.940358087397063572e-05
6.258127012904329604e+03 3.395265560403394113e-04 2.501418656282454640e-04 6.835430497779270038e-04 4.883795298816064143e-05
6.306072370926404801e+03 3.370568977210418381e-04 2.545288685793631236e-04 6.850278762049785263e-04 4.798061801530227556e-05
6.354017728948480908e+03 3.381929513836350303e-04 2.532631014131294582e-04 6.887812294739919638e-04 4.846949070125758770e-05
6.401963086970556105e+03 3.372744078815950188e-04 2.542209675835303763e-04 6.891956397162019715e-04 4.645741924645162762e-05
6.449908444992631303e+03 3.391958273974881775e-04 2.494288325363124567e-04 6.916016607625026773e-04 4.753194274126988552e-05
6.497853803014706500e+03 3.404510831156946893e-04 2.531199104026913855e-04 6.893653139099396518e-04 4.692637851538586868e-05
6.545799161036782607e+03 3.437232639371101662e-04 2.546626997329753473e-04 6.900673317739483125e-04 4.939722317449633408e-05
6.593744519058857804e+03 3.461833814382234164e-04 2.568040595424732906e-04 6.886550356055423172e-04 4.908970157581468621e-05
6.641689877080933002e+03 3.483783047268162536e-04 2.544558773510660404e-04 6.929015591899621287e-04 4.874525284540450035e-05
6.689635235103008199e+03 3.477101834241532428e-04 2.531063120725264700e-04 6.941618618923245431e-04 4.681791804972863384e-05
6.737580593125083396e+03 3.472950849074808006e-04 2.529577882621064644e-04 7.008447038047836046e-04 4.357844814470372127e-05
6.785525951147159503e+03 3.467589739293626839e-04 2.554039782982345979e-04 7.005873746998128636e-04 4.433222682176887497e-05
6.833471309169234701e+03 3.468552988383578396e-04 2.529237783107078251e-04 7.085351720903501540e-04 4.486288338195424795e-05
6.881416667191309898e+03 3.466098269215523386e-04 2.548127380036512859e-04 7.055479069352457071e-04 4.673374411742439076e-05
6.929362025213385095e+03 3.479555293084086792e-04 2.529374549140706680e-04 7.138021883095540740e-04 4.615690962309003625e-05
6.977307383235461202e+03 3.469590906437731775e-04 2.539161381849079874e-04 7.084213993223756074e-04 4.454556505580486850e-05
7.025252741257536400e+03 3.468833380345286784e-04 2.506741717312544263e-04 7.148152243523670261e-04 4.436342214278257159e-05
7.073198099279611597e+03 3.431353915301524294e-04 2.517058229158027375e-04 7.033542605188146390e-04 4.299599055459957134e-05
7.121143457301686794e+03 3.429100924552424450e-04 2.499107960739702507e-04 7.003765802020943268e-04 4.264887211166733597e-05
7.169088815323761992e+03 3.375471189778195117e-04 2.542547498952480388e-04 6.785890062498562683e-04 4.445818100948944768e-05
7.217034173345838099e+03 3.317976786870262783e-04 2.553877208962347287e-04 6.634213967194359240e-04 4.316885058331808474e-05
7.264979531367913296e+03 3.219957291331731054e-04 2.652858192087429205e-04 6.301149676923082071e-04 4.517338007275181110e-05
7.312924889389988493e+03 3.152319136979353097e-04 2.658022182916668476e-04 6.084216138606443310e-04 4.338748565302355726e-05
7.360870247412063691e+03 3.088660509941615101e-04 2.731996882704464526e-04 5.644454614126980961e-04 4.591386262688843748e-05
7.408815605434139798e+03 3.088417359607507494e-04 2.725954363433159052e-04 5.341369702252078428e-04 4.548071872363989362e-05
7.456760963456214995e+03 2.968756047107263640e-04 2.801595933615026041e-04 4.699850859147848559e-04 4.597847233203460841e-05
7.504706321478290192e+03 2.968162479306251799e-04 2.925187943282783038e-04 4.175312638933777556e-04 4.944686121642226704e-05
7.552651679500365390e+03 2.582764321398411012e-04 2.996351924383352594e-04 3.231710010915053309e-04 4.299513756828960917e-05
7.600597037522440587e+03 2.218252845087942209e-04 3.485557091447159437e-04 2.515757748880974570e-04 4.855830818202906847e-05
7.648542395544516694e+03 1.528869767552587598e-04 3.572205577980870693e-04 1.710144296157454168e-04 4.063081744109786609e-05
