# Columns: yplus tau11+ tau22+ tau33+ tau12+ | Case=jet_M12_T75 | x*=20.00
4.058767481075097328e-01 3.047072235283608543e-02 9.502589937574363409e-06 1.635020159404546036e-02 -1.217369581771506477e-04
1.189059721287276883e+00 2.690148664009790469e-01 2.716753983175200569e-04 1.205350755130599888e-01 -2.449404786071880408e-03
1.975469510827726483e+00 7.352975457235579881e-01 1.561137993353707001e-03 2.823709348558212096e-01 -1.097724595350391824e-02
2.765980368681940416e+00 1.403769987688322507e+00 4.766730574623249429e-03 4.719755288671976245e-01 -2.920158963926485635e-02
3.561561453068327499e+00 2.222347662698743509e+00 1.062648132824428431e-02 6.718011799445402499e-01 -5.896512090698044495e-02
4.363264045177680295e+00 3.119735910950697910e+00 1.950360348305106920e-02 8.716753457748606104e-01 -9.972634081113671001e-02
5.172208799404144131e+00 4.023207938952618967e+00 3.165150429471788596e-02 1.066607953109985463e+00 -1.495495730099730969e-01
5.989574121159891185e+00 4.873683717072178290e+00 4.698940498945407968e-02 1.254075360005014961e+00 -2.054212352724341384e-01
6.816586358269081103e+00 5.632117890116205672e+00 6.552407836711278410e-02 1.433351741409648161e+00 -2.646152871033107812e-01
7.654512115986854326e+00 6.278555302136822114e+00 8.699937522613331031e-02 1.604083547842804158e+00 -3.244460696085653129e-01
8.504652707297253755e+00 6.807510956068670183e+00 1.113695369967553916e-01 1.766328876711808382e+00 -3.831257955231068824e-01
9.368340547803256868e+00 7.223532856290774795e+00 1.383207115014769006e-01 1.919850511948841376e+00 -4.391136468042574070e-01
1.024693719475271791e+01 7.536853434590480738e+00 1.677988564757062484e-01 2.064630034557952687e+00 -4.917311382519957697e-01
1.114183269510324514e+01 7.760363213772164315e+00 1.994886215062456614e-01 2.200554183340592385e+00 -5.403725564597766651e-01
1.205444592478369437e+01 7.907200817403750470e+00 2.333406141430107994e-01 2.327743091485483085e+00 -5.850454461508935999e-01
1.298622564783346611e+01 7.990078322133594035e+00 2.690458116667494570e-01 2.446272804921970412e+00 -6.256502210597755242e-01
1.393865208171274794e+01 8.020277511474100507e+00 3.065515573299783525e-01 2.556318593680897422e+00 -6.624645132701202366e-01
1.491323881145760843e+01 8.008031840151625502e+00 3.455638979045356218e-01 2.658008162309418498e+00 -6.956119923206778299e-01
1.591153494371537391e+01 7.961733716994500831e+00 3.860329827844740658e-01 2.751574135237753627e+00 -7.255196058024074857e-01
1.693512742951183370e+01 7.888480937003711446e+00 4.276550209118250567e-01 2.837320914539289696e+00 -7.523613357199944174e-01
1.798564351209232370e+01 7.793772954777526962e+00 4.703961276722063434e-01 2.915741636911093781e+00 -7.765228830869144172e-01
1.906475327497173922e+01 7.682655468891584682e+00 5.139650413818794839e-01 2.987390132288700428e+00 -7.981674392708849597e-01
2.017417227750457087e+01 7.559457158483075645e+00 5.583250863003912379e-01 3.052752344558502529e+00 -8.176268708668180674e-01
2.131566427280881726e+01 7.428456604896378934e+00 6.032243070082929925e-01 3.112279814227415287e+00 -8.350227692081180209e-01
2.249104400733720865e+01 7.292934811537039153e+00 6.486101676484534728e-01 3.166322781772276329e+00 -8.506206079494254002e-01
2.370218010394616570e+01 7.155686644016038045e+00 6.942364483077502202e-01 3.215280164952595054e+00 -8.645558479395483165e-01
2.495099803175083508e+01 7.018058661469505743e+00 7.400449457349941307e-01 3.259472995947766627e+00 -8.771392703281456482e-01
2.623948316686539428e+01 6.881470328302628836e+00 7.857143249125390083e-01 3.299318549334153694e+00 -8.885202987791038787e-01
2.756968394860652793e+01 6.746657487284128507e+00 8.311581605440911957e-01 3.334952288048298019e+00 -8.990097787595255907e-01
2.894371513604892243e+01 6.614667536001373804e+00 8.761016142682064300e-01 3.366610739608755676e+00 -9.086784424100230462e-01
3.036376117005446673e+01 6.485935740461678201e+00 9.204814957051141722e-01 3.394469023151951870e+00 -9.176030656525047124e-01
3.183207964609698948e+01 6.361459659561683466e+00 9.640893333565482282e-01 3.419014527715070972e+00 -9.257295998442326423e-01
3.335100490339429058e+01 6.241755490123796157e+00 1.006964434028937649e+00 3.440541354176460231e+00 -9.332167730905333025e-01
3.492295173604977521e+01 6.127909419925408940e+00 1.048994280421952974e+00 3.459728189204515747e+00 -9.401167088139905648e-01
3.655041923210251298e+01 6.020329282917301406e+00 1.090230814612667132e+00 3.476748688677492982e+00 -9.466954624590354639e-01
3.823599474658822572e+01 5.918851615332759941e+00 1.130672081344070712e+00 3.491908656532626054e+00 -9.528625022202995565e-01
3.998235801492781860e+01 5.821973735441781983e+00 1.170347527133427379e+00 3.504989591869432708e+00 -9.586937207376841075e-01
4.179228541318263268e+01 5.728447970887755147e+00 1.209232587053465036e+00 3.516393963010621349e+00 -9.638831317071004934e-01
4.366865437194931587e+01 5.637501257561637225e+00 1.247293379742107966e+00 3.525791060703500346e+00 -9.685891692340765635e-01
4.561444795091186677e+01 5.549989378363120451e+00 1.284479999880695944e+00 3.533226873118147537e+00 -9.726540251158453110e-01
4.763275958132298626e+01 5.466603259310175211e+00 1.320777358073903063e+00 3.538134368935041962e+00 -9.763991103046174569e-01
4.972679798395493123e+01 5.388406666896436548e+00 1.356314699588417660e+00 3.540716686674773239e+00 -9.798124924277115122e-01
5.189989227033784402e+01 5.315626084462650169e+00 1.391089432492967681e+00 3.540975456238373287e+00 -9.830814926160228451e-01
5.415549723539626115e+01 5.248647749933999407e+00 1.425267203736434674e+00 3.539443353607556464e+00 -9.859225855721589493e-01
5.649719884989711005e+01 5.187682302215246288e+00 1.458933082174540319e+00 3.535478166968744507e+00 -9.888131363099852411e-01
5.892871996144217661e+01 5.133561478928817756e+00 1.492232973427486842e+00 3.529395221747674061e+00 -9.917073408035916859e-01
6.145392621306744019e+01 5.083280631046720011e+00 1.524917547437856680e+00 3.521636851679332381e+00 -9.947046165212622970e-01
6.407683218885972565e+01 5.035045673337954497e+00 1.557165138722484965e+00 3.513390786775946406e+00 -9.972279092280993407e-01
6.680160779636034363e+01 4.989468532128801925e+00 1.588987897342172051e+00 3.504359275448712729e+00 -9.994436001619591003e-01
6.963258489590216982e+01 4.949535229038869666e+00 1.620835792579513601e+00 3.494063948080224247e+00 -1.001781925601049617e+00
7.257426418742085161e+01 4.914529779746679594e+00 1.652620726690498199e+00 3.481924776099027063e+00 -1.004612865043936543e+00
7.563132236568721112e+01 4.883677560858501465e+00 1.684550938193957847e+00 3.468404883573977138e+00 -1.007935107094853011e+00
7.880861955533748642e+01 4.855332297388170737e+00 1.716126687370230108e+00 3.452945441169272822e+00 -1.011567935872205393e+00
8.211120703752078498e+01 4.828141878730978220e+00 1.747083147478749821e+00 3.435573356803796496e+00 -1.015301717168654694e+00
8.554433528044866364e+01 4.799903650310218595e+00 1.777058970534773685e+00 3.415724322994796669e+00 -1.018608077213744911e+00
8.911346228661217594e+01 4.772289153197364797e+00 1.806520164360809533e+00 3.396331290441183537e+00 -1.021286362598867514e+00
9.282426226993887042e+01 4.747151423343241916e+00 1.835455195910173476e+00 3.380092149783139988e+00 -1.022954993154123082e+00
9.668263467668307953e+01 4.726827944887101118e+00 1.864408779313494469e+00 3.368762831070494013e+00 -1.024309507454396861e+00
1.006947135643917619e+02 4.710330640724384565e+00 1.893315221604993992e+00 3.361122307404852183e+00 -1.025757721748645768e+00
1.048668773538561396e+02 4.697075169936534067e+00 1.922983293745256006e+00 3.354153354729440206e+00 -1.027207438619464952e+00
1.092057589695536706e+02 4.685931802537722568e+00 1.952982957125626529e+00 3.346400680624282753e+00 -1.029081407515660018e+00
1.137182563847004957e+02 4.678432067785732507e+00 1.983694578628118377e+00 3.338623832910515343e+00 -1.032684636834095393e+00
1.184115435876800007e+02 4.673205375623162183e+00 2.015320644980666653e+00 3.331656498066831062e+00 -1.035552888133598692e+00
1.232930819872812407e+02 4.671837761642383846e+00 2.048409714812927884e+00 3.327006439018850514e+00 -1.037132878125170521e+00
1.283706322748796254e+02 4.670957672780894576e+00 2.081321363947706171e+00 3.323484649513676725e+00 -1.037564399983408103e+00
1.336522667624187193e+02 4.671186558383258358e+00 2.114501964874905049e+00 3.317780573706867742e+00 -1.038900178478463943e+00
1.391463822158073071e+02 4.669949560570191949e+00 2.146246637223838682e+00 3.310666323380437426e+00 -1.040510904220686372e+00
1.448617132041348725e+02 4.666221093042775436e+00 2.176751546914643676e+00 3.304411235556802051e+00 -1.040697346463890005e+00
1.508073459859287766e+02 4.664221792900451469e+00 2.205090028149386594e+00 3.298753048224144280e+00 -1.038888859335411530e+00
1.569927329545276677e+02 4.668610459908344446e+00 2.231915820971411168e+00 3.289764265213697580e+00 -1.037329637925054282e+00
1.634277076655388043e+02 4.678432938890408899e+00 2.257297991511422630e+00 3.286553791984049067e+00 -1.034661115931983844e+00
1.701225004702681645e+02 4.690493945792413300e+00 2.281863105415119719e+00 3.292887476165484273e+00 -1.031230910352830765e+00
1.770877547799782121e+02 4.697226391897607378e+00 2.306260108963143818e+00 3.302849875161828930e+00 -1.023866372468483554e+00
1.843345439868301980e+02 4.701807559413229143e+00 2.331687399826797513e+00 3.313460720098927670e+00 -1.015866350600014512e+00
1.918743890684122846e+02 4.703752397430118748e+00 2.358007626822502978e+00 3.325909572086829247e+00 -1.006580329294415321e+00
1.997192769038408358e+02 4.708304013462665694e+00 2.385168222682142236e+00 3.341808088769225193e+00 -9.943811487658040793e-01
2.078816793305535953e+02 4.711999603838568085e+00 2.411890821088711778e+00 3.359578575103426612e+00 -9.802121552446678709e-01
2.163745729720923237e+02 4.714155071247472684e+00 2.439503944310710271e+00 3.371878237350451446e+00 -9.677285469460001899e-01
2.252114598683967301e+02 4.719070938765600687e+00 2.468006140671918480e+00 3.388413818580775949e+00 -9.572122866579604317e-01
2.344063889414072435e+02 4.738325823654792046e+00 2.501395141621454155e+00 3.389532468294395251e+00 -9.495977054213812218e-01
2.439739783301046998e+02 4.750974426143602436e+00 2.537981561850908729e+00 3.381613847418604824e+00 -9.434590864418634926e-01
2.539294386304957527e+02 4.766804318502853910e+00 2.573341949980922472e+00 3.386041852205787794e+00 -9.386761885287685514e-01
2.642885970774952966e+02 4.777184162757057706e+00 2.608840981457853037e+00 3.398586065132362943e+00 -9.320367430011197163e-01
2.750679227071616424e+02 4.789497691851923200e+00 2.645110427196081027e+00 3.410094908616982057e+00 -9.276193392663484305e-01
2.862845525393179287e+02 4.797535507643147845e+00 2.685087148551125402e+00 3.427240646017893244e+00 -9.226078990108188549e-01
2.979563188222595045e+02 4.812615862046824233e+00 2.720902079293731290e+00 3.434285146460095195e+00 -9.123413713147279225e-01
3.101017773830419060e+02 4.848669021122058886e+00 2.753828381646143963e+00 3.428952035828971567e+00 -8.964552770392539838e-01
3.227402371288371796e+02 4.897632341801528177e+00 2.782048089410295688e+00 3.412190932202902705e+00 -8.841886750158166608e-01
3.358917907471667945e+02 4.962394133385212847e+00 2.806813425595536593e+00 3.387893512315798272e+00 -8.757572154692244704e-01
3.495773466556884159e+02 5.011599976084064600e+00 2.824475800186241337e+00 3.373859574533720984e+00 -8.583088711840048957e-01
3.638186622559316561e+02 5.078159919075156736e+00 2.836566371259040320e+00 3.351025322940138995e+00 -8.586997762615895535e-01
3.786383785502260935e+02 5.163700127392162997e+00 2.852790586829339059e+00 3.327635006888839175e+00 -8.516803147857019418e-01
3.940600561868948830e+02 5.250103530417859155e+00 2.873407736684640224e+00 3.319603207100841225e+00 -8.489645916723734809e-01
4.101082130039102935e+02 5.348263307901410357e+00 2.896525881831899074e+00 3.315498413980560333e+00 -8.533183497169364307e-01
4.268083631399532010e+02 5.484916163126390742e+00 2.921884454113483631e+00 3.312873487729847355e+00 -8.509478237849789073e-01
4.441870577595994405e+02 5.621380274725355619e+00 2.940957964754066900e+00 3.271682496010894337e+00 -8.547051980880039368e-01
4.622719273639417565e+02 5.778578177943419547e+00 2.950714829680618045e+00 3.241590649857916340e+00 -8.687177989027010661e-01
4.810917254655814190e+02 5.978942011671280810e+00 2.956343686306298402e+00 3.175874190884894421e+00 -9.001468912023101732e-01
5.006763729826541294e+02 6.206598527159732370e+00 2.964109848244243395e+00 3.131624903926184089e+00 -9.286884218821143122e-01
5.210570018613323100e+02 6.452510158696610709e+00 2.960771946089112205e+00 3.114295202618264646e+00 -9.555704534617683876e-01
5.422659948867312778e+02 6.708156400058151725e+00 2.956074616522832876e+00 3.072857730371123974e+00 -9.811062091095221760e-01
5.643370160076791535e+02 6.947543534130358189e+00 2.942717511597700675e+00 3.039174438284623747e+00 -9.998034005375001643e-01
5.873050213374779105e+02 7.227929913197391087e+00 2.907872426590165205e+00 2.971486305965665320e+00 -1.033173562868183071e+00
6.112062348905066074e+02 7.452903699310152064e+00 2.895091593745270586e+00 2.938500485581502897e+00 -1.082274604127368089e+00
6.360780648773369421e+02 7.659519533759794996e+00 2.876525548788946729e+00 2.894363088502351022e+00 -1.112044518197832454e+00
6.619589262918490249e+02 7.887950054808447575e+00 2.853776962183980359e+00 2.859007109391336510e+00 -1.149835993947306401e+00
6.888879246559453122e+02 8.148866402193290170e+00 2.796675228656425816e+00 2.824973602159855712e+00 -1.203054387590482222e+00
7.169043462718336741e+02 8.375888712879740794e+00 2.752169348587263809e+00 2.816755449126363331e+00 -1.268497242568632277e+00
7.460468954367464676e+02 8.552909143222889199e+00 2.699592112688626422e+00 2.746223757457240566e+00 -1.327024027118492100e+00
7.763526229314330749e+02 8.601270914926082867e+00 2.640554802409472046e+00 2.729878320937153990e+00 -1.380062668382876723e+00
8.078555069382722422e+02 8.613653483535852473e+00 2.600547567925826975e+00 2.693575223155059373e+00 -1.437689077266486315e+00
8.405846804752330854e+02 8.579661989757971341e+00 2.582427087932817500e+00 2.608616216618039996e+00 -1.486083087750795784e+00
8.745623488707952902e+02 8.461938530591122998e+00 2.559611136187018410e+00 2.539643503362266408e+00 -1.508738454120039263e+00
9.098015030904987270e+02 8.264765218781032985e+00 2.538847617435972648e+00 2.467702836307140490e+00 -1.532117008625312859e+00
9.463036014038104895e+02 8.028383477129711565e+00 2.515167385725819216e+00 2.424535610524382268e+00 -1.569484190968151838e+00
9.840564502502600135e+02 7.751072470155285110e+00 2.469393942764678496e+00 2.328908293904674576e+00 -1.566172302871981170e+00
1.023032550371739376e+03 7.292752319185418663e+00 2.424241717676452357e+00 2.199313623811980811e+00 -1.545551714045166891e+00
1.063188172756740641e+03 6.728118410575037345e+00 2.357007339436315796e+00 2.048919282242536166e+00 -1.476050246627829132e+00
1.104463382444552735e+03 6.071192643718490878e+00 2.316978964918909867e+00 1.937112052497736991e+00 -1.422292665030863379e+00
1.146783137260692911e+03 5.354782850975685626e+00 2.238332928061516736e+00 1.815706378031141988e+00 -1.340433284971747963e+00
1.190059463898843205e+03 4.581672013755188289e+00 2.171845594349730124e+00 1.665340969535815008e+00 -1.234135266940881603e+00
1.234194575358549628e+03 3.881170862806726518e+00 2.054015934730292869e+00 1.502468879674660363e+00 -1.109709413483658036e+00
1.279084666701149217e+03 3.123099036433964137e+00 1.918349977051324817e+00 1.367685138815229129e+00 -9.685671785000303791e-01
1.324624034864483974e+03 2.428606649975840082e+00 1.752308449620395780e+00 1.167619215186281645e+00 -8.279930437817816236e-01
1.370709130638312899e+03 1.884418948016170603e+00 1.513815464553514456e+00 9.529039565273051959e-01 -6.804402671714832040e-01
1.417242173422787573e+03 1.403467191412951065e+00 1.272039061911581337e+00 7.668439123283458114e-01 -5.315663224843319989e-01
1.464134035954183901e+03 1.048180041593466783e+00 1.060708589635879662e+00 5.821582067591810628e-01 -4.103819763882186611e-01
1.511306219854582878e+03 7.480715550374409384e-01 8.336824991179365707e-01 4.226853013851582519e-01 -2.898448787234279567e-01
1.558691870507360818e+03 5.472720383725289128e-01 6.592490630900850190e-01 3.069352236291205682e-01 -1.997635966923997086e-01
1.606235897875829551e+03 3.845423192293097037e-01 5.065035516710594266e-01 2.356895938564881054e-01 -1.349915312915121179e-01
1.653894359924271384e+03 2.749446650455641961e-01 3.740605217188924247e-01 1.664811179986370182e-01 -9.340955528300469435e-02
1.701633317074125898e+03 1.950637669174612454e-01 2.750762799523022717e-01 1.070819841630525071e-01 -6.098641954485100464e-02
1.749427378597515826e+03 1.394103937239181967e-01 2.095745996202658390e-01 7.247510431321674274e-02 -3.917506353399181213e-02
1.797258141587585442e+03 1.017332489353888897e-01 1.613266895314617033e-01 5.238511721435225310e-02 -2.436118450995384752e-02
1.845112681283555730e+03 7.429894159059396985e-02 1.183990669571333837e-01 3.855351831298192700e-02 -1.205758940028085931e-02
1.892982200341894895e+03 5.519265101354264152e-02 8.594117025941361288e-02 2.828583875158963146e-02 -6.593567776944027174e-03
1.940860894722651892e+03 4.280677531359708410e-02 6.290401764013148211e-02 2.041696042746995662e-02 -4.472009746768089954e-03
1.988745052436756851e+03 3.284361050408197286e-02 4.717343713531261390e-02 1.533002784422491868e-02 -2.371933977404648650e-03
2.036632371934024150e+03 2.543203582404040403e-02 3.558548183606123627e-02 1.144858314867383715e-02 -1.020891589526709683e-03
2.084521469631388300e+03 1.970844235648250287e-02 2.747321820368085754e-02 8.766258542255342054e-03 -5.724458882543038626e-04
2.132411539057281971e+03 1.550101255660323203e-02 2.140028740440130459e-02 6.934747613876475480e-03 -4.383125274859393143e-04
2.180302124389936125e+03 1.227639351070017315e-02 1.696748074806190415e-02 5.551806131076983744e-03 -3.206268278049044474e-04
2.228192975800819568e+03 9.873277635376957392e-03 1.348278364572985666e-02 4.528341098469864170e-03 -2.423541071922613512e-04
2.276083960506219228e+03 7.961982304385261180e-03 1.089204125145151053e-02 3.721591088659903859e-03 -1.719644373753648843e-04
2.323975010065411880e+03 6.517137534973335700e-03 8.782187926014081714e-03 3.108387768530396222e-03 -1.319408188203706521e-04
2.371866090267925301e+03 5.351869626506954372e-03 7.207198965171099023e-03 2.613856200420339084e-03 -8.962170493451073611e-05
2.419757184530013546e+03 4.459228614308082678e-03 5.902077637536743381e-03 2.232735677547061440e-03 -7.006947327056349583e-05
2.467648285055406632e+03 3.727148013781976001e-03 4.904689548164476755e-03 1.921061640600769211e-03 -3.460352211663920340e-05
2.515539388289683302e+03 3.162853443294106042e-03 4.075522628830346127e-03 1.680231704252570886e-03 -2.479398329572025264e-05
2.563430492661301287e+03 2.688609477668909859e-03 3.432471550726801709e-03 1.478614638888501188e-03 -5.944096544845832634e-08
2.611321597496437789e+03 2.320852073242880061e-03 2.886617550442784411e-03 1.324007564681397220e-03 5.036505557705442618e-06
2.659212702514920693e+03 2.004847494307902041e-03 2.468329511376878786e-03 1.190872414009887074e-03 2.240555378682496023e-05
2.707103807603788482e+03 1.758995432162473952e-03 2.100721270459760329e-03 1.089897811523299776e-03 2.788057778390887643e-05
2.754994912718874730e+03 1.546085551866149778e-03 1.820283945386254971e-03 1.001444635542359830e-03 3.818277089696315527e-05
2.802886017843437912e+03 1.375064520027507228e-03 1.570263709645193431e-03 9.345452150010964123e-04 3.906407245374685013e-05
2.850777122971324388e+03 1.228601302526198058e-03 1.377773344657853361e-03 8.725406018440996130e-04 4.450137655585905772e-05
2.898668228100341821e+03 1.109705308736538398e-03 1.204970249888118097e-03 8.250196616860747166e-04 4.435107042739587187e-05
2.946559333229732147e+03 1.008892833964418739e-03 1.070701798016795514e-03 7.824380878564147351e-04 5.010117808931492206e-05
2.994450438359241616e+03 9.269517619080672047e-04 9.488814032412806959e-04 7.485490067081422257e-04 4.856567822382452070e-05
3.042341543488788830e+03 8.552975229342314875e-04 8.549266741723242965e-04 7.196345280313118462e-04 5.587988990197218523e-05
3.090232648618346047e+03 7.945708153701385714e-04 7.693734249589400612e-04 6.961996562377978197e-04 5.421479286604546184e-05
3.138123753747907813e+03 7.442517852204517297e-04 7.033412619758214754e-04 6.778213238286109540e-04 6.002815124497068493e-05
3.186014858877470033e+03 7.010530291022832846e-04 6.440420665823043921e-04 6.623622113243218638e-04 5.898359134813263273e-05
3.233905964007032253e+03 6.652069437735937812e-04 5.937720193867220518e-04 6.494603592586360025e-04 6.310498916049720180e-05
3.281797069136594018e+03 6.298918983630010047e-04 5.428688857887572919e-04 6.392189899823058673e-04 6.028684633530444930e-05
3.329688174266156238e+03 6.043619778188230726e-04 5.059160705423587645e-04 6.298686768993536338e-04 6.391765923252686206e-05
3.377579279395718459e+03 5.756130008076044101e-04 4.703659922874977076e-04 6.225355300101602330e-04 6.025561045623378554e-05
3.425470384525280224e+03 5.590476867506721879e-04 4.449480575394991759e-04 6.163293689937396303e-04 6.442485386177431415e-05
3.473361489654842444e+03 5.369013925952922147e-04 4.184987668304792187e-04 6.100352590105692684e-04 6.172683523012734131e-05
3.521252594784404664e+03 5.240827489854736187e-04 3.960569435165889047e-04 6.063454982402750968e-04 6.563412400348879450e-05
3.569143699913966884e+03 5.052865051930504519e-04 3.767487429549827918e-04 5.999024267672325864e-04 6.417222292022036368e-05
3.617034805043528650e+03 4.938050038599923423e-04 3.625951421690737212e-04 5.994131926885377893e-04 6.646771272273055062e-05
3.664925910173090870e+03 4.745981221267610273e-04 3.456247868506249631e-04 5.938330553579542143e-04 6.277686596267524816e-05
3.712817015302653090e+03 4.635873023355343257e-04 3.326746264254976083e-04 5.951376054960270468e-04 6.501121147634669306e-05
3.760708120432214855e+03 4.465006501299215343e-04 3.218208802741010129e-04 5.915946020322639673e-04 6.178410851332293734e-05
3.808599225561777075e+03 4.393759301961892676e-04 3.121976300954006122e-04 5.934805355571334340e-04 6.357515276733674493e-05
3.856490330691339750e+03 4.268569446432924426e-04 3.020963369166128430e-04 5.907040088882738529e-04 6.114764505862672840e-05
3.904381435820901970e+03 4.226121381276246253e-04 2.908916172839319135e-04 5.921592425822932082e-04 6.292028523899662116e-05
3.952272540950463735e+03 4.120007884629647171e-04 2.837729970886537821e-04 5.868822491843639485e-04 5.838499685475027792e-05
4.000163646080025956e+03 4.091326467000005562e-04 2.789204250631448310e-04 5.856355516819917962e-04 6.166295938613606620e-05
4.048054751209588176e+03 4.006671568240738053e-04 2.736156608511922930e-04 5.790468603053205250e-04 5.782473367327096091e-05
4.095945856339149941e+03 4.001885287723089225e-04 2.719542435581499178e-04 5.789407285962691564e-04 6.047371895833159858e-05
4.143836961468712616e+03 3.913766059389544769e-04 2.684210703918658630e-04 5.754337946330769817e-04 5.763035223984571217e-05
4.191728066598274381e+03 3.890171627275139919e-04 2.650269038018809582e-04 5.764463280094073855e-04 5.715203164457996617e-05
4.239619171727836147e+03 3.800844681453862685e-04 2.588905153233381023e-04 5.738740513881981009e-04 5.457529070047396539e-05
4.287510276857398821e+03 3.793231410000003447e-04 2.585702940253345830e-04 5.739851261808385108e-04 5.562056543784936035e-05
4.335401381986960587e+03 3.716004088403063155e-04 2.528833496921197412e-04 5.723116281635223269e-04 5.460685970608011397e-05
4.383292487116522352e+03 3.711976219484736561e-04 2.516963017583130906e-04 5.726642619097273767e-04 5.427088341826078588e-05
4.431183592246085027e+03 3.650205524804979538e-04 2.480308914160577177e-04 5.729837678302699593e-04 5.514078413006065737e-05
4.479074697375646792e+03 3.655609626256216466e-04 2.465997892828273165e-04 5.744822576828883393e-04 5.540317316278058058e-05
4.526965802505208558e+03 3.628657520763079987e-04 2.395221110986077862e-04 5.782013712819437500e-04 5.568579274883145015e-05
4.574856907634771233e+03 3.632361305319055595e-04 2.367446119320352311e-04 5.777168220508573267e-04 5.577778472570069128e-05
4.622748012764332998e+03 3.606181104134842321e-04 2.315434937883010082e-04 5.799118886409560794e-04 5.497001306596393703e-05
4.670639117893894763e+03 3.607288247057600017e-04 2.348007690547995947e-04 5.769918809781565336e-04 5.693399753490816970e-05
4.718530223023457438e+03 3.596653948533995492e-04 2.330203715512898859e-04 5.804132579968598795e-04 5.879616100598169712e-05
4.766421328153019203e+03 3.601016673775200958e-04 2.339596077166300849e-04 5.817531837390827170e-04 6.042449835007480561e-05
4.814312433282580969e+03 3.574358116316048834e-04 2.262976535949700891e-04 5.875106848186310198e-04 5.835459005608835804e-05
4.862203538412143644e+03 3.579724458897138445e-04 2.246918355866630473e-04 5.900811608460726845e-04 5.730563818859386399e-05
4.910094643541705409e+03 3.566279734633488155e-04 2.191110932543421247e-04 5.930523893987727207e-04 5.561159076063161636e-05
4.957985748671267174e+03 3.581359627601102811e-04 2.212306931978916605e-04 5.933514087056506944e-04 5.512903663333376360e-05
5.005876853800829849e+03 3.571029239208414557e-04 2.175586711069503324e-04 5.964989415438547030e-04 5.585231648918982233e-05
5.053767958930391615e+03 3.561335831754651265e-04 2.180030712912535331e-04 5.958651571673842517e-04 5.603804104018154215e-05
5.101659064059953380e+03 3.538728424211324479e-04 2.138686943478665902e-04 6.021360704313359711e-04 5.523928762109778034e-05
5.149550169189516055e+03 3.521486064825326960e-04 2.151147866477490028e-04 5.999389069744976224e-04 5.585221405356465457e-05
5.197441274319077820e+03 3.507174277848905289e-04 2.151136479165593378e-04 6.039324822730719050e-04 5.716826561827066335e-05
5.245332379448639585e+03 3.508158448278937127e-04 2.193150884054331849e-04 6.006019219165815732e-04 6.004219725834886157e-05
5.293223484578202260e+03 3.481599135191088402e-04 2.171389676963431353e-04 6.032504061222913406e-04 6.067251844013015903e-05
5.341114589707764026e+03 3.456403468097698443e-04 2.178633290180130545e-04 6.011532348386989383e-04 5.999796213918690680e-05
5.389005694837325791e+03 3.422481446586366524e-04 2.194201542742322880e-04 6.053715763504745632e-04 5.904613694605366243e-05
5.436896799966888466e+03 3.394201978459968007e-04 2.179748621372594073e-04 6.060638265039446039e-04 5.837750858003209228e-05
5.484787905096450231e+03 3.379066049686620934e-04 2.168157443831016031e-04 6.116189007166526010e-04 5.659546132624723892e-05
5.532679010226011997e+03 3.375800980143719315e-04 2.140371264274553754e-04 6.142411355317709898e-04 5.555293552407475848e-05
5.580570115355574671e+03 3.366134397144549353e-04 2.162050905681637755e-04 6.172389630521911506e-04 5.440321012829882878e-05
5.628461220485136437e+03 3.367930494691119656e-04 2.159621818053111114e-04 6.171396919845871997e-04 5.482198858672221789e-05
5.676352325614698202e+03 3.363607473309129857e-04 2.155141020762990026e-04 6.184489992420761934e-04 5.372726742647944176e-05
5.724243430744260877e+03 3.379506983179562506e-04 2.148522533220371977e-04 6.191781627953763141e-04 5.407623667966366266e-05
5.772134535873822642e+03 3.385677112240953641e-04 2.150706532335852378e-04 6.207695840953717523e-04 5.353478022744378919e-05
5.820025641003384408e+03 3.387455139274148899e-04 2.148640133089063263e-04 6.216609651057277645e-04 5.402195869855395738e-05
5.867916746132947083e+03 3.391832240294706557e-04 2.141438304851800011e-04 6.218050582460811493e-04 5.331638986814711361e-05
5.915807851262508848e+03 3.390022040459584381e-04 2.129227802769820157e-04 6.209871950025852962e-04 5.370641789120639764e-05
5.963698956392070613e+03 3.386379701163612431e-04 2.115729302324996313e-04 6.200183235436267440e-04 5.347638096627673490e-05
6.011590061521633288e+03 3.404813554145772261e-04 2.113123957930423686e-04 6.167962533651234454e-04 5.455269391974472659e-05
6.059481166651195053e+03 3.396151915699334532e-04 2.149834183072524957e-04 6.142393272746601027e-04 5.468932248517403323e-05
6.107372271780756819e+03 3.425261804732959280e-04 2.155435887077920213e-04 6.136480961588345337e-04 5.454223173851902018e-05
6.155263376910319494e+03 3.420567382844602383e-04 2.159514696403240595e-04 6.139995478441549704e-04 5.697296005217820746e-05
6.203154482039882168e+03 3.427389092186233885e-04 2.116534299253238719e-04 6.178148313593568490e-04 5.664136379322606862e-05
6.251045587169443934e+03 3.380051821565505858e-04 2.119609279310566158e-04 6.164091674463755043e-04 5.357210399434345896e-05
6.298936692299005699e+03 3.357471055155963240e-04 2.124210696733855146e-04 6.205953349737058271e-04 5.341539668390701151e-05
6.346827797428568374e+03 3.304447252786375995e-04 2.120538655133005941e-04 6.201950290376554526e-04 5.047607817961461302e-05
6.394718902558130139e+03 3.303937163381367092e-04 2.094803443889908291e-04 6.239081981010513546e-04 5.081081254987976007e-05
6.442610007687691905e+03 3.258642696893743304e-04 2.126876875464201388e-04 6.207585324461983595e-04 5.017512854396347793e-05
6.490501112817254580e+03 3.270225399659518347e-04 2.146346371415624424e-04 6.201420601281166373e-04 5.291449340163068438e-05
6.538392217946816345e+03 3.245435376803395959e-04 2.166559503535834316e-04 6.181424781341117490e-04 5.108344293831435515e-05
6.586283323076378110e+03 3.276290192286147028e-04 2.143836864835515740e-04 6.210989308303901382e-04 5.427284086508616967e-05
6.634174428205940785e+03 3.282694622480810775e-04 2.141287297160601266e-04 6.228456605857917057e-04 5.383587161724348439e-05
6.682065533335502550e+03 3.322562085829827662e-04 2.127686343183372831e-04 6.266419048370217623e-04 5.583726541342313326e-05
6.729956638465064316e+03 3.327091194080298935e-04 2.137937021939875445e-04 6.292966176566059831e-04 5.449853926347651689e-05
6.777847743594626991e+03 3.343557224866147443e-04 2.107293241475254118e-04 6.344965025092417013e-04 5.507715474231892873e-05
6.825738848724188756e+03 3.331168290597414858e-04 2.103940288991127631e-04 6.389729232082046748e-04 5.269639277048584520e-05
6.873629953853750521e+03 3.330251691025140322e-04 2.103737189053785865e-04 6.431753603255356382e-04 5.263750273623198897e-05
6.921521058983313196e+03 3.336800820209186928e-04 2.118842151416553787e-04 6.446905326300835480e-04 5.034525339056567092e-05
6.969412164112874962e+03 3.347487598412918837e-04 2.115206138867050680e-04 6.456279801257267447e-04 5.219935123451588399e-05
7.017303269242436727e+03 3.356418588037004300e-04 2.097216021719447746e-04 6.473503098234937789e-04 5.243305581306998358e-05
7.065194374371999402e+03 3.356389834242679915e-04 2.123477232207542716e-04 6.421298488602909414e-04 5.672824303931260940e-05
7.113085479501561167e+03 3.323935366599634306e-04 2.115654986989814275e-04 6.395740057014613969e-04 5.547702680738560036e-05
7.160976584631122932e+03 3.275188711442676205e-04 2.161476076679219518e-04 6.214400604573165751e-04 5.709643315966558992e-05
7.208867689760685607e+03 3.209742474044376690e-04 2.138854211572825269e-04 6.079301623187620711e-04 5.600178536980971470e-05
7.256758794890247373e+03 3.124083205286617938e-04 2.243268795572982035e-04 5.759509296713537750e-04 5.793381104267894186e-05
7.304649900019809138e+03 3.040564849338500512e-04 2.259341916336955205e-04 5.515479645496236538e-04 5.610110468487539609e-05
7.352541005149371813e+03 2.983928964548855558e-04 2.368382434437247717e-04 5.078800299363941256e-04 5.788185218682003602e-05
7.400432110278933578e+03 3.003426184040820031e-04 2.360065520700376646e-04 4.774890278458339236e-04 5.761861727787124279e-05
7.448323215408496253e+03 2.890102729916780634e-04 2.416479075216154996e-04 4.186748662625643493e-04 5.537993310739489918e-05
7.496214320538058018e+03 2.886258277938800283e-04 2.500065562398450826e-04 3.716528810002163409e-04 5.813893737879365699e-05
7.544105425667619784e+03 2.504756823330754612e-04 2.576753464282309524e-04 2.859053005410855971e-04 5.196536410027732063e-05
7.591996530797182459e+03 2.154451134082209735e-04 2.980895668843928600e-04 2.224983728704911122e-04 5.834285331697094170e-05
7.639887635926744224e+03 1.489295121524074892e-04 3.080651918886677691e-04 1.488125902073422118e-04 5.268751322164828382e-05
