# Columns: yplus tau11+ tau22+ tau33+ tau12+ | Case=jet_M08_T05 | x*=10.00
4.241204116772259169e-01 3.720337240902642922e-02 1.654092555674893664e-05 2.229745116378690703e-02 -1.672436898403315572e-04
1.242506501918621664e+00 3.240783909491902204e-01 4.591019958377952088e-04 1.609553080238877443e-01 -3.269710446676988257e-03
2.064264449970745652e+00 8.756294790579397525e-01 2.512310793377570475e-03 3.703079901084300185e-01 -1.441413624783312829e-02
2.890307804343040576e+00 1.647484160626724536e+00 7.379128359578439496e-03 6.079310808294637880e-01 -3.746289792982833433e-02
3.721649285730860512e+00 2.562955325001760709e+00 1.592525957582314675e-02 8.503721668267278933e-01 -7.366427894894517214e-02
4.559387429129143854e+00 3.531269797088977924e+00 2.841134006776575849e-02 1.085115317630264364e+00 -1.213073380365301546e-01
5.404693260976848990e+00 4.472264255943306566e+00 4.499176553934393363e-02 1.306687360537749587e+00 -1.774632058497608855e-01
6.258798154568612659e+00 5.330827078450779410e+00 6.538332410419987750e-02 1.512722903314020817e+00 -2.384547360494245483e-01
7.122983580563858830e+00 6.078385815529033565e+00 8.951971935301110406e-02 1.703282744627311995e+00 -3.013185885352303583e-01
7.998573076575290486e+00 6.706711860388190338e+00 1.169987949989032688e-01 1.878896226437338557e+00 -3.633525023783139574e-01
8.886926448014495605e+00 7.220464056076996151e+00 1.477686231532795713e-01 2.040693972352531027e+00 -4.230065759738205755e-01
9.789436000936682092e+00 7.631001213143569828e+00 1.814109763889745486e-01 2.189536325240404313e+00 -4.789832126404042767e-01
1.070752449292325004e+01 7.952121342216934785e+00 2.178746064044803643e-01 2.326332989713996824e+00 -5.309150165281210088e-01
1.164264445184296726e+01 8.197078562941953805e+00 2.567021529969256699e-01 2.451617107531092188e+00 -5.783981090451941753e-01
1.259627853036285927e+01 8.378206047991465510e+00 2.978532521652431098e-01 2.566283991444735513e+00 -6.216883921841540594e-01
1.356994061269451990e+01 8.506307816300994418e+00 3.408975187644279758e-01 2.671036316857153814e+00 -6.608233065929940420e-01
1.456517745026313904e+01 8.590940285798975395e+00 3.858274381691162436e-01 2.766710455056730744e+00 -6.961731551097946058e-01
1.558357066190152729e+01 8.640127010243755734e+00 4.322697054192336519e-01 2.853787977697569644e+00 -7.278853784715793029e-01
1.662673898470674061e+01 8.660412869143964798e+00 4.801976896192135524e-01 2.932879832841803314e+00 -7.563244668405504356e-01
1.769634070121284708e+01 8.656895116786728295e+00 5.292498977979427366e-01 3.004467121885447956e+00 -7.817086288722410181e-01
1.879407619725946432e+01 8.633829373667136764e+00 5.794069127333155711e-01 3.069198486145766402e+00 -8.045045545715437951e-01
1.992169062457349682e+01 8.594323790310109956e+00 6.303651466823263494e-01 3.127680618635655829e+00 -8.249714658985811688e-01
2.108097665480483940e+01 8.541494653589074559e+00 6.821021301913409163e-01 3.180810037673436952e+00 -8.434470866222539831e-01
2.227377731961763985e+01 8.478665665212854918e+00 7.343988676225775558e-01 3.229397401953892466e+00 -8.601001734747478755e-01
2.350198893609882234e+01 8.408722249781401814e+00 7.872007409336918560e-01 3.274299497431492512e+00 -8.752001895383806351e-01
2.476756411941747160e+01 8.333615257088533568e+00 8.401704914023412352e-01 3.316115380622000508e+00 -8.890404802539078055e-01
2.607251488617122703e+01 8.254257384540268916e+00 8.932391111913048354e-01 3.355433424580164470e+00 -9.018832117980539742e-01
2.741891585270312248e+01 8.171123063764023087e+00 9.461237071113676178e-01 3.392180819432971450e+00 -9.139202339355274596e-01
2.880890753317253328e+01 8.085834215131660230e+00 9.989320428529276930e-01 3.426637552085742833e+00 -9.252634224861978618e-01
3.024469974248887993e+01 7.999744957543390100e+00 1.051457835586544043e+00 3.458479896127967024e+00 -9.359297554605798819e-01
3.172857510945992132e+01 7.914515267003681132e+00 1.103910526499558342e+00 3.487030273995805008e+00 -9.459091281941509610e-01
3.326289270571571421e+01 7.830957150318345050e+00 1.156104134254132720e+00 3.511903183972557851e+00 -9.552874689028599819e-01
3.485009179616773878e+01 7.749420826441695276e+00 1.208246544832748848e+00 3.532500684128912827e+00 -9.640753716158957376e-01
3.649269571696184755e+01 7.670880787547645241e+00 1.260075203284891421e+00 3.549194416873572511e+00 -9.725541288462847822e-01
3.819331588708885050e+01 7.596826851529523417e+00 1.311601735900802090e+00 3.562655872695621451e+00 -9.808368530094980775e-01
3.995465596002983943e+01 7.527905231306853295e+00 1.362348783892919579e+00 3.573834292664467505e+00 -9.891418174316890521e-01
4.177951612203641929e+01 7.464274959983035806e+00 1.412444181430917656e+00 3.582952415902782128e+00 -9.976336749347363142e-01
4.367079754387927437e+01 7.405409784745357271e+00 1.461349214894450688e+00 3.590705795294553582e+00 -1.006308139173426097e+00
4.563150699314218173e+01 7.350992835904180289e+00 1.509207112562607422e+00 3.597644615661825807e+00 -1.014744256959184243e+00
4.766476161439459247e+01 7.301232954343915615e+00 1.555608532771929564e+00 3.604017516908087693e+00 -1.022477330533404727e+00
4.977379388484177269e+01 7.257115784649437629e+00 1.600735134081107347e+00 3.609849781743701858e+00 -1.029406644192114806e+00
5.196195675333142106e+01 7.217950703879877139e+00 1.644162590654156375e+00 3.614526961816898254e+00 -1.035548385555758122e+00
5.423272897088654076e+01 7.183481369640220215e+00 1.686313379225885756e+00 3.617864154204582405e+00 -1.041325734456623797e+00
5.658972062123939395e+01 7.153213890616166637e+00 1.727175379498404828e+00 3.620768442571169476e+00 -1.047055943202232609e+00
5.903667886015840338e+01 7.127159237388611679e+00 1.766950249580266918e+00 3.622528771963112959e+00 -1.052200776867842302e+00
6.157749387269318220e+01 7.104222786426592329e+00 1.805847359969782850e+00 3.621599816157766050e+00 -1.056760726039575937e+00
6.421620505780775545e+01 7.084167655522536577e+00 1.844379805847976561e+00 3.616301108915754625e+00 -1.060822417254896122e+00
6.695700745023506784e+01 7.067413221380891564e+00 1.882632161811156557e+00 3.605930362949835377e+00 -1.064705820157162863e+00
6.980425838976194086e+01 7.057536661425425351e+00 1.921229911851952910e+00 3.592091432256339534e+00 -1.068579148525364841e+00
7.276248444854677189e+01 7.052087216909428413e+00 1.960180950375781439e+00 3.577227013550723367e+00 -1.072359240579294992e+00
7.583638862748435372e+01 7.050670679616477088e+00 1.999310680169138266e+00 3.562470339670855690e+00 -1.076383051077239417e+00
7.903085783305739653e+01 7.055426923464403366e+00 2.038069014980302462e+00 3.549033581757112810e+00 -1.079950189117782067e+00
8.235097064656208943e+01 7.067454029125243231e+00 2.076522009586321715e+00 3.536350552131955816e+00 -1.082471032525673227e+00
8.580200539805915128e+01 7.085704612892198107e+00 2.114813686026892015e+00 3.522753858173058195e+00 -1.086121067328032375e+00
8.938944855788656696e+01 7.111474326830429682e+00 2.152693693767619099e+00 3.506994860831766037e+00 -1.090182540588041427e+00
9.311900345907397991e+01 7.140064754381008072e+00 2.190449551451162602e+00 3.491068306699748991e+00 -1.094063920180270877e+00
9.699659936452725617e+01 7.171994051798568748e+00 2.227699298909034731e+00 3.477698779959904840e+00 -1.097581899642239955e+00
1.010284008933966646e+02 7.214036029451969867e+00 2.264043575003713116e+00 3.468683444878968292e+00 -1.101762361231534149e+00
1.052208178216159382e+02 7.270359496835182789e+00 2.298750497204206322e+00 3.464517991352840109e+00 -1.106899988502152432e+00
1.095805152721920734e+02 7.336016183408510472e+00 2.333251221146892096e+00 3.458728961207364616e+00 -1.113815757308874499e+00
1.141144243114478627e+02 7.409472142782073334e+00 2.368228111349348186e+00 3.449170145587458602e+00 -1.122525215287031974e+00
1.188297529680614844e+02 7.483559912820014759e+00 2.402466610363420685e+00 3.437832856452855079e+00 -1.131566570365324598e+00
1.237339976924226619e+02 7.563350266253308973e+00 2.436444160531362257e+00 3.427500958205002668e+00 -1.141165077490026603e+00
1.288349552745225992e+02 7.652852479833575750e+00 2.470079763616066959e+00 3.419576552231951005e+00 -1.151878788270261245e+00
1.341407352393251813e+02 7.745924727462919712e+00 2.503039480787878190e+00 3.408632990891221848e+00 -1.161925936637737689e+00
1.396597727393259447e+02 7.839335867536181723e+00 2.535568490518730567e+00 3.397391283738235401e+00 -1.172873663993349025e+00
1.454008419647947221e+02 7.945500842097545480e+00 2.567822567540681611e+00 3.389195996572630154e+00 -1.184332223562753361e+00
1.513730700930220507e+02 8.066354680572411340e+00 2.601783909687921614e+00 3.377704644358199726e+00 -1.193442912810745993e+00
1.575859517987463789e+02 8.200849915904157683e+00 2.637252022366284088e+00 3.353894904336437666e+00 -1.199421316052516451e+00
1.640493643488297550e+02 8.354111915000421718e+00 2.673920269866072452e+00 3.328127107148448172e+00 -1.209675441735600376e+00
1.707735833051806651e+02 8.513559579712890013e+00 2.709776030511545031e+00 3.306958509762308207e+00 -1.224142602951167946e+00
1.777692988608878579e+02 8.674783813622731543e+00 2.738174071965845613e+00 3.292491444385052368e+00 -1.240334951397618957e+00
1.850476328355364899e+02 8.828875635361598029e+00 2.765946890264544766e+00 3.282962593276505192e+00 -1.257983388723163731e+00
1.926201563567262838e+02 8.996449999958961996e+00 2.793318336603660246e+00 3.277430233874225163e+00 -1.280493973823713993e+00
2.004989082559015117e+02 9.174407106235376475e+00 2.817990755752052934e+00 3.264749768117054085e+00 -1.303549948431282690e+00
2.086964142077386555e+02 9.357679219788257896e+00 2.844309737627617629e+00 3.251479040173082868e+00 -1.324857602066197737e+00
2.172257066435192030e+02 9.552228275307474092e+00 2.870100015977278485e+00 3.235288454678453718e+00 -1.344351159610623681e+00
2.261003454701469195e+02 9.755918577502129097e+00 2.886732016841746518e+00 3.227624185258215039e+00 -1.366173127339001647e+00
2.353344396277480826e+02 9.975489805933873910e+00 2.898245834104966168e+00 3.223137721486553531e+00 -1.389491157359894036e+00
2.449426695201269695e+02 1.019970341202819597e+01 2.903753087594013405e+00 3.223630419103363565e+00 -1.412935244540864277e+00
2.549403103537383117e+02 1.045059373140837877e+01 2.909610627522507542e+00 3.218715436247887585e+00 -1.439225232901496732e+00
2.653432564222815699e+02 1.069379667185788918e+01 2.919629140333277029e+00 3.205868477557825891e+00 -1.467512171405858989e+00
2.761680463755293431e+02 1.092204494820001059e+01 2.925403690125162548e+00 3.182615221065734357e+00 -1.497295534729330635e+00
2.874318895125744575e+02 1.115565396681576260e+01 2.919955550027469648e+00 3.167836770210137765e+00 -1.531665489641947708e+00
2.991526931413279726e+02 1.137172058264563113e+01 2.914796198273952310e+00 3.162604618767764553e+00 -1.561011636772477340e+00
3.113490910478429896e+02 1.156977718692079549e+01 2.906591861907994456e+00 3.157097444612324111e+00 -1.585503073752873027e+00
3.240404731209132478e+02 1.176249019281820019e+01 2.881227827270524511e+00 3.135990170924524811e+00 -1.601520907957160844e+00
3.372470161794797150e+02 1.193388044407594251e+01 2.850138509229673822e+00 3.117437844251658596e+00 -1.620651251249379365e+00
3.509897160528008158e+02 1.206918802150300074e+01 2.818676191909688100e+00 3.095077429119642343e+00 -1.647542476884741758e+00
3.652904209663437314e+02 1.216824512940952907e+01 2.785792731108258646e+00 3.080938771351945604e+00 -1.666946383171965085e+00
3.801718662902344477e+02 1.222843268919319293e+01 2.742693927116507613e+00 3.050184713403757630e+00 -1.675430746819207117e+00
3.956577107121744916e+02 1.219302039290371376e+01 2.714355779481864683e+00 3.012786959636057471e+00 -1.691520734050784514e+00
4.117725739028219891e+02 1.204443215295153813e+01 2.652950203665970896e+00 2.991094039076469979e+00 -1.702168301400220685e+00
4.285420757469887008e+02 1.181286475319718932e+01 2.581638799339402990e+00 2.949673507030993402e+00 -1.691270870141573734e+00
4.459928772126934291e+02 1.146577972588771033e+01 2.505038422984586344e+00 2.890729971757007188e+00 -1.658734340636024207e+00
4.641527229068960878e+02 1.099799034067619630e+01 2.426276655815581940e+00 2.799386825639365028e+00 -1.632395765825070066e+00
4.830504852879303712e+02 1.049679896625263531e+01 2.351129898138509589e+00 2.712955786787957457e+00 -1.595217791975314992e+00
5.027162103036325220e+02 9.967835366612641579e+00 2.256145612870815942e+00 2.641412757097362451e+00 -1.549179167159527859e+00
5.231811637808247042e+02 9.343363113778565321e+00 2.142052288903449231e+00 2.535283648143543012e+00 -1.484122734348189310e+00
5.444778770085953283e+02 8.658601960640510242e+00 2.016519257465738235e+00 2.372673380619187089e+00 -1.422038038738932419e+00
5.666401883386570262e+02 7.834297870886880233e+00 1.882505145413740699e+00 2.172899465480175873e+00 -1.336050789500652369e+00
5.897032748731771790e+02 6.964530508804874565e+00 1.743252582690654418e+00 1.964559095329534211e+00 -1.256873376086115934e+00
6.137036639600107719e+02 6.019067485212529434e+00 1.593367819941220898e+00 1.756458705898267914e+00 -1.129595532564309224e+00
6.386792078386926050e+02 5.079012691872468288e+00 1.441506876495925793e+00 1.530234669382009693e+00 -1.000744386172616185e+00
6.646689961731213998e+02 4.194967018078203047e+00 1.284812710051644213e+00 1.300676141923751139e+00 -8.659295551719681239e-01
6.917131706641829396e+02 3.306209856336363107e+00 1.120720446336499032e+00 1.102128838456870819e+00 -7.388077019127133882e-01
7.198525945791755021e+02 2.466005197877781274e+00 9.459009346738040946e-01 9.009821008087889327e-01 -6.069893884755035440e-01
7.491283200915565885e+02 1.739037703012017433e+00 7.809522715623364864e-01 6.997832589901058498e-01 -4.753699553846272297e-01
7.795807912093961249e+02 1.156087904532832944e+00 6.226126831194495059e-01 5.048184149767166451e-01 -3.561407125314211553e-01
8.112487241007370358e+02 7.082417569242065447e-01 4.733721406890621930e-01 3.546516892953428535e-01 -2.325519269651831478e-01
8.441676242257115064e+02 4.142674455036667314e-01 3.412225237543171641e-01 2.294317313110086631e-01 -1.417899588554292212e-01
8.783679340958260582e+02 2.163661558159624965e-01 2.519185405375974351e-01 1.392609159930563445e-01 -8.022125134051370787e-02
9.138728571419251239e+02 1.166095741343379233e-01 1.744099455492551520e-01 8.193982086388527930e-02 -3.558222069308043800e-02
9.506959682575661645e+02 7.514532615033119034e-02 1.191411264573613155e-01 4.779928840724136790e-02 -1.359193334469988891e-02
9.888387912596456317e+02 5.177908098932462733e-02 7.918645795675606502e-02 2.757203484857593395e-02 -5.996406930590053065e-03
1.028288584502058939e+03 3.655610698250691404e-02 5.354151944907695193e-02 1.841152857463038139e-02 -3.405912074495989761e-03
1.069016612668668586e+03 2.595575143116641420e-02 3.660931410011319248e-02 1.286538760820804018e-02 -2.060060180767589542e-03
1.110977181182366166e+03 1.888528857388407575e-02 2.603977887571326186e-02 9.097403549029360603e-03 -1.117766130979159014e-03
1.154107661079238142e+03 1.396246526759065652e-02 1.911236955876128782e-02 6.699237699554580310e-03 -7.189097859703966198e-04
1.198329637130811079e+03 1.061469214464243020e-02 1.429906486368206012e-02 5.109081807979151159e-03 -4.515689374994106327e-04
1.243551181738211426e+03 8.105502652953689921e-03 1.085869887085826047e-02 3.959946212756581228e-03 -3.253498291796905716e-04
1.289670112494877458e+03 6.339382263459866947e-03 8.338209849524569686e-03 3.119646831519708782e-03 -2.151146545580829477e-04
1.336577958557073089e+03 4.952586835192442256e-03 6.488652495743443827e-03 2.500255147373894177e-03 -1.523185874571895027e-04
1.384164265639237556e+03 3.960107932717140539e-03 5.086352899793309887e-03 2.041391840285180885e-03 -9.591182921205642438e-05
1.432320830120737128e+03 3.163255635707139506e-03 4.044309355291727734e-03 1.696376460082717457e-03 -6.714091398664608968e-05
1.480945476283314974e+03 2.589765608780913216e-03 3.242408313531339355e-03 1.432643197753577123e-03 -3.363048731228060408e-05
1.529945070701716531e+03 2.118635983573361435e-03 2.631734482207715321e-03 1.231776962127776719e-03 -1.900425853019093098e-05
1.579237586591913669e+03 1.780164350186792420e-03 2.155914858668046483e-03 1.074613316792273274e-03 -8.142372847109010000e-07
1.628753164304007669e+03 1.493993343079434970e-03 1.784599797443891514e-03 9.552605192691115271e-04 5.833726498939779590e-06
1.678434237571518679e+03 1.282884160101136753e-03 1.491340022632796965e-03 8.600965584207414779e-04 1.805355048650536653e-05
1.728234889217950240e+03 1.100596999923043797e-03 1.262111097236486013e-03 7.867203669511381794e-04 1.615119827494906985e-05
1.778119654122183420e+03 9.651473543264067236e-04 1.076482147730758098e-03 7.267061587322008092e-04 2.222273420681401354e-05
1.828062000274167303e+03 8.451181556997329003e-04 9.364470471710657469e-04 6.795003949067621131e-04 2.350718118886480535e-05
1.878042697578883690e+03 7.565805926359875627e-04 8.108380331311490063e-04 6.409240025606372133e-04 2.598396704695463816e-05
1.928048240323360005e+03 6.796117439437948009e-04 7.104424684276345030e-04 6.099652222682644138e-04 2.550972420997225739e-05
1.978069435734228591e+03 6.192727185866561375e-04 6.283818617098151701e-04 5.828942439586737171e-04 2.625992330445354694e-05
2.028100218887039091e+03 5.633961015178580011e-04 5.597417444809930139e-04 5.605538769592396942e-04 2.453227744587737364e-05
2.078136710943351773e+03 5.216968992480943779e-04 5.051499928959244257e-04 5.414071899144505279e-04 2.546536795655355675e-05
2.128176506901113953e+03 4.837283657342340772e-04 4.574889171749764102e-04 5.249797524152302348e-04 2.407172773531910249e-05
2.178218160986893508e+03 4.549801764735675953e-04 4.164633559821287576e-04 5.107180749777905353e-04 2.309948174625482662e-05
2.228260830479211108e+03 4.281407824764936780e-04 3.815514629414228196e-04 4.984830089931967896e-04 2.329793712170039676e-05
2.278304039067667873e+03 4.076195306595639949e-04 3.524244009186297284e-04 4.878840080885660647e-04 2.378752334113044939e-05
2.328347525694245178e+03 3.868872627882329442e-04 3.238795950304668007e-04 4.795141379482667455e-04 2.355510053967980953e-05
2.378391151606763742e+03 3.722147857488582829e-04 2.996647965379296320e-04 4.719261153830501816e-04 2.333490403022137671e-05
2.428434845288174074e+03 3.574427085672653246e-04 2.794347158825775642e-04 4.656468406524739631e-04 2.315696956547312802e-05
2.478478570990285334e+03 3.470407601531732742e-04 2.610515571719664333e-04 4.587874971241579164e-04 2.397009986350354021e-05
2.528522311383931992e+03 3.368933807238181418e-04 2.467734292322145404e-04 4.535550554490271145e-04 2.531760250704731394e-05
2.578566058322411664e+03 3.288155827749403271e-04 2.337679156638158612e-04 4.489709454443450249e-04 2.516571017981310342e-05
2.628609808091535342e+03 3.210712100721738790e-04 2.229587429455307142e-04 4.455671220736706281e-04 2.611219424443496956e-05
2.678653559049122578e+03 3.154350394567511577e-04 2.110480494977688421e-04 4.427224545361379431e-04 2.577481326473807905e-05
2.728697310491063035e+03 3.095314888065956653e-04 2.004842970003098575e-04 4.397230314263581431e-04 2.690600118095114602e-05
2.778741062124591281e+03 3.048474653301858051e-04 1.907886606972834266e-04 4.390344039921785621e-04 2.560945264401448589e-05
2.828784813831667634e+03 3.009072592964749139e-04 1.834998398176855810e-04 4.366816876764602795e-04 2.619677022855361359e-05
2.878828565566141151e+03 2.983863046273747973e-04 1.753880763173186030e-04 4.370608395557933415e-04 2.566984848948767275e-05
2.928872317310517701e+03 2.960949074809932926e-04 1.694102383549324635e-04 4.359580215846260839e-04 2.607217188818923616e-05
2.978916069058366702e+03 2.940074919293516297e-04 1.620142542516538129e-04 4.378520524029879497e-04 2.574234293189364516e-05
3.028959820807397591e+03 2.922448505450235610e-04 1.581533850332867634e-04 4.377960836374749374e-04 2.783125397012311828e-05
3.079003572556818199e+03 2.913878239649243329e-04 1.528049723054682716e-04 4.413693020473626483e-04 2.728652435381115360e-05
3.129047324306363407e+03 2.903952983150438782e-04 1.497391136964952498e-04 4.418329620452937645e-04 2.999021297158695589e-05
3.179091076055947724e+03 2.909247289218583332e-04 1.463884279084377773e-04 4.441854291992420006e-04 3.032910836888829249e-05
3.229134827805542955e+03 2.904172428179041922e-04 1.445411889871752852e-04 4.447055591785077969e-04 3.328112998280328397e-05
3.279178579555142733e+03 2.901190882756066918e-04 1.407412687223076435e-04 4.472219271206538281e-04 3.407928784028847307e-05
3.329222331304742966e+03 2.894647881149117839e-04 1.381039416143505806e-04 4.483968301744322847e-04 3.556206970482523434e-05
3.379266083054343198e+03 2.895771218548830726e-04 1.343289025956369222e-04 4.498066816801880147e-04 3.608748463850693317e-05
3.429309834803942977e+03 2.891174027567831959e-04 1.328556148515385804e-04 4.518854886895567178e-04 3.694913488103095377e-05
3.479353586553543209e+03 2.881781170304326990e-04 1.303118994413420234e-04 4.530202517259072047e-04 3.808203957988018443e-05
3.529397338303142988e+03 2.873971698055877762e-04 1.286028807048307185e-04 4.562430568944732387e-04 3.982140754706889763e-05
3.579441090052743220e+03 2.864345538173079472e-04 1.260096753072669266e-04 4.568324438868011286e-04 4.061074145343718689e-05
3.629484841802343453e+03 2.861223307298530459e-04 1.247992618346128655e-04 4.589876981401221578e-04 4.201480254628462443e-05
3.679528593551943231e+03 2.860137435082851049e-04 1.227702270214183931e-04 4.585471975308402217e-04 4.246604993289123276e-05
3.729572345301543464e+03 2.874270754262017269e-04 1.224316106604094129e-04 4.597651759736765486e-04 4.468552780512777929e-05
3.779616097051143242e+03 2.885862613159782060e-04 1.221920865639525647e-04 4.597180074462914865e-04 4.586345262522472646e-05
3.829659848800743475e+03 2.893712092672163670e-04 1.219222696619704768e-04 4.615089558098580324e-04 4.850487597176740057e-05
3.879703600550343708e+03 2.903260596017607402e-04 1.207641771815909165e-04 4.627243356680509957e-04 4.978772657820051457e-05
3.929747352299943486e+03 2.903199537458517549e-04 1.199990840813525177e-04 4.654178396802385138e-04 5.026427525682532015e-05
3.979791104049543719e+03 2.903436721669933247e-04 1.201573193188484033e-04 4.678993976163959450e-04 5.122682765422955552e-05
4.029834855799144407e+03 2.891865105870006637e-04 1.219284431938791948e-04 4.694559810013960804e-04 5.168159965166453429e-05
4.079878607548744640e+03 2.871267403226387656e-04 1.224856757658811907e-04 4.710732234971603616e-04 5.271905917853905065e-05
4.129922359298344418e+03 2.855624816712928047e-04 1.246544373123366551e-04 4.721299013995115704e-04 5.446209301277365908e-05
4.179966111047944651e+03 2.832051003773302777e-04 1.267154104226060661e-04 4.742067160752837783e-04 5.488484429353979009e-05
4.230009862797544884e+03 2.839490827521486409e-04 1.262434950412479615e-04 4.765933028434012173e-04 5.747409766129446242e-05
4.280053614547145116e+03 2.832078418125682216e-04 1.246563103289085738e-04 4.799031674338615373e-04 5.769829287986833627e-05
4.330097366296744440e+03 2.842570666201682571e-04 1.238782701182986144e-04 4.823143279557254195e-04 6.059217244836514983e-05
4.380141118046344673e+03 2.845211931368622250e-04 1.211869298226587029e-04 4.859040047858269014e-04 6.181286333592390665e-05
4.430184869795944905e+03 2.837743043198533177e-04 1.208624599330874338e-04 4.874921608976755141e-04 6.378161971182852972e-05
4.480228621545545138e+03 2.843998775558571500e-04 1.183881976262954338e-04 4.917003183063848020e-04 6.407018303880339459e-05
4.530272373295145371e+03 2.848030821842911960e-04 1.179447745773889311e-04 4.942258047443595214e-04 6.579401085623209227e-05
4.580316125044744695e+03 2.856142630231619053e-04 1.170744598778192675e-04 4.988035734875892599e-04 6.689443772548182431e-05
4.630359876794344927e+03 2.857651807017878962e-04 1.176726506885530547e-04 5.006127376736583742e-04 6.770237609179374501e-05
4.680403628543945160e+03 2.869290000316918293e-04 1.175847413304352757e-04 5.039540187812518697e-04 6.791459143203184895e-05
4.730447380293545393e+03 2.886673002339445776e-04 1.192930091665040201e-04 5.045830137467641066e-04 6.998870625256959136e-05
4.780491132043145626e+03 2.901832574215428050e-04 1.178324698083209690e-04 5.075409623240640863e-04 6.972321249361032331e-05
4.830534883792744949e+03 2.901550097279283181e-04 1.184198418383131221e-04 5.093053139991102858e-04 6.949974971233364334e-05
4.880578635542345182e+03 2.913459525340098759e-04 1.173480218026882376e-04 5.117993533232045259e-04 7.048760405362239324e-05
4.930622387291945415e+03 2.914300399273622721e-04 1.194855969719923051e-04 5.118460070993237788e-04 7.233404105213481130e-05
4.980666139041545648e+03 2.920450170230213388e-04 1.223684792868783109e-04 5.132393305867498931e-04 7.455896552798642037e-05
5.030709890791145881e+03 2.916934996064352568e-04 1.247695818768300012e-04 5.135417494367464477e-04 7.735346424355897630e-05
5.080753642540745204e+03 2.929492385100397112e-04 1.259119245564665503e-04 5.171413478704412620e-04 7.906678761631147682e-05
5.130797394290345437e+03 2.923231200401781417e-04 1.253182372176486769e-04 5.201864840097348078e-04 7.949358879406942838e-05
5.180841146039945670e+03 2.930365574953369950e-04 1.261576322386768632e-04 5.233954433540805116e-04 8.004281738451676461e-05
5.230884897789545903e+03 2.925903786956471223e-04 1.266451123781735710e-04 5.261906665000640713e-04 8.132021158770845503e-05
5.280928649539146136e+03 2.922132161304785746e-04 1.268425041134059700e-04 5.290281912978758326e-04 8.108131000230033795e-05
5.330972401288746369e+03 2.917808497222961080e-04 1.277966776898164082e-04 5.315921250325768505e-04 8.127335532680779169e-05
5.381016153038345692e+03 2.922360436637425692e-04 1.282812834225501865e-04 5.345795089388684579e-04 8.226139750761723990e-05
5.431059904787945925e+03 2.916202282130315646e-04 1.291921400077608703e-04 5.370851194139341159e-04 8.313386403100619861e-05
5.481103656537546158e+03 2.935589592549713240e-04 1.307790656609667381e-04 5.403262306795472312e-04 8.461747923911665909e-05
5.531147408287146391e+03 2.939834221668757787e-04 1.316407413691293422e-04 5.419612760998008833e-04 8.470607107292732702e-05
5.581191160036746624e+03 2.972691622097751963e-04 1.333521267114946699e-04 5.436770670233050974e-04 8.714735583718118367e-05
5.631234911786345947e+03 2.975188549210236021e-04 1.345328182554018091e-04 5.440276437400296938e-04 8.859563816483048367e-05
5.681278663535946180e+03 2.987888514729913165e-04 1.348452144200988916e-04 5.456983219546724002e-04 8.899910512649060815e-05
5.731322415285546413e+03 2.967294755041546307e-04 1.349221523048229081e-04 5.463706335880902116e-04 8.840922275488788601e-05
5.781366167035146646e+03 2.955109631418752496e-04 1.357699961207774100e-04 5.479051191755507279e-04 8.864353271198561926e-05
5.831409918784746878e+03 2.923873976192544887e-04 1.355799807899061161e-04 5.480107897092819421e-04 8.788501904672019096e-05
5.881453670534346202e+03 2.930960272731977117e-04 1.360358706730306155e-04 5.501773852448893758e-04 9.002085989069553583e-05
5.931497422283946435e+03 2.930173346717802147e-04 1.352423915893013399e-04 5.499431992743705538e-04 9.050173216364368431e-05
5.981541174033546667e+03 2.942632673730857058e-04 1.365416029311952923e-04 5.519395361124955317e-04 9.224757378609272176e-05
6.031584925783146900e+03 2.970984160834349934e-04 1.393935235329820472e-04 5.519926756516886331e-04 9.544849450609680860e-05
6.081628677532747133e+03 3.001887935818319279e-04 1.411368612975952687e-04 5.546722966359769356e-04 9.840519603499279459e-05
6.131672429282346457e+03 3.009526542431991141e-04 1.423681370006845900e-04 5.553924025503602716e-04 9.941234677625373855e-05
6.181716181031946689e+03 2.982690821167898626e-04 1.429495534696940560e-04 5.575745920967157578e-04 9.896508267963925666e-05
6.231759932781546922e+03 2.945368984399126091e-04 1.435938218519196817e-04 5.570919690907364871e-04 9.905730635979687602e-05
6.281803684531147155e+03 2.923091886640656893e-04 1.445086781110132299e-04 5.588697358883063784e-04 9.880059078158427331e-05
6.331847436280747388e+03 2.894194552796481440e-04 1.454877457724541791e-04 5.587055986771336360e-04 9.870604928809834219e-05
6.381891188030346711e+03 2.900370183822274773e-04 1.467748343992918353e-04 5.594012967317160820e-04 1.002794786068601101e-04
6.431934939779947854e+03 2.911672436435882140e-04 1.479051377117589488e-04 5.590200493743104375e-04 1.015554534067877407e-04
6.481978691529548087e+03 2.935688213575846669e-04 1.493837821594668088e-04 5.595226291109731825e-04 1.021989677322830475e-04
6.532022443279148320e+03 2.960451098045428883e-04 1.508867357490711837e-04 5.610214576563411900e-04 1.045793059184358227e-04
6.582066195028747643e+03 2.969767759513399765e-04 1.531021791088259547e-04 5.654453396443276684e-04 1.056012564877925603e-04
6.632109946778347876e+03 2.955874405343089434e-04 1.527560504143534771e-04 5.713133233031442897e-04 1.055036722123738546e-04
6.682153698527948109e+03 2.919546258402501513e-04 1.519259720067113863e-04 5.753451577574652956e-04 1.040758625336360085e-04
6.732197450277548342e+03 2.891385136939090606e-04 1.519566073448150312e-04 5.800856122757884871e-04 1.041777162970113719e-04
6.782241202027148574e+03 2.880968774849652241e-04 1.538040253531383508e-04 5.833707454243194316e-04 1.046144472381842021e-04
6.832284953776747898e+03 2.902124390320588417e-04 1.551780615551606377e-04 5.881820519699453020e-04 1.068352980639704673e-04
6.882328705526348131e+03 2.917583459169580899e-04 1.553595671619657358e-04 5.915429630192949734e-04 1.077700705628214481e-04
6.932372457275948364e+03 2.938008660327182889e-04 1.556621367647555143e-04 5.963562755236496114e-04 1.084839616008940159e-04
6.982416209025548596e+03 2.954769658726697423e-04 1.587714476234960374e-04 5.984590242086090459e-04 1.108720333058185980e-04
7.032459960775148829e+03 2.956872237182532224e-04 1.584058599582093777e-04 6.034295582753801878e-04 1.110808605044669579e-04
7.082503712524749062e+03 2.946876027694132327e-04 1.573769109880617662e-04 6.039488520758121278e-04 1.106407222387107163e-04
7.132547464274348386e+03 2.930664746402460272e-04 1.556401528939911898e-04 6.107928898097211064e-04 1.090086160310715289e-04
7.182591216023948618e+03 2.908651789977635660e-04 1.561303129623940213e-04 6.114549794395527814e-04 1.086640165841726898e-04
7.232634967773548851e+03 2.903495198487588422e-04 1.559973201026346428e-04 6.207008652286106175e-04 1.090473093102176853e-04
7.282678719523149084e+03 2.925843059159618088e-04 1.557692348064396105e-04 6.199945139999102480e-04 1.103553102644900944e-04
7.332722471272749317e+03 2.996092897631480434e-04 1.583150520411034869e-04 6.300762113237282948e-04 1.147210221743046033e-04
7.382766223022348640e+03 3.019317243805549086e-04 1.604890690813598150e-04 6.246133923781999097e-04 1.163378527083837961e-04
7.432809974771948873e+03 3.049881144128804432e-04 1.621322030754699588e-04 6.335151660418892987e-04 1.178855114793593551e-04
7.482853726521549106e+03 2.999947792301898555e-04 1.625319688500338300e-04 6.211003759728773695e-04 1.154801612696479440e-04
7.532897478271149339e+03 2.935713276672694146e-04 1.621452993358602033e-04 6.213691313663406365e-04 1.136019361108481381e-04
7.582941230020749572e+03 2.833900731711366393e-04 1.663348464362647983e-04 5.939333027179650006e-04 1.132518844358678761e-04
7.632984981770348895e+03 2.794947332387378246e-04 1.721538614280078406e-04 5.817685407145068918e-04 1.141174890386733318e-04
7.683028733519949128e+03 2.726288291895978089e-04 1.806299057394218264e-04 5.343286069404864060e-04 1.163590926244241507e-04
7.733072485269549361e+03 2.744824179910184715e-04 1.855715456017840374e-04 5.089926704768482982e-04 1.178551865701391553e-04
7.783116237019149594e+03 2.662978741634635413e-04 1.906439823790777950e-04 4.435184826139971104e-04 1.173155070976039497e-04
7.833159988768749827e+03 2.711450965502532865e-04 1.970156124780473477e-04 3.969991848846750999e-04 1.197738711647723393e-04
7.883203740518349150e+03 2.436629682947782742e-04 2.088478640252709956e-04 3.039081654959967672e-04 1.142054864075181672e-04
7.933247492267949383e+03 2.128959870677941458e-04 2.401856664758168010e-04 2.292039184302220730e-04 1.196234229801524122e-04
7.983291244017549616e+03 1.479056985125551849e-04 2.766378560500851354e-04 1.541395631610289281e-04 1.181060982340022421e-04
