# Columns: yplus tau11+ tau22+ tau33+ tau12+ | Case=jet_M08_T75 | x*=10.00
4.129360036437639270e-01 4.364412192772904736e-02 2.225375524668405188e-05 3.407022986547142418e-02 -1.986998108454715117e-04
1.209740571963183964e+00 3.743609271651591186e-01 6.191179251230083391e-04 2.493449132132607438e-01 -3.854933863571980909e-03
2.009828079398198408e+00 1.000650633031787029e+00 3.389623076218880194e-03 5.796618083981014413e-01 -1.690329096986990104e-02
2.814087983424178319e+00 1.866086716216973640e+00 9.951829122092508556e-03 9.600623996727525311e-01 -4.360785292158111254e-02
3.623506298449375329e+00 2.880866055555673100e+00 2.145978446675710777e-02 1.352462395556149000e+00 -8.489899166035171085e-02
4.439152590187164016e+00 3.943851435016331841e+00 3.823616721230063686e-02 1.734989334891224866e+00 -1.383388179068191781e-01
5.262167004135263504e+00 4.968745705805844182e+00 6.047975437902636947e-02 2.096624356769377862e+00 -2.003618385438972749e-01
6.093748441250292025e+00 5.897609713500542306e+00 8.779290377639251131e-02 2.432020459033953141e+00 -2.667354453027008798e-01
6.935144578744474764e+00 6.701999031686718844e+00 1.201049452604108642e-01 2.740048270782408313e+00 -3.342435486616924800e-01
7.787644051442767612e+00 7.376119874658589204e+00 1.567949981183054398e-01 3.021041117531525710e+00 -4.000032534620484026e-01
8.652570805556987210e+00 7.927828999303028645e+00 1.977842758535265644e-01 3.276636864850198450e+00 -4.625002000559225168e-01
9.531280430873565024e+00 8.371404518939961292e+00 2.424062127042497239e-01 3.508724606353046838e+00 -5.204156291120093369e-01
1.042515816567304832e+01 8.722775733862798475e+00 2.906537788149720081e-01 3.719575074194251485e+00 -5.736847334365596796e-01
1.133561823345611330e+01 8.997082318013267965e+00 3.418989339020487295e-01 3.911204090371702691e+00 -6.220346146294570833e-01
1.226410418810570668e+01 9.207042035214914932e+00 3.961326467648024763e-01 4.085432644538649072e+00 -6.659981932275605976e-01
1.321208999144753271e+01 9.363427869767244616e+00 4.527916672651334795e-01 4.244077198423084063e+00 -7.056220978984198977e-01
1.418108160578513477e+01 9.475563946809062443e+00 5.119305944471744807e-01 4.388649896141758155e+00 -7.415736515063199308e-01
1.517261894134713174e+01 9.552142608994030226e+00 5.728990920283980604e-01 4.520550447096085556e+00 -7.739563329744627573e-01
1.618827804778688773e+01 9.600653255931236529e+00 6.358257736127150839e-01 4.640622688779697746e+00 -8.033469855583429409e-01
1.722967347734871169e+01 9.627411042081657655e+00 7.001709160657091369e-01 4.749662537779861360e+00 -8.297876183355185065e-01
1.829846077528327086e+01 9.636902710891115831e+00 7.660787201004803926e-01 4.848475874007633024e+00 -8.537077951616729443e-01
1.939633907221483966e+01 9.632145169269163532e+00 8.329170250956728916e-01 4.938156009061455798e+00 -8.752957162300660787e-01
2.052505376555077987e+01 9.615897904323469803e+00 9.008702622984979813e-01 5.019447850042287662e+00 -8.950410513660773670e-01
2.168639928467725753e+01 9.591102750549598710e+00 9.694469208920624137e-01 5.093443557647965747e+00 -9.131287004840508148e-01
2.288222193922227632e+01 9.560291520932773679e+00 1.038612223566842019e+00 5.160754093826271927e+00 -9.298912566700432425e-01
2.411442285226875981e+01 9.524520315025254646e+00 1.108007583248826977e+00 5.221752308101132556e+00 -9.455838599700632230e-01
2.538496098186309169e+01 9.483988645844910081e+00 1.177676431491729181e+00 5.277124974388603285e+00 -9.604437468877282669e-01
2.669585623498970861e+01 9.439508896690695039e+00 1.247373819679288287e+00 5.327045579242314588e+00 -9.745783646130451450e-01
2.804919267866915078e+01 9.392395289218928411e+00 1.317325103179702639e+00 5.371446850231722969e+00 -9.877231014357689132e-01
2.944712185315358255e+01 9.344437168250371073e+00 1.387042485388463309e+00 5.411184396416452103e+00 -9.999311007036451038e-01
3.089186619243044873e+01 9.297023439515557541e+00 1.456700399028008075e+00 5.446817762260192985e+00 -1.011101659068819769e+00
3.238572255744867334e+01 9.251843502721275314e+00 1.525702730702747756e+00 5.478880621067052203e+00 -1.021622236204966283e+00
3.393106588767507503e+01 9.209356240577296404e+00 1.594160404294305833e+00 5.507424858848821714e+00 -1.031797886283466914e+00
3.553035297678245996e+01 9.168993582098751816e+00 1.661434252608301687e+00 5.533036865896145962e+00 -1.041775149328036054e+00
3.718612637847071767e+01 9.131202146593826896e+00 1.727747913595361950e+00 5.556566490881470699e+00 -1.051092888456337526e+00
3.890101844862976321e+01 9.096430366802303880e+00 1.792785098217280160e+00 5.578851702178079464e+00 -1.059832921983685949e+00
4.067775553027060909e+01 9.065141359689031120e+00 1.856936199473229854e+00 5.599790159637820786e+00 -1.068096631120346585e+00
4.251916228787755614e+01 9.035316813820195136e+00 1.919918637219624635e+00 5.618521263602517912e+00 -1.076177034867211946e+00
4.442816619807220491e+01 9.007375779935173910e+00 1.982140407974782192e+00 5.634201741612760550e+00 -1.084514737143140950e+00
4.640780220372892728e+01 8.981244832822548929e+00 2.043299507229960010e+00 5.647077639045074093e+00 -1.093020627449160731e+00
4.846121753894033901e+01 8.957177966772498223e+00 2.104452735366986627e+00 5.656694375893389193e+00 -1.101440601591409774e+00
5.059167673250409081e+01 8.934722762816113217e+00 2.165424440929193395e+00 5.664184490128493010e+00 -1.108949443651730649e+00
5.280256679788513452e+01 8.915943901741066213e+00 2.227218152253849670e+00 5.670804492948954056e+00 -1.114726226761949990e+00
5.509740261790490479e+01 8.900153045724179535e+00 2.289322397832100453e+00 5.678827231945039244e+00 -1.118830181054639272e+00
5.747983253271736004e+01 8.885794097352361476e+00 2.352167008494653988e+00 5.688333948926579176e+00 -1.121627913317144065e+00
5.995364413995657316e+01 8.871992385131763470e+00 2.415205804412219770e+00 5.700390469166709551e+00 -1.123581466113260374e+00
6.252277031627593828e+01 8.857080630576319891e+00 2.478311536188095854e+00 5.715107551345657733e+00 -1.124913138399469048e+00
6.519129546985315926e+01 8.841516876636072553e+00 2.540376718134059963e+00 5.732408803753837212e+00 -1.127056280617274586e+00
6.796346203380049644e+01 8.827351816774465121e+00 2.601891741626015886e+00 5.753335943436876931e+00 -1.128510657351925239e+00
7.084367721080334945e+01 8.816869426113919772e+00 2.662609410302092972e+00 5.779264552704278302e+00 -1.129345388361437941e+00
7.383651997971107050e+01 8.810350753887762565e+00 2.723669110910225122e+00 5.809564404444366836e+00 -1.129654559268715719e+00
7.694674837521753830e+01 8.803801138194634390e+00 2.784418180575713997e+00 5.841299866869139379e+00 -1.130186578272249776e+00
8.017930705220588550e+01 8.793520312599198974e+00 2.846633573787468841e+00 5.871474089641611549e+00 -1.130379805023595363e+00
8.353933514678264771e+01 8.783922314865577619e+00 2.909712538570748741e+00 5.899148286156364662e+00 -1.130888941497620648e+00
8.703217444649946799e+01 8.775401732778325581e+00 2.975507051393794011e+00 5.920784764264405808e+00 -1.130230861675372456e+00
9.066337788275002652e+01 8.769286266639294780e+00 3.042942386049780179e+00 5.936584242855636795e+00 -1.128961229736422212e+00
9.443871835884547750e+01 8.766747326039499910e+00 3.112713093708753487e+00 5.947382271524070951e+00 -1.127133800958546095e+00
9.836419792780145599e+01 8.766092258527965697e+00 3.182671108679358429e+00 5.958249145030247718e+00 -1.124293059411365592e+00
1.024460573344287582e+02 8.771808319852134161e+00 3.251652168705973622e+00 5.965873149234181660e+00 -1.120417816786657861e+00
1.066907859368967451e+02 8.780659025981261578e+00 3.317862688137603211e+00 5.973145926665003991e+00 -1.117365661800822085e+00
1.111051320235440869e+02 8.792512371540743388e+00 3.382330822396365289e+00 5.982222289290017869e+00 -1.114991972241588192e+00
1.156961135413371977e+02 8.808827421456870255e+00 3.445711794365625025e+00 5.996794385382473003e+00 -1.116958429123487084e+00
1.204710292530335636e+02 8.821527558980347905e+00 3.514403621030380176e+00 6.017178543981292371e+00 -1.119834551202650186e+00
1.254374703407870584e+02 8.840855603772581617e+00 3.585985208255267231e+00 6.031569908364016186e+00 -1.124574502620936833e+00
1.306033324746428832e+02 8.876636027608469703e+00 3.661245703965533060e+00 6.031420852328468918e+00 -1.129897976617049604e+00
1.359768283651090428e+02 8.919041442562450683e+00 3.737669522670012512e+00 6.031346168285706355e+00 -1.137120067062047601e+00
1.415665008197596819e+02 8.970637753842527928e+00 3.818506436353334532e+00 6.038192409861159682e+00 -1.149055712345546043e+00
1.473812363246283041e+02 9.033596519732901342e+00 3.900658666457123669e+00 6.050334232848242344e+00 -1.156947858418533315e+00
1.534302791719830168e+02 9.113203441820239448e+00 3.986211531628554017e+00 6.052221477498416213e+00 -1.163552058328803707e+00
1.597232461569429063e+02 9.210439033334967718e+00 4.069132380775743130e+00 6.043682499837688127e+00 -1.177709915853537792e+00
1.662701418663018842e+02 9.319291247785352894e+00 4.151971370422518071e+00 6.036386140608947848e+00 -1.194150537706466730e+00
1.730813745838649425e+02 9.437096251034585492e+00 4.244219045927698275e+00 6.027307787458422439e+00 -1.214927698995123206e+00
1.801677728375838399e+02 9.562438489741577285e+00 4.339300512619075789e+00 6.017717477228033296e+00 -1.238210631681464724e+00
1.875406026147988143e+02 9.709420765657972296e+00 4.434538785680610218e+00 6.014376865622600654e+00 -1.261060231026384759e+00
1.952115852729551477e+02 9.873550022956809613e+00 4.534799666192241396e+00 6.015885952861008690e+00 -1.291470281189949887e+00
2.031929161742694703e+02 1.005871403690007071e+01 4.630457902948143634e+00 6.013591092317806641e+00 -1.321910898737169715e+00
2.114972840739702065e+02 1.026308255446149964e+01 4.722042023385409237e+00 6.004670479176816400e+00 -1.360845957398549411e+00
2.201378912929370699e+02 1.049024631980065081e+01 4.809043344705725254e+00 5.992902065100239817e+00 -1.409361326257443148e+00
2.291284747068095839e+02 1.075269911264454592e+01 4.900114129480371616e+00 5.975463040898040035e+00 -1.471395569921071234e+00
2.384833275849327663e+02 1.104167172750026360e+01 4.989351640986498637e+00 5.949582955905174053e+00 -1.527353250965919562e+00
2.482173223138614446e+02 1.137386239160343138e+01 5.081405091554987763e+00 5.930990419869205610e+00 -1.583004926163794401e+00
2.583459340415495262e+02 1.174014905775569950e+01 5.160904542831686648e+00 5.900757920126030953e+00 -1.638451790813988396e+00
2.688852652798185545e+02 1.213633563242700930e+01 5.242564242905912053e+00 5.856828650704789752e+00 -1.696407490462968015e+00
2.798520715042297979e+02 1.256664443961098954e+01 5.317783699757803184e+00 5.802733434977856319e+00 -1.765336605620789534e+00
2.912637877920895448e+02 1.303834737046517134e+01 5.387753528829296812e+00 5.749513482768220385e+00 -1.837001930038413500e+00
3.031385565410134859e+02 1.353122670938642180e+01 5.443596303407079340e+00 5.682067630361662403e+00 -1.913787148742438715e+00
3.154952563122996025e+02 1.408992097710100033e+01 5.478189524979636182e+00 5.621667425507836491e+00 -1.994302713619100942e+00
3.283535318453905347e+02 1.475022475417517320e+01 5.509849678723130140e+00 5.580161114718753090e+00 -2.095736640390482464e+00
3.417338252920631589e+02 1.548377388004174904e+01 5.529817324836421299e+00 5.539978657387094607e+00 -2.186611687883579513e+00
3.556574087219059948e+02 1.618995527264471335e+01 5.529598117531571155e+00 5.495047933395600381e+00 -2.259386339404609867e+00
3.701464179544238391e+02 1.682002580280243720e+01 5.532758648507563493e+00 5.462691023261195156e+00 -2.334444141878654122e+00
3.852238877780446842e+02 1.753748727289552889e+01 5.551172375895634836e+00 5.434229382338212844e+00 -2.422415658046781495e+00
4.009137886222329143e+02 1.832479267265608414e+01 5.561492358075061482e+00 5.386522836995745855e+00 -2.514100659718732977e+00
4.172410647541276489e+02 1.915298127835538722e+01 5.558227919047389776e+00 5.315743803960534031e+00 -2.575939274096487264e+00
4.342316740698447006e+02 1.999569704943990089e+01 5.508699924218001698e+00 5.257177973522505710e+00 -2.646412215984726757e+00
4.519126295279810392e+02 2.083243170441333447e+01 5.449404674120506442e+00 5.220718014179831279e+00 -2.737555706092564822e+00
4.703120421961282318e+02 2.157844266721104276e+01 5.384852359862699167e+00 5.167961647075035359e+00 -2.822281651396459257e+00
4.894591656854863118e+02 2.229708390062926782e+01 5.297391005616113091e+00 5.134062131355555891e+00 -2.916591116954414531e+00
5.093844413170177177e+02 2.295040465627653603e+01 5.185556397218658020e+00 5.054267146396377086e+00 -2.997637177839271860e+00
5.301195425026584189e+02 2.353515275435614029e+01 5.081314311117285598e+00 4.958404792601710298e+00 -3.079247176811408693e+00
5.516974152486402545e+02 2.390438171178677251e+01 5.032559200466808491e+00 4.808405835735564793e+00 -3.143211726442720622e+00
5.741523090076865401e+02 2.399160737969417312e+01 4.992418386319134704e+00 4.657980605105176863e+00 -3.209634534728647459e+00
5.975197878711062458e+02 2.392304387223080653e+01 4.914262638595192634e+00 4.480045127722933174e+00 -3.260148864057144991e+00
6.218367058833928240e+02 2.373998402807382746e+01 4.808217865950542347e+00 4.357350219285836879e+00 -3.276394290352386829e+00
6.471411218814937456e+02 2.337543612263298343e+01 4.653381687315182980e+00 4.219100434373264541e+00 -3.265848303570397348e+00
6.734721189962531298e+02 2.276918112871447519e+01 4.467576953857705035e+00 4.086385948342915242e+00 -3.273029793842014534e+00
7.008694828966209798e+02 2.191473372285934218e+01 4.308368648873979190e+00 3.894224863451884122e+00 -3.257314795394643081e+00
7.293731831760941304e+02 2.066241195616036208e+01 4.153520315789521966e+00 3.671928457649170419e+00 -3.206150970964753988e+00
7.590225973006090499e+02 1.902690219879660916e+01 3.979879213547242944e+00 3.519073103770942623e+00 -3.096695054192729835e+00
7.898554204606537041e+02 1.711388436645992428e+01 3.770280094137957949e+00 3.433975669622066018e+00 -2.985387363618927203e+00
8.219062218078435080e+02 1.497002649796953833e+01 3.536658249427824252e+00 3.306554463110789044e+00 -2.811205682520444338e+00
8.552046410593350174e+02 1.262932145509348558e+01 3.278213133960141246e+00 3.086175627237588426e+00 -2.614455016004895604e+00
8.897732697522011449e+02 1.045705690390427556e+01 2.994747210719393316e+00 2.711475120633573432e+00 -2.377342263038009662e+00
9.256253247987647228e+02 8.250434809782671408e+00 2.736152573152887513e+00 2.299723718479826928e+00 -2.105602754048406133e+00
9.627622898316029705e+02 6.262716858639098660e+00 2.438338037359192079e+00 1.971825692139363317e+00 -1.799676087956573411e+00
1.001171759212417555e+03 4.536700616842333389e+00 2.135650465574994161e+00 1.650888539762600082e+00 -1.493429710498375584e+00
1.040825755399259151e+03 3.076808851668878297e+00 1.812197024726358796e+00 1.336617218614575942e+00 -1.161014252436509908e+00
1.081679788819026044e+03 2.017505491782632276e+00 1.478147630174322380e+00 1.009342508262902172e+00 -8.450672459354444666e-01
1.123672882085676520e+03 1.308019780971806378e+00 1.144251181823517260e+00 7.008566389280466158e-01 -5.759376470969580497e-01
1.166728687845537252e+03 8.446035526096209445e-01 8.710735187315129524e-01 4.916974320930038722e-01 -3.749417387504300203e-01
1.210757702706980808e+03 5.514987641874277147e-01 6.505748521481630187e-01 3.413452773845116472e-01 -2.397530794631497486e-01
1.255660438898500388e+03 3.728663501072461695e-01 4.798483192116247964e-01 2.190001432631992484e-01 -1.482287353531746843e-01
1.301331286042733836e+03 2.568283498657817909e-01 3.498743660309072134e-01 1.312915534269869511e-01 -8.002826376301828970e-02
1.347662702625504835e+03 1.821504824097708308e-01 2.519628773469634875e-01 9.106091373711015791e-02 -3.846740435082223603e-02
1.394549338445658350e+03 1.303714280454288388e-01 1.803496465420177941e-01 5.897751440418505520e-02 -1.811081585750975997e-02
1.441891712243616212e+03 9.743508989847372848e-02 1.286755178802773125e-01 3.925546275444356803e-02 -9.115590531444592998e-03
1.489599146600014819e+03 7.151725888041027268e-02 9.344135515651375012e-02 2.787960767241139462e-02 -6.203169234203889486e-03
1.537591777845349725e+03 5.368743477271898518e-02 6.918382359786932889e-02 2.044907992500619165e-02 -4.656166683353582698e-03
1.585801588586798289e+03 4.053195391089343264e-02 5.211821566675480660e-02 1.530970832507963682e-02 -3.618084114291516065e-03
1.634172530628210552e+03 3.121261219172097659e-02 3.955003909848554128e-02 1.163954062876423716e-02 -2.800134066644349457e-03
1.682659897667227824e+03 2.410118834424985687e-02 3.046650825680583333e-02 8.994541837698547676e-03 -2.255149934982412369e-03
1.731229159827473950e+03 1.896558139794891559e-02 2.360063570677441505e-02 7.028306174568843545e-03 -1.750025221315697644e-03
1.779854484770072304e+03 1.492303280996998618e-02 1.851082718993017281e-02 5.585861157321920373e-03 -1.440012942294973666e-03
1.828517149513606000e+03 1.196776214637576725e-02 1.463049325649549981e-02 4.483105138844735438e-03 -1.158509830071795211e-03
1.877204004501986674e+03 9.561517835648751865e-03 1.166966542005822699e-02 3.662567976552049548e-03 -9.481536122342513334e-04
1.925906099382927323e+03 7.840338040837887407e-03 9.373111001057709418e-03 3.016080774355607824e-03 -7.844156505169496644e-04
1.974617529169079944e+03 6.360181771895862674e-03 7.581984385648274545e-03 2.532032844403523698e-03 -6.468446670226360613e-04
2.023334517310200681e+03 5.304079613550415941e-03 6.194957009108467520e-03 2.140522485530687441e-03 -5.595319266875608275e-04
2.072054722226141621e+03 4.391613350792934571e-03 5.082412254131115151e-03 1.842592889968854789e-03 -4.711009453797868909e-04
2.120776736269718640e+03 3.725656192490759810e-03 4.217287351390555661e-03 1.598866417473168884e-03 -3.984344981557860180e-04
2.169499738942718523e+03 3.149831409262017143e-03 3.529432233328050339e-03 1.408602548416637307e-03 -3.518442442532613082e-04
2.218223266495444022e+03 2.719001616519167719e-03 2.975287523586590821e-03 1.252730563969325743e-03 -3.015511367049047747e-04
2.266947064754193889e+03 2.339740406398249997e-03 2.523299222771844923e-03 1.129687521975541445e-03 -2.676286382782076378e-04
2.315670998625798347e+03 2.062491344351415068e-03 2.159083646221747130e-03 1.032434304662308011e-03 -2.366054855330119099e-04
2.364394998479172955e+03 1.806421700304603915e-03 1.859647300041793140e-03 9.529926141909588876e-04 -2.126452802360552486e-04
2.413119029508835865e+03 1.625788778284051545e-03 1.615849024270433467e-03 8.902784423443791057e-04 -1.930329764361857496e-04
2.461843074842605802e+03 1.448031611514354359e-03 1.418104240355683816e-03 8.370401954904673966e-04 -1.754400779573532878e-04
2.510567126548616216e+03 1.328099111224660461e-03 1.253615090745687248e-03 7.960551226510274034e-04 -1.629948332686636961e-04
2.559291181010624314e+03 1.204406814716361095e-03 1.114731647169910425e-03 7.615858798118255602e-04 -1.497542154201923347e-04
2.608015236629755691e+03 1.124371471231104796e-03 9.980453584078564835e-04 7.355248963937398212e-04 -1.429755386550763188e-04
2.656739292720466892e+03 1.034362446414089547e-03 8.992013446245322250e-04 7.110956895913807642e-04 -1.302123759195350223e-04
2.705463348997713638e+03 9.780978373924611828e-04 8.166102882702413936e-04 6.942647380255278361e-04 -1.260209460427967436e-04
2.754187405346568994e+03 9.123958604878737531e-04 7.496740143370071458e-04 6.768434562422516584e-04 -1.183851251227498066e-04
2.802911461722098920e+03 8.685558725773557696e-04 6.864236817185622678e-04 6.666765352189324857e-04 -1.149904778106193939e-04
2.851635518107270855e+03 8.217736411943898272e-04 6.418137563888885646e-04 6.545603918118847973e-04 -1.063056980591183280e-04
2.900359574495823836e+03 7.892392286433311125e-04 5.980690075333439668e-04 6.463603335013197795e-04 -1.039081576199656315e-04
2.949083630885527327e+03 7.541688892851393898e-04 5.635073520208860572e-04 6.360696329318579235e-04 -9.863756120897512270e-05
2.997807687275610533e+03 7.305258335623219124e-04 5.299369570059899196e-04 6.313552464610628235e-04 -9.737357946579975677e-05
3.046531743665814702e+03 7.046095638064566293e-04 4.985034469865153679e-04 6.251060833985703320e-04 -9.275725073888574260e-05
3.095255800056057069e+03 6.872963808281848516e-04 4.726530270142709905e-04 6.241049291343102887e-04 -9.029134669490101182e-05
3.143979856446309896e+03 6.651376737926847308e-04 4.517639435209344417e-04 6.201640785053871754e-04 -8.631275970563764171e-05
3.192703912836567724e+03 6.549938997645166723e-04 4.324336403044129235e-04 6.213438112451227313e-04 -8.554503783944173931e-05
3.241427969226825553e+03 6.383480366389262216e-04 4.144587419422787007e-04 6.169820149785001798e-04 -8.231766176188594917e-05
3.290152025617082927e+03 6.325413622503138662e-04 3.986602300809817274e-04 6.181383007184275457e-04 -7.890186228127845269e-05
3.338876082007340756e+03 6.199191811072806736e-04 3.865229523757564745e-04 6.137944697517567789e-04 -7.734288483073486510e-05
3.387600138397598585e+03 6.163407948805166032e-04 3.740424755318803602e-04 6.165430992524381865e-04 -7.299431680545230030e-05
3.436324194787855959e+03 6.057824296846565839e-04 3.645839185231951416e-04 6.125978314188520492e-04 -7.492720557936313980e-05
3.485048251178113787e+03 6.020754023917079378e-04 3.530282220207383507e-04 6.147441392649590159e-04 -7.275585094252270751e-05
3.533772307568371616e+03 5.915001306553938510e-04 3.437863116115554116e-04 6.129307309642594188e-04 -7.235145845563611055e-05
3.582496363958629445e+03 5.856557176990621026e-04 3.326541927150048600e-04 6.147635364902426887e-04 -7.127684756681442130e-05
3.631220420348886819e+03 5.747675655625325781e-04 3.286828795488599682e-04 6.106895146637062724e-04 -7.034413182975803665e-05
3.679944476739144648e+03 5.693023844024110982e-04 3.175108365236464282e-04 6.126822283710317476e-04 -6.703223501060076041e-05
3.728668533129402476e+03 5.619519304753784828e-04 3.126723321206674520e-04 6.095215373179614128e-04 -6.589827490528633153e-05
3.777392589519660305e+03 5.579622891764388255e-04 3.077985201344430265e-04 6.106640034789947817e-04 -6.252302298902111179e-05
3.826116645909917679e+03 5.496138853581317629e-04 3.041595695613908074e-04 6.059082266590741592e-04 -6.316156414429758865e-05
3.874840702300175508e+03 5.474347989040840180e-04 2.985506810626549143e-04 6.038568275478941975e-04 -6.018540178522932804e-05
3.923564758690433791e+03 5.431012425049080170e-04 2.961296914144231213e-04 5.987863565046912424e-04 -5.865370432525782754e-05
3.972288815080691620e+03 5.400440141288565541e-04 2.920750091700589023e-04 5.967922173966824307e-04 -5.632573870693675293e-05
4.021012871470949449e+03 5.396717184225682112e-04 2.871891545051566928e-04 5.928720023442350879e-04 -5.501719411837405644e-05
4.069736927861206823e+03 5.391023475866509387e-04 2.842836728525307199e-04 5.921735944971319530e-04 -5.177483831450515104e-05
4.118460984251464652e+03 5.413123362413328017e-04 2.808466425027867199e-04 5.898043537960504868e-04 -5.077747590147193560e-05
4.167185040641722480e+03 5.385974684624746838e-04 2.789670801866656036e-04 5.875613312994700703e-04 -4.716430536079574258e-05
4.215909097031980309e+03 5.390740878212131474e-04 2.747338334668699973e-04 5.864439042781658794e-04 -4.412230191306050595e-05
4.264633153422238138e+03 5.354976247053599373e-04 2.710502480490917395e-04 5.850804010313687869e-04 -4.183890894699814810e-05
4.313357209812495057e+03 5.331834770875597870e-04 2.671850568271482633e-04 5.859501373520260327e-04 -4.054380927478894772e-05
4.362081266202752886e+03 5.258844566800791780e-04 2.673064653872429895e-04 5.894445431907184823e-04 -3.781257103532642907e-05
4.410805322593010715e+03 5.210166365763512159e-04 2.610750019217937686e-04 5.897089893566315449e-04 -3.638950064257122282e-05
4.459529378983268543e+03 5.132955058992893496e-04 2.608046922926669374e-04 5.922454589769503373e-04 -3.587014585842602534e-05
4.508253435373526372e+03 5.137741359930485729e-04 2.586440964594703879e-04 5.922141516742447567e-04 -3.377580920632256283e-05
4.556977491763784201e+03 5.096680280264732996e-04 2.593071939361481356e-04 5.925815454308183596e-04 -3.139455462562471487e-05
4.605701548154042030e+03 5.113613032426332595e-04 2.559462340593702525e-04 5.920056787838661860e-04 -3.018585775332183066e-05
4.654425604544299858e+03 5.079795081964380392e-04 2.553647795740329350e-04 5.923888956200607609e-04 -2.881893783159091731e-05
4.703149660934556778e+03 5.077758957949082179e-04 2.501761089325200255e-04 5.932294974250629672e-04 -2.595238931261816898e-05
4.751873717324814606e+03 5.038587749226242649e-04 2.511120335963214754e-04 5.959797502935713660e-04 -2.428251489331447342e-05
4.800597773715072435e+03 5.039705475043494351e-04 2.478083063494881727e-04 5.968406851619296452e-04 -2.332905163647759812e-05
4.849321830105330264e+03 5.002399216086721688e-04 2.482374945630005806e-04 5.981115342311015427e-04 -2.214148829290807098e-05
4.898045886495588093e+03 4.999497776486014041e-04 2.473646699051103054e-04 6.009223105021068182e-04 -2.015294376300968014e-05
4.946769942885845921e+03 4.982881437552769393e-04 2.494017138217468894e-04 6.036531239567567535e-04 -1.647948742806878931e-05
4.995493999276103750e+03 5.019315723691523479e-04 2.443719743260509467e-04 6.068604756816728439e-04 -1.542388187735378030e-05
5.044218055666360669e+03 4.996175619435784185e-04 2.450007097335292093e-04 6.076401226813204007e-04 -1.377230346792853554e-05
5.092942112056618498e+03 5.004954588113760426e-04 2.412062980170587517e-04 6.097514399384495586e-04 -1.260968768382319156e-05
5.141666168446876327e+03 4.964220355911411978e-04 2.425091413211891990e-04 6.071351178700284826e-04 -1.070285656963915407e-05
5.190390224837134156e+03 5.004205203259063945e-04 2.398811075442756522e-04 6.095314066136272788e-04 -8.953844093778711590e-06
5.239114281227391984e+03 4.971098019250031006e-04 2.432415432738022445e-04 6.076469505482462235e-04 -8.415260496533684526e-06
5.287838337617649813e+03 4.998398525790776186e-04 2.406423296290539828e-04 6.122804045409280856e-04 -6.342250018745498251e-06
5.336562394007907642e+03 4.969683661988899808e-04 2.402323149157002062e-04 6.120848184521987447e-04 -5.758612819657134337e-06
5.385286450398164561e+03 4.957681136482247836e-04 2.374215525193709697e-04 6.175985751432740622e-04 -4.029463193466493145e-06
5.434010506788422390e+03 4.926288697649492451e-04 2.392326019688201710e-04 6.174550151298892472e-04 -1.911362302943985473e-06
5.482734563178680219e+03 4.905992610971912681e-04 2.386740663587034160e-04 6.222130805624908560e-04 -2.579090271391784474e-07
5.531458619568938047e+03 4.898609805270158664e-04 2.407809893178120345e-04 6.221155298576494172e-04 2.870373831250488521e-06
5.580182675959195876e+03 4.866444395665310129e-04 2.419417766765616807e-04 6.258385670512902352e-04 6.170401576283482482e-06
5.628906732349453705e+03 4.850042747534175341e-04 2.430129965531758064e-04 6.264180218370672074e-04 9.241463421409950107e-06
5.677630788739711534e+03 4.828698524714485486e-04 2.407397656494653375e-04 6.289811913528910257e-04 1.132896988955325038e-05
5.726354845129968453e+03 4.811004879976132778e-04 2.409045894883643274e-04 6.288729609157887174e-04 1.141615024430853132e-05
5.775078901520226282e+03 4.795444015612574328e-04 2.376307055482647097e-04 6.298554064611467697e-04 1.060900736503578621e-05
5.823802957910484110e+03 4.816778496391023630e-04 2.394196086244692017e-04 6.295613971303680315e-04 1.280696090775761519e-05
5.872527014300741939e+03 4.815569128953105151e-04 2.365297339161142676e-04 6.304945635546880481e-04 1.188773766907759063e-05
5.921251070690999768e+03 4.821029709517474834e-04 2.371112591105376053e-04 6.301500720419232109e-04 1.279524353401983631e-05
5.969975127081257597e+03 4.825207739280383632e-04 2.347620005862070672e-04 6.323777150683046380e-04 1.361111437817348449e-05
6.018699183471515425e+03 4.837545536630376481e-04 2.352528238845441144e-04 6.323507690873726196e-04 1.596922672159637406e-05
6.067423239861772345e+03 4.809929475504228012e-04 2.354920203065310482e-04 6.345741559312536402e-04 1.553062019873998896e-05
6.116147296252030173e+03 4.769178775835209230e-04 2.355411633479454403e-04 6.355104764546788167e-04 1.753553378603120853e-05
6.164871352642288002e+03 4.747966456264999472e-04 2.359521961770009069e-04 6.379908710707337272e-04 1.720308397322810161e-05
6.213595409032545831e+03 4.724872000137769214e-04 2.359542867795976254e-04 6.390624634816682208e-04 1.908135214146451276e-05
6.262319465422804569e+03 4.763168344813580491e-04 2.363673993850632651e-04 6.421659148030522003e-04 1.975336680099608989e-05
6.311043521813061489e+03 4.745343051998888876e-04 2.342285047125078519e-04 6.428946745040571824e-04 1.927597406954675345e-05
6.359767578203319317e+03 4.727740158708235055e-04 2.372443694531038325e-04 6.470356474037577878e-04 2.166195977561591806e-05
6.408491634593577146e+03 4.700422323124840793e-04 2.381570076785053910e-04 6.477218448677739141e-04 2.209173770478233079e-05
6.457215690983834975e+03 4.686436886001865069e-04 2.387490798570068721e-04 6.507488903702292977e-04 2.547858953774756412e-05
6.505939747374092804e+03 4.676600116132434122e-04 2.364388611165035988e-04 6.523098059537660786e-04 2.558998835475190744e-05
6.554663803764350632e+03 4.655975257194048525e-04 2.351770545521639623e-04 6.565068733500426272e-04 2.669451463237435267e-05
6.603387860154608461e+03 4.627969790122598431e-04 2.360264728109993839e-04 6.554092711379046893e-04 2.934568728319661649e-05
6.652111916544866290e+03 4.608044152519014287e-04 2.375976120275259988e-04 6.563349093721295270e-04 3.261256731483870060e-05
6.700835972935123209e+03 4.590370393687513446e-04 2.396223020759194174e-04 6.540148599300845680e-04 3.553724334043515228e-05
6.749560029325381038e+03 4.580550151411756578e-04 2.399328491721438629e-04 6.555517860938561182e-04 3.763836911358136911e-05
6.798284085715638867e+03 4.562810838746978815e-04 2.398014309623792712e-04 6.548463118092260607e-04 3.888532684881041844e-05
6.847008142105896695e+03 4.543599083934961032e-04 2.363755840568597193e-04 6.600201270869244120e-04 3.785636632407022412e-05
6.895732198496154524e+03 4.504821608101979361e-04 2.341916693128149912e-04 6.612109251112676138e-04 3.678514780387821418e-05
6.944456254886412353e+03 4.488300069656907167e-04 2.319891213411206545e-04 6.680327341098051073e-04 3.557743070243113962e-05
6.993180311276670182e+03 4.457213465365999225e-04 2.312797952139741841e-04 6.691871700555127641e-04 3.535339407118039638e-05
7.041904367666927101e+03 4.461940695921213086e-04 2.319278889446121114e-04 6.771498828922628164e-04 3.544469720677229742e-05
7.090628424057184930e+03 4.418450038720895612e-04 2.327093382580620201e-04 6.757233573431965182e-04 3.586440155092405699e-05
7.139352480447442758e+03 4.416757529537439393e-04 2.302788619717484201e-04 6.853374467405241866e-04 3.647776302189846857e-05
7.188076536837700587e+03 4.343153021789580219e-04 2.308885803243408306e-04 6.789698235487193157e-04 3.822779962688835657e-05
7.236800593227958416e+03 4.346467705493104058e-04 2.325946413414046283e-04 6.847864184133429805e-04 4.157148606592822842e-05
7.285524649618216245e+03 4.257844337264857313e-04 2.373506926023480010e-04 6.691875196230580303e-04 4.541160299676248312e-05
7.334248706008474073e+03 4.215011564083750908e-04 2.410289236607769702e-04 6.647829550944623321e-04 4.560196123337130714e-05
7.382972762398730993e+03 4.111017321094048173e-04 2.482955444077504276e-04 6.312847177064999935e-04 4.811689752393144196e-05
7.431696818788988821e+03 4.023198727156990727e-04 2.540404011172269177e-04 6.124562155243082990e-04 4.706172839668047795e-05
7.480420875179246650e+03 3.904365390231724240e-04 2.625098290718935658e-04 5.630946589245557467e-04 5.019027004408056780e-05
7.529144931569504479e+03 3.824758078792735833e-04 2.652382554127134914e-04 5.323704611147252880e-04 4.616223580788739991e-05
7.577868987959762308e+03 3.698608297314018713e-04 2.715229324269031108e-04 4.649704641044121703e-04 4.819375878977370743e-05
7.626593044350020136e+03 3.662057067817803811e-04 2.813578693036725945e-04 4.126333118977736449e-04 4.885450627450865438e-05
7.675317100740277965e+03 3.299616717242729734e-04 2.942784633190961732e-04 3.193379851835404285e-04 4.620770305012413990e-05
7.724041157130534884e+03 2.977112398953476557e-04 3.366394610945507926e-04 2.447502184110037057e-04 5.514874027697818688e-05
7.772765213520792713e+03 2.181989556673326368e-04 3.623649883202716528e-04 1.667309592101347943e-04 4.369503473344612100e-05
