# Columns: yplus tau11+ tau22+ tau33+ tau12+ | Case=jet_M16_T05 | x*=10.00
4.312724278016848434e-01 3.922514024102543434e-02 1.760185719092902988e-05 2.074949583995346417e-02 -1.722566588415867274e-04
1.263459104745080275e+00 3.433838063309734845e-01 4.690119776563792192e-04 1.476050249942857384e-01 -3.374644745275214366e-03
2.099074499722781262e+00 9.288693723176751904e-01 2.527510022322908886e-03 3.354782320918633931e-01 -1.485810418437876444e-02
2.939047566571326708e+00 1.743385794615507578e+00 7.353074032051390430e-03 5.450761189711326171e-01 -3.841054676488248054e-02
3.784408103670953150e+00 2.698205517274466114e+00 1.575785028807567129e-02 7.561290393824301459e-01 -7.499592284389718089e-02
4.636273170802911459e+00 3.691913332295567063e+00 2.796287616096810799e-02 9.585264495235181759e-01 -1.225668533713127895e-01
5.495833541628274865e+00 4.638728967649817569e+00 4.409225350567338997e-02 1.148257328075431349e+00 -1.781264930993675388e-01
6.364341354303302722e+00 5.483242771901687185e+00 6.383981214455332343e-02 1.323893004174316657e+00 -2.380152572248547815e-01
7.243099689149595122e+00 6.199464507780582778e+00 8.708743915405703362e-02 1.486195804722891811e+00 -2.995442510261072666e-01
8.133454402824369822e+00 6.783080682057656574e+00 1.133875685023914698e-01 1.636260287276624092e+00 -3.600801115669343688e-01
9.036788231373915181e+00 7.242940896232512138e+00 1.426523728807769509e-01 1.775340230843698075e+00 -4.182351202026222681e-01
9.954516959552137223e+00 7.593589138686115625e+00 1.744428629630448702e-01 1.904173140265899677e+00 -4.726506768834939365e-01
1.088808733714850518e+01 7.850536671701338065e+00 2.087142040059220827e-01 2.023469490195102249e+00 -5.230499696454823377e-01
1.183897638626137905e+01 8.028951172965237859e+00 2.450338872517464628e-01 2.133758577293606518e+00 -5.690326321946199695e-01
1.280869176178708102e+01 8.142521536551564409e+00 2.833526220242952309e-01 2.235814640723425395e+00 -6.108546389123937770e-01
1.379877287682945664e+01 8.203339766714343284e+00 3.232604631414591201e-01 2.330254438005424866e+00 -6.485733672957718632e-01
1.481079256595147697e+01 8.221775843323905875e+00 3.646964863918835675e-01 2.417889569018911278e+00 -6.825931812579655311e-01
1.584635911909887973e+01 8.206213330283107510e+00 4.073094354988082144e-01 2.499079773984673736e+00 -7.129901944112252421e-01
1.690711857041338462e+01 8.163037549300806717e+00 4.510652389089745973e-01 2.574351130625779582e+00 -7.402090059873309702e-01
1.799475716633529032e+01 8.097591003859401226e+00 4.956594729554803513e-01 2.644047207719816939e+00 -7.645368639169402014e-01
1.911100396660579293e+01 8.014048761600681914e+00 5.410559646262921296e-01 2.708541262266805028e+00 -7.864450438354176898e-01
2.025763355174830593e+01 7.916875138305908166e+00 5.869597473185744763e-01 2.768391051297181882e+00 -8.061314737523649354e-01
2.143646882354594041e+01 7.809285441747545242e+00 6.333835348450452818e-01 2.824205779717829046e+00 -8.236993889382907552e-01
2.264938389302573540e+01 7.694294842346447894e+00 6.800999126330291578e-01 2.876238234756621104e+00 -8.393999517654543441e-01
2.389830705519881704e+01 7.574268890838630419e+00 7.271546780510803609e-01 2.924658874868988789e+00 -8.535438921963278691e-01
2.518522385252282803e+01 7.451682244187103343e+00 7.742575691047564046e-01 2.969281636866015539e+00 -8.664816729269665396e-01
2.651218023058055095e+01 7.328704013633014824e+00 8.214251580519071894e-01 3.009715541629858215e+00 -8.783777830111179075e-01
2.788128579033054422e+01 7.206753549760382960e+00 8.683663227830817899e-01 3.045513045446672784e+00 -8.893060860113740640e-01
2.929471714179401687e+01 7.085319787407500236e+00 9.150891756215556727e-01 3.076572932341553379e+00 -8.992708410063297020e-01
3.075472136437280923e+01 6.964630868135244235e+00 9.613689638517127767e-01 3.103856927145348443e+00 -9.085215146866534308e-01
3.226361957924050472e+01 6.845261900593944127e+00 1.007195245421133700e+00 3.127851397053959648e+00 -9.170004783002154714e-01
3.382381063946155564e+01 6.728271558159404364e+00 1.052407853143394689e+00 3.149417748584070420e+00 -9.248872260822198488e-01
3.543777494369508929e+01 6.613990191735680924e+00 1.097126881689580502e+00 3.169423164215550148e+00 -9.322919139149948853e-01
3.710807837954238408e+01 6.502770421747354312e+00 1.141211989479672839e+00 3.188627537361725217e+00 -9.394055032623424006e-01
3.883737640280602221e+01 6.394852885168539558e+00 1.184589612715313489e+00 3.206979348484149117e+00 -9.461349660314624099e-01
4.062841825914506444e+01 6.290631692825880528e+00 1.227398639874081709e+00 3.224109099001356782e+00 -9.525070567378340902e-01
4.248405135483795192e+01 6.191752698679784395e+00 1.269523561799843714e+00 3.239885883599184613e+00 -9.584171518878811247e-01
4.440722578360168882e+01 6.099425759854737450e+00 1.311174543677326554e+00 3.254461753167668281e+00 -9.636113189752991692e-01
4.640099901666375359e+01 6.013403230748360251e+00 1.352324066726318330e+00 3.268624183025044871e+00 -9.678951177143605422e-01
4.846854076354358654e+01 5.933705322455868014e+00 1.392686956406448129e+00 3.282691386781961373e+00 -9.714541311986218952e-01
5.061313801127067080e+01 5.859856477177733503e+00 1.432015100674427499e+00 3.296534218314928211e+00 -9.744490376141279331e-01
5.283820025005115184e+01 5.790522891625904833e+00 1.470366576893259003e+00 3.310151921198384084e+00 -9.771429752515240486e-01
5.514726489369041218e+01 5.724491074209117514e+00 1.507704063321714694e+00 3.323603830602928522e+00 -9.800670031007946426e-01
5.754400290338936941e+01 5.662526230609769229e+00 1.543730738440431294e+00 3.335616189360209649e+00 -9.834577952431059478e-01
6.003222462385461000e+01 5.605250375963779952e+00 1.578806910503552707e+00 3.344846151057201400e+00 -9.876037726487264523e-01
6.261588584100155686e+01 5.551608040308771308e+00 1.612956905408340580e+00 3.349224094798397111e+00 -9.920455604493173540e-01
6.529909407088013040e+01 5.500355539354162104e+00 1.646576752957330081e+00 3.348768549210626055e+00 -9.960917321003768254e-01
6.808611508982220073e+01 5.449693539424421473e+00 1.679316905118261039e+00 3.346115058706369716e+00 -9.992382056043153105e-01
7.098137971619181030e+01 5.400500233354448731e+00 1.711429783633519275e+00 3.342471217004861828e+00 -1.001355502374843276e+00
7.398949085451938856e+01 5.353733074032604122e+00 1.743101895558009540e+00 3.339801560003553771e+00 -1.003532513218532429e+00
7.711523081322023643e+01 5.309305572280722529e+00 1.774682853762716617e+00 3.338056835355026397e+00 -1.005413200721284817e+00
8.036356890752935556e+01 5.266480641401352081e+00 1.805748863903258616e+00 3.337929870973549207e+00 -1.007219392085412668e+00
8.373966935974095804e+01 5.224870441728421078e+00 1.836985196102520534e+00 3.338659140147319349e+00 -1.008514486313080161e+00
8.724889950931181204e+01 5.184095476203394171e+00 1.868524553786805598e+00 3.340564020250508470e+00 -1.008845188984010877e+00
9.089683834588159073e+01 5.148342557076573733e+00 1.900844716414639590e+00 3.343238806447249356e+00 -1.009076476638664843e+00
9.468928537877486917e+01 5.112647145139356475e+00 1.933602629356388825e+00 3.347881108965297781e+00 -1.011267383873354353e+00
9.863226985708710970e+01 5.076596978428105977e+00 1.966775139424481678e+00 3.355707213928486254e+00 -1.015344006539974808e+00
1.027320603550114697e+02 5.040991959256292176e+00 2.000172543172518136e+00 3.364414799847228021e+00 -1.020698389105593851e+00
1.069951747376458684e+02 5.013105650952531356e+00 2.033420114436765402e+00 3.369960836475752064e+00 -1.026222823384911775e+00
1.114283905231235963e+02 4.993782315653308324e+00 2.066900514357492114e+00 3.372894653117251007e+00 -1.032800365852333258e+00
1.160387556575419694e+02 4.978681504854746365e+00 2.100184806945414540e+00 3.375244831448589000e+00 -1.038713901131579576e+00
1.208335997198179967e+02 4.967588776093245784e+00 2.134482720747041817e+00 3.381132206585513611e+00 -1.044684451590483398e+00
1.258205455742856316e+02 4.962045612446779330e+00 2.169548007378339083e+00 3.386378954536407804e+00 -1.049598902191716476e+00
1.310075214895591387e+02 4.960810571341382591e+00 2.205876370332052083e+00 3.390960547524161317e+00 -1.051529731323847416e+00
1.364027737429295541e+02 4.966102200841524983e+00 2.243407983917247162e+00 3.393335008673193709e+00 -1.052002495035474494e+00
1.420148797303332344e+02 4.976430603388391383e+00 2.283066505885320119e+00 3.390657333734161671e+00 -1.050490409093962407e+00
1.478527616027336080e+02 4.997933842805063698e+00 2.326960732991836700e+00 3.380876052000966858e+00 -1.050064868058904644e+00
1.539257004505962243e+02 5.032781135702858677e+00 2.373011572022580840e+00 3.369408367782861902e+00 -1.052476378524063394e+00
1.602433510590078356e+02 5.073549964103297505e+00 2.419701047400494964e+00 3.355351136837271930e+00 -1.056059277475405622e+00
1.668157572568961200e+02 5.121725481458317297e+00 2.465200201040463224e+00 3.334856112808607609e+00 -1.064267830655753366e+00
1.736533678847538056e+02 5.175732380717839476e+00 2.511671812261822456e+00 3.308819448066254054e+00 -1.075971351897017314e+00
1.807670534062513070e+02 5.242017783356346605e+00 2.557435010283231502e+00 3.290007828658542799e+00 -1.089730418411379187e+00
1.881681231901481510e+02 5.319273771348148827e+00 2.600333088628568490e+00 3.278157698867544934e+00 -1.104628656179791335e+00
1.958683434899773204e+02 5.421628419495355899e+00 2.641326499333346511e+00 3.268171291815864965e+00 -1.127074984707347793e+00
2.038799561500875939e+02 5.544982416733392760e+00 2.681250399372623328e+00 3.254562002338472482e+00 -1.151904751119031900e+00
2.122156980677817728e+02 5.674294676062706877e+00 2.724953591305961709e+00 3.242691432838842758e+00 -1.177466690537007032e+00
2.208888214424923717e+02 5.826087951826256273e+00 2.774633079487944798e+00 3.224461251662992023e+00 -1.204761173576135658e+00
2.299131148441870778e+02 5.994154748010513067e+00 2.827519612354972622e+00 3.195207712984547310e+00 -1.232827921559476847e+00
2.393029251344986506e+02 6.176670335252957500e+00 2.879490152486727794e+00 3.170353983619929927e+00 -1.268180650184498770e+00
2.490731802754291095e+02 6.376565947784244237e+00 2.926131038896789605e+00 3.146649385430350776e+00 -1.301862600803899817e+00
2.592394130618912413e+02 6.588479046202903255e+00 2.972352485507988806e+00 3.123011709404766023e+00 -1.333534596352734969e+00
2.698177858158181834e+02 6.828424249553157743e+00 3.017798521089777530e+00 3.116403285354293118e+00 -1.369404144935201462e+00
2.808251160811045679e+02 7.085139398641204345e+00 3.052800903444702563e+00 3.122682644216345782e+00 -1.402927155041813867e+00
2.922789033602412019e+02 7.367034502300208842e+00 3.075855277590963333e+00 3.139260069219093285e+00 -1.438335363476789919e+00
3.041973569351808919e+02 7.694401200018969433e+00 3.089083964746514255e+00 3.148230769935869588e+00 -1.479570837681771112e+00
3.165994248167455112e+02 8.054911364733978729e+00 3.105412460315514434e+00 3.140947870731141567e+00 -1.520007817819095441e+00
3.295048238687895719e+02 8.452423913647475473e+00 3.114996155353812579e+00 3.119909074167450225e+00 -1.570403971452469349e+00
3.429340711554541485e+02 8.890694832918120127e+00 3.109217819674047423e+00 3.102315483437847021e+00 -1.621011048223612416e+00
3.569085165623110925e+02 9.341277938544482851e+00 3.089423057205577194e+00 3.072283255012455694e+00 -1.661071591266602976e+00
3.714503767452463308e+02 9.826362843945753767e+00 3.068697841623075462e+00 3.023456815105136197e+00 -1.721158123679508600e+00
3.865827704648787631e+02 1.035643234996600626e+01 3.026911081372020362e+00 2.968665343749889107e+00 -1.777920679893774558e+00
4.023297553694675912e+02 1.088950289956423667e+01 2.997783095955929067e+00 2.910726432278297970e+00 -1.832306318914025178e+00
4.187163662954508823e+02 1.140765362360609814e+01 2.966847266851627918e+00 2.878519897576810482e+00 -1.886026960598100377e+00
4.357686551602052418e+02 1.185899656083014442e+01 2.938067460626877736e+00 2.854887648355871388e+00 -1.929793189892835326e+00
4.535137325202812804e+02 1.226423023232033493e+01 2.900339289191919523e+00 2.815059236355378136e+00 -1.968245421905986392e+00
4.719798108447622553e+02 1.271275025903936218e+01 2.841875965435016749e+00 2.785704360245388589e+00 -2.007924701655805499e+00
4.911962494732585469e+02 1.316047950302924363e+01 2.775385910889038410e+00 2.759632074031765914e+00 -2.041013835781237518e+00
5.111936010236404400e+02 1.345423214100391007e+01 2.703785354509295136e+00 2.727927564878694700e+00 -2.060397703493929367e+00
5.320036585637952840e+02 1.369744390190562910e+01 2.625181579962757361e+00 2.654589973634448707e+00 -2.070725783903387907e+00
5.536595019635861945e+02 1.377655269616017719e+01 2.558667736289654382e+00 2.587047076938080448e+00 -2.070118660594335136e+00
5.761955401967248918e+02 1.365798416120902736e+01 2.501251142596929711e+00 2.515533895389520769e+00 -2.061101406452331197e+00
5.996475435629589583e+02 1.336410282128373872e+01 2.443097444927779360e+00 2.442056833157841833e+00 -2.061180422576342597e+00
6.240526553771508134e+02 1.290673679280938835e+01 2.367932374919372585e+00 2.368826944954375069e+00 -2.036409058137896189e+00
6.494493661877213526e+02 1.211126362010526236e+01 2.278854932634602815e+00 2.245040311503046393e+00 -1.965310232264379398e+00
6.758774248343570434e+02 1.103149525924814611e+01 2.173666591730371245e+00 2.126483909198967570e+00 -1.897403267702957752e+00
7.033776499344139665e+02 9.821334873446538438e+00 2.068484106200475292e+00 1.974271420371353170e+00 -1.820915391730895783e+00
7.319915938395600961e+02 8.527721485219320385e+00 1.936343624499473615e+00 1.755520165209953909e+00 -1.691233437622702951e+00
7.617610009931801187e+02 7.074027047976418459e+00 1.810078965752852653e+00 1.566926566848486635e+00 -1.535805985685992248e+00
7.927269974176729193e+02 5.526789132267690086e+00 1.662616844384096071e+00 1.372681856350060237e+00 -1.357535097315871742e+00
8.249289521585434386e+02 4.093367233115898784e+00 1.476590057879685558e+00 1.126669257857301876e+00 -1.141730473688590264e+00
8.584029694106616262e+02 2.822605261773790897e+00 1.277820893022484805e+00 9.111459994796697881e-01 -9.186836497454103911e-01
8.931800050428898885e+02 1.823116307776393663e+00 1.059789786261237543e+00 7.127038660530460312e-01 -6.995003024870306563e-01
9.292836537695550305e+02 1.070347853791055570e+00 8.472809375011146615e-01 5.044723980100862537e-01 -4.928788031717259432e-01
9.667277194000007512e+02 6.132082021663074478e-01 6.414479598756701595e-01 3.350354993311912555e-01 -3.151049923846812040e-01
1.005513751447512504e+03 3.392053477606324363e-01 4.685491878757546691e-01 2.053421195845975544e-01 -1.724019907541139707e-01
1.045628793401395569e+03 2.013783885426757292e-01 3.166922289687206793e-01 1.208037018192453099e-01 -8.110786626495926355e-02
1.087043625376888258e+03 1.337980177586378383e-01 2.036619281695902228e-01 7.509024898139152193e-02 -3.847982206026377694e-02
1.129711782241296760e+03 8.537145041489167807e-02 1.296784962108196992e-01 4.529306508876688314e-02 -1.699128423147274955e-02
1.173569578907616688e+03 5.555475948902182520e-02 8.204897902794143494e-02 2.931133400951247553e-02 -5.100134075115326376e-03
1.218537277817765471e+03 3.682363545854897696e-02 5.385187379380007577e-02 1.999296458081048847e-02 -2.264511293252828138e-03
1.264521401181812053e+03 2.465855135144281313e-02 3.691443620292118172e-02 1.435228375700736518e-02 -1.433359701185634664e-03
1.311418043473534908e+03 1.692309414094161565e-02 2.587142634990857032e-02 1.065070753815856690e-02 -9.888001503515803266e-04
1.359116904686531143e+03 1.181451343090349215e-02 1.859239549830553340e-02 8.067156340429336436e-03 -6.590744664585522841e-04
1.407505667925448961e+03 8.407587369251576584e-03 1.356850228981792278e-02 6.257972072918776586e-03 -4.480059516182829439e-04
1.456474304913216656e+03 6.096909036148531399e-03 1.015570407780020876e-02 4.932080278320728588e-03 -2.991197305905465365e-04
1.505918916924704035e+03 4.516998326198424542e-03 7.661845061901776700e-03 3.979554812545994628e-03 -2.134117993818071611e-04
1.555744800009540086e+03 3.414264606789292177e-03 5.911475972737953791e-03 3.249653970555002169e-03 -1.500177928327223631e-04
1.605868544151798233e+03 2.634159453251945591e-03 4.627856483543585885e-03 2.710297606516511894e-03 -1.002168737064681943e-04
1.656219111646176771e+03 2.085620129848423949e-03 3.711444421890330338e-03 2.278644089177774782e-03 -6.467181177978392835e-05
1.706737965476251247e+03 1.678442661859438174e-03 3.001267415995405394e-03 1.951858008932806860e-03 -3.913841493156548979e-05
1.757378414156207782e+03 1.388236822217647640e-03 2.480484736338061953e-03 1.682212499471964643e-03 -2.032703013469745518e-05
1.808104394510432940e+03 1.166790233615245869e-03 2.048383607162465245e-03 1.476607876556218458e-03 -1.449056634747748414e-05
1.858888927114985336e+03 9.987522817052514601e-04 1.719072616804984783e-03 1.306190139338364890e-03 -5.077126508914694866e-06
1.909712457594416037e+03 8.680720043993545845e-04 1.462870859466643050e-03 1.171167126064165918e-03 -6.508500591901507277e-07
1.960561252486570083e+03 7.674254380519999119e-04 1.266968560481182126e-03 1.056293943148763981e-03 5.680318168463137608e-06
2.011425963998746965e+03 6.832582685877128985e-04 1.097836805130478818e-03 9.611666938638248553e-04 8.021832262810444869e-06
2.062300424932622263e+03 6.201461383136414865e-04 9.602452513045436682e-04 8.816848930512012237e-04 8.988830155866300018e-06
2.113180691040230613e+03 5.659946973809598398e-04 8.453638111792377303e-04 8.165045922127819747e-04 9.556353010216647422e-06
2.164064316763552597e+03 5.208348230908299440e-04 7.565231704987771455e-04 7.600845914304728019e-04 1.113467297169534521e-05
2.214949831948826613e+03 4.864736710072055988e-04 6.757731806275416335e-04 7.158572282860273164e-04 1.195257686283498459e-05
2.265836379663615844e+03 4.558635601640649094e-04 6.151592715890258963e-04 6.770340496462128911e-04 1.295766826323792161e-05
2.316723475565415811e+03 4.323494933050440613e-04 5.561384856086274949e-04 6.448797038137097900e-04 1.232411262740028622e-05
2.367610854193941577e+03 4.105021224104072036e-04 5.059732094871493635e-04 6.178974560736373621e-04 1.391937060277175116e-05
2.418498374457210957e+03 3.948967800517880775e-04 4.641072090097437099e-04 5.918657562161311770e-04 1.205281029070226304e-05
2.469385963632171297e+03 3.782151898117182059e-04 4.302998454470028603e-04 5.697409098613888173e-04 1.187650090823411232e-05
2.520273585367803207e+03 3.662015637669726936e-04 3.982473646892502176e-04 5.502980466237433407e-04 1.071228151036853045e-05
2.571161222042716417e+03 3.540531826282225015e-04 3.738626253815033437e-04 5.353719435904713640e-04 1.050015453698252106e-05
2.622048865372828914e+03 3.459634973921233867e-04 3.459438463758396170e-04 5.229141732294770696e-04 1.107778290375719025e-05
2.672936511581319337e+03 3.382832727126768089e-04 3.250243600229985388e-04 5.107421173209447446e-04 1.089967310929257596e-05
2.723824158998314942e+03 3.312134325069326273e-04 3.077665452577289492e-04 5.034392010663325855e-04 1.281191676281160466e-05
2.774711806907830578e+03 3.244111292193580681e-04 2.916459686402301903e-04 4.954838291084462994e-04 1.014875360662692273e-05
2.825599455012165436e+03 3.172903479440011593e-04 2.743844212164479727e-04 4.920953543888438022e-04 9.920962910940376713e-06
2.876487103191288497e+03 3.121039162266352413e-04 2.621241289384477818e-04 4.867878817627872704e-04 1.201516520210623270e-05
2.927374751398270746e+03 3.084720665700690749e-04 2.546125900097039973e-04 4.854736971019857740e-04 1.193363442105966141e-05
2.978262399615322920e+03 3.042076404638041393e-04 2.460377445288938346e-04 4.823099480191620262e-04 1.366923086457385262e-05
3.029150047835906662e+03 3.032960798924869313e-04 2.384265507660667026e-04 4.837562718947261971e-04 1.335135426319240648e-05
3.080037696057691392e+03 2.998240294188055208e-04 2.303318615953238555e-04 4.819775522581611006e-04 1.449721436968158942e-05
3.130925344279873116e+03 3.007741702484390618e-04 2.214674750086049993e-04 4.841209974533372041e-04 1.380145543023826806e-05
3.181812992502181260e+03 3.002075382943704841e-04 2.187333769531194427e-04 4.819300320624681205e-04 1.609350477381438788e-05
3.232700640724528967e+03 3.010246569540337585e-04 2.119570697337708990e-04 4.836967940573511614e-04 1.710973810333297511e-05
3.283588288946888042e+03 3.009584328010899302e-04 2.061694949851002414e-04 4.829941940717027635e-04 1.770278481872340418e-05
3.334475937169251665e+03 2.986367965455733343e-04 1.987799467053603204e-04 4.832007557720058321e-04 1.697560060757302364e-05
3.385363585391615743e+03 2.993990795682763360e-04 1.957035447983653626e-04 4.833673563097243557e-04 1.757444542370132883e-05
3.436251233613979821e+03 2.944749992173947796e-04 1.892622173637586839e-04 4.826888379875837807e-04 1.637239788346567520e-05
3.487138881836343444e+03 2.980912692755340022e-04 1.860098607177233592e-04 4.820410272047819943e-04 1.840769240565731730e-05
3.538026530058707522e+03 2.959831405368941221e-04 1.826209297297791228e-04 4.826911588931343173e-04 1.805112489709175384e-05
3.588914178281071145e+03 2.977429197176688683e-04 1.785894439418025297e-04 4.824552899471606969e-04 2.142484319693251365e-05
3.639801826503435223e+03 2.969655398866288386e-04 1.779103581374042906e-04 4.840483219374861075e-04 2.138707856852964286e-05
3.690689474725799300e+03 2.985734864805957185e-04 1.754231355987278748e-04 4.856767639310513823e-04 2.309115460026767654e-05
3.741577122948162923e+03 2.995140400587491432e-04 1.728313813684974364e-04 4.861857076967377811e-04 2.349687916163708268e-05
3.792464771170527001e+03 3.011256965539035467e-04 1.729553597834707567e-04 4.874435912826327209e-04 2.468509652048762529e-05
3.843352419392890624e+03 3.003088751787784047e-04 1.716146380031561658e-04 4.865706967472217381e-04 2.484851117163454812e-05
3.894240067615254702e+03 3.011549048646946039e-04 1.714045893930307197e-04 4.853327737533600435e-04 2.745306887618080338e-05
3.945127715837618780e+03 2.995145655878631843e-04 1.672434459597515197e-04 4.833916686635605095e-04 2.882553928195439189e-05
3.996015364059982403e+03 2.982693706935696850e-04 1.673335944369573451e-04 4.825615428887695328e-04 3.066846383162323428e-05
4.046903012282346481e+03 2.989961247165060518e-04 1.639209241590716053e-04 4.819546464557870002e-04 3.038896737234555613e-05
4.097790660504711013e+03 2.981447725181692499e-04 1.657297407397052087e-04 4.820409947581331652e-04 3.105616580695844987e-05
4.148678308727075091e+03 2.975034947948631907e-04 1.625498737998506775e-04 4.820592794339032764e-04 3.076685585938835466e-05
4.199565956949439169e+03 2.961450726838777878e-04 1.649335473499962204e-04 4.807921557326499343e-04 3.120958569182218187e-05
4.250453605171802337e+03 2.958575487316435215e-04 1.644046286453720255e-04 4.815527007952111953e-04 3.421798710650200047e-05
4.301341253394166415e+03 2.947937653963058052e-04 1.642602741855849922e-04 4.819429015706826538e-04 3.418438889084407783e-05
4.352228901616530493e+03 2.968240269904535490e-04 1.615333383664539692e-04 4.841483271478446760e-04 3.413391061948254274e-05
4.403116549838894571e+03 2.959460890905460319e-04 1.572603156990191680e-04 4.848986518055573816e-04 3.670158689246745857e-05
4.454004198061258649e+03 2.962547822200670665e-04 1.567973716774443522e-04 4.849937610992114019e-04 3.647111031568352587e-05
4.504891846283621817e+03 2.944742907009039140e-04 1.561996588675276343e-04 4.823656642076114449e-04 3.942844185102171582e-05
4.555779494505985895e+03 2.960972134406601600e-04 1.546977552704318075e-04 4.825366318822844956e-04 4.040911779529187081e-05
4.606667142728349972e+03 2.940987950776012116e-04 1.547011274512159035e-04 4.826080845359040860e-04 3.992073139505074249e-05
4.657554790950714050e+03 2.955925275401591378e-04 1.515483955029073000e-04 4.868505443460684266e-04 4.080260874407387313e-05
4.708442439173078128e+03 2.962765761845288478e-04 1.534108950050499273e-04 4.889918907731022335e-04 4.322792195596097503e-05
4.759330087395441296e+03 2.989144328840200840e-04 1.509014222345597591e-04 4.928830034600763590e-04 4.210416339085588737e-05
4.810217735617805374e+03 2.966993639020999002e-04 1.519907316375981486e-04 4.951141886798206314e-04 4.498549561662938532e-05
4.861105383840169452e+03 2.978238904427893928e-04 1.505352562792742317e-04 4.988011266570884601e-04 4.481319168208374522e-05
4.911993032062533530e+03 2.949977002811067246e-04 1.507630600628984683e-04 5.005619184139519385e-04 4.812592617282926384e-05
4.962880680284897608e+03 2.977748159703293889e-04 1.503018321201984940e-04 5.038527057622915447e-04 4.891316056934358531e-05
5.013768328507260776e+03 2.968284417008188359e-04 1.535026048762881852e-04 5.027751758218815866e-04 5.105625782802957684e-05
5.064655976729624854e+03 3.020027401519711249e-04 1.543709574067527552e-04 5.071898169089698438e-04 5.390632152400251292e-05
5.115543624951988932e+03 3.024505971401714090e-04 1.524578009182098670e-04 5.076337690476407380e-04 5.561869825947218327e-05
5.166431273174353009e+03 3.072678585398642124e-04 1.510698967160096194e-04 5.118839274841654021e-04 5.676767569490662299e-05
5.217318921396717087e+03 3.060156099578480410e-04 1.533017385463084482e-04 5.127883756481598464e-04 5.801123540182946242e-05
5.268206569619080256e+03 3.072365428664192545e-04 1.535047151108061823e-04 5.139231016318432464e-04 5.867978116029854059e-05
5.319094217841444333e+03 3.045488910067983704e-04 1.554807849265385294e-04 5.138631974234019904e-04 5.955334279681947829e-05
5.369981866063808411e+03 3.046524924299440261e-04 1.546076870770817446e-04 5.149995566801645643e-04 5.938609254750017109e-05
5.420869514286172489e+03 3.023175937166144725e-04 1.564332259086898783e-04 5.130644599566958107e-04 5.996494390980257121e-05
5.471757162508536567e+03 3.016887927106001125e-04 1.564495181119767624e-04 5.161569659064301797e-04 6.073384586345034405e-05
5.522644810730899735e+03 3.009758638176707516e-04 1.566283897989126221e-04 5.149427652889795436e-04 6.215222245275871184e-05
5.573532458953263813e+03 3.022177591333888237e-04 1.564184639779663639e-04 5.187731365990163202e-04 6.206310999708658559e-05
5.624420107175627891e+03 3.008087157610044048e-04 1.563806345300730333e-04 5.196302138580103855e-04 6.349313204420263578e-05
5.675307755397991968e+03 3.007110719200019105e-04 1.560922227176449000e-04 5.251708553480378830e-04 6.426059130003212918e-05
5.726195403620356046e+03 2.992022277499052380e-04 1.568273336160368766e-04 5.275185167430949690e-04 6.523354166619973115e-05
5.777083051842719215e+03 3.002526898000659012e-04 1.573323813114962846e-04 5.327502157765892166e-04 6.627631383371509219e-05
5.827970700065083292e+03 2.960200049388058492e-04 1.589895319672940052e-04 5.348429132095961587e-04 6.611772331795365948e-05
5.878858348287447370e+03 2.957477575646175498e-04 1.582757537241930696e-04 5.380221764310805536e-04 6.638926572721759142e-05
5.929745996509811448e+03 2.954416875339620197e-04 1.600042485952423950e-04 5.377265890114620896e-04 6.784722878190501739e-05
5.980633644732175526e+03 2.978947838516124067e-04 1.599659035119735211e-04 5.395053061111167256e-04 6.949909118395663219e-05
6.031521292954538694e+03 2.997577516846954416e-04 1.622192945763468628e-04 5.400457800868632263e-04 7.275590924340932754e-05
6.082408941176902772e+03 3.030714054590187079e-04 1.638544843653966753e-04 5.418528410011076235e-04 7.510672087288531955e-05
6.133296589399266850e+03 3.035999872305898033e-04 1.632923327314243030e-04 5.443352923338483839e-04 7.494884235359258718e-05
6.184184237621630928e+03 3.069333786697122420e-04 1.642535870769920017e-04 5.453548344300823865e-04 7.726033719356557926e-05
6.235071885843995005e+03 3.068867586483479482e-04 1.646221242235640359e-04 5.482585504495177077e-04 7.757825392999910649e-05
6.285959534066358174e+03 3.061425992102756065e-04 1.640060139073665115e-04 5.487439993728071390e-04 7.836727053638968088e-05
6.336847182288722252e+03 3.030113930839855034e-04 1.636722383862229669e-04 5.516304614064496169e-04 7.788154035600902420e-05
6.387734830511086329e+03 3.023238428474529218e-04 1.640279791810571666e-04 5.514348160884366889e-04 7.927160240819435292e-05
6.438622478733450407e+03 3.010665037748545218e-04 1.627411939491728494e-04 5.529999124251203579e-04 7.886727923876001966e-05
6.489510126955814485e+03 3.005606800090402969e-04 1.633603048512940374e-04 5.520451740598129268e-04 7.896686641375980412e-05
6.540397775178178563e+03 3.011197933223687634e-04 1.643887707358053767e-04 5.530414142388288866e-04 7.942036902633272083e-05
6.591285423400542641e+03 3.005756010347787241e-04 1.649680143637002080e-04 5.511063029002153182e-04 7.990751031395086548e-05
6.642173071622906718e+03 2.991395170105564066e-04 1.669419357977669808e-04 5.532047853521900298e-04 8.056194566319709906e-05
6.693060719845270796e+03 2.965265230913517280e-04 1.687205810627010990e-04 5.516608321703001579e-04 8.046271480530215088e-05
6.743948368067633965e+03 2.948177089028512494e-04 1.679205300772625251e-04 5.529100117391088070e-04 8.098498892469904330e-05
6.794836016289998042e+03 2.934276328435912458e-04 1.714419816632210759e-04 5.533546427388937256e-04 8.352863648223099197e-05
6.845723664512362120e+03 2.934611989959640902e-04 1.715747367186812257e-04 5.556561695572743292e-04 8.354127718391443050e-05
6.896611312734726198e+03 2.923009225556088956e-04 1.740074187674557193e-04 5.588748993272928687e-04 8.631336459863452580e-05
6.947498960957090276e+03 2.949828487849755752e-04 1.735691511604472146e-04 5.645229591988871207e-04 8.694112364502177236e-05
6.998386609179453444e+03 2.971596454254117029e-04 1.738980555593533362e-04 5.684408808872096642e-04 8.848210005596127581e-05
7.049274257401817522e+03 3.016427229104538528e-04 1.742099117424845012e-04 5.749412016509513994e-04 8.938595584242608203e-05
7.100161905624181600e+03 3.040997735321566259e-04 1.764274228229611833e-04 5.775098191925585444e-04 9.182442450499401642e-05
7.151049553846545678e+03 3.041046467602035808e-04 1.747876400877096750e-04 5.839107079440839822e-04 8.959452680418440523e-05
7.201937202068909755e+03 3.018043848432796117e-04 1.768210073612209738e-04 5.843212775473817294e-04 9.094781558446471870e-05
7.252824850291272924e+03 3.005820041240332848e-04 1.739188408136888670e-04 5.922681928258813084e-04 8.859888724843891135e-05
7.303712498513637001e+03 2.984723822475699524e-04 1.755990915300274509e-04 5.918402459072086026e-04 9.016031706457354781e-05
7.354600146736001079e+03 2.992957955051186872e-04 1.749771391931417830e-04 6.008338045888450378e-04 9.006372144202135215e-05
7.405487794958365157e+03 2.969122131260852268e-04 1.748932744426797846e-04 6.003844113817752466e-04 9.003023683769361199e-05
7.456375443180729235e+03 2.990505041441116345e-04 1.731042560704563040e-04 6.096498763728376655e-04 8.864878350115941419e-05
7.507263091403092403e+03 2.979296318949135099e-04 1.755835532388860885e-04 6.064804982257671279e-04 9.007372797426912569e-05
7.558150739625456481e+03 3.009923586327792160e-04 1.741031551181825910e-04 6.145977667823618188e-04 9.081005814778589553e-05
7.609038387847820559e+03 2.994910768217371052e-04 1.752561908627560101e-04 6.047198527486317803e-04 9.161172746828652501e-05
7.659926036070184637e+03 2.978195341400922394e-04 1.756773955157249132e-04 6.059657015244902757e-04 9.136430976267991759e-05
7.710813684292548714e+03 2.924438097457417369e-04 1.805444501209116381e-04 5.792888261248579354e-04 9.293434744250497108e-05
7.761701332514911883e+03 2.889789439748275692e-04 1.845886805604148148e-04 5.660650033702981088e-04 9.353836741464976849e-05
7.812588980737275961e+03 2.825608396826422160e-04 1.920286137140255476e-04 5.218015166137220844e-04 9.635694842174066257e-05
7.863476628959640038e+03 2.848983484143175881e-04 1.974989507829314969e-04 4.971897256378285650e-04 9.927113829596513931e-05
7.914364277182004116e+03 2.748313513178706944e-04 2.009315553041196134e-04 4.349676992203821402e-04 9.815415511107182316e-05
7.965251925404368194e+03 2.761256495736865097e-04 2.078324708183348652e-04 3.874009762102769328e-04 1.000127777819772012e-04
8.016139573626731362e+03 2.447811101498726348e-04 2.247469520517790260e-04 2.982345765763743501e-04 9.656813200527039024e-05
8.067027221849095440e+03 2.146667170070851551e-04 2.589462858200866982e-04 2.244420851014195537e-04 1.033201485465006278e-04
8.117914870071459518e+03 1.464779212807219041e-04 2.864805548942510804e-04 1.488387821885067957e-04 9.603170608606325070e-05
