# Columns: yplus tau11+ tau22+ tau33+ tau12+ | Case=jet_M08_T05 | x*=5.00
4.266781351843701442e-01 6.400091995713445836e-02 3.581535450903024014e-05 4.513534203250336302e-02 -3.259597249904675224e-04
1.249999628870868795e+00 5.366173532021830672e-01 1.059686806531305939e-03 3.201155211661778077e-01 -5.757485923147821760e-03
2.076713314876287075e+00 1.401699412790537558e+00 5.591713829589730136e-03 7.215591369415979006e-01 -2.373520326943177883e-02
2.907738251005147045e+00 2.549714855165138072e+00 1.570460951887938869e-02 1.159312494203393440e+00 -5.748283298110647838e-02
3.744093265321036146e+00 3.851428704556359328e+00 3.247771477447728566e-02 1.588283997473223241e+00 -1.057075027432934911e-01
4.586883517703482127e+00 5.194268310609992945e+00 5.573490428014909320e-02 1.988171438078824460e+00 -1.642955164663513767e-01
5.437287096646858942e+00 6.502157628360875741e+00 8.531041125470238684e-02 2.353108653577419940e+00 -2.296520412531688760e-01
6.296542801432234882e+00 7.732305033233205727e+00 1.203716673679360166e-01 2.682835236848398974e+00 -2.979555121319589772e-01
7.165939830825342582e+00 8.864593678224757411e+00 1.606726322707351662e-01 2.980521864396292742e+00 -3.670062484390435031e-01
8.046809704236439487e+00 9.893248248890840202e+00 2.053388031713996309e-01 3.249618020343619129e+00 -4.346691487955116617e-01
8.940520427593217079e+00 1.081993225429010330e+01 2.542108936270338626e-01 3.494238645985553227e+00 -5.002687409909760685e-01
9.848472703467130884e+00 1.165030608597168538e+01 3.064746691818324154e-01 3.717544281724753930e+00 -5.626923405000942013e-01
1.077209786959844529e+01 1.239192060495071068e+01 3.621688048759178491e-01 3.921868424032640021e+00 -6.218239833810429440e-01
1.171285721354910336e+01 1.305353114059071551e+01 4.205448039624303802e-01 4.108890607359202640e+00 -6.769329516268254299e-01
1.267224232935154049e+01 1.364330418834441083e+01 4.816723263317881365e-01 4.280440522294043149e+00 -7.283009734474678032e-01
1.365177623092940529e+01 1.416892579842295063e+01 5.449356799654810901e-01 4.438136926591072395e+00 -7.757735348634905437e-01
1.465301499763074133e+01 1.463646277549448982e+01 6.103450839257705818e-01 4.583387230157176084e+00 -8.199418036740795390e-01
1.567754978648448372e+01 1.505074255719422638e+01 6.773487497250146872e-01 4.717374452336134283e+00 -8.607842186213155999e-01
1.672700909663123170e+01 1.541597679529502507e+01 7.459858440036649663e-01 4.841523742231219174e+00 -8.988307195357584378e-01
1.780306121113344275e+01 1.573737906421833799e+01 8.157759630992351685e-01 4.957620554409467140e+00 -9.337598447402165602e-01
1.890741677026959877e+01 1.602072965276746785e+01 8.869348337516207437e-01 5.066610133256467918e+00 -9.656107685762773674e-01
2.004183145017305634e+01 1.627107306703591050e+01 9.589298734072130292e-01 5.168770353154733321e+00 -9.942693278473174745e-01
2.120810873347637582e+01 1.649208494116562207e+01 1.031990909176186966e+00 5.263341067651447602e+00 -1.020357374870701106e+00
2.240810276653020239e+01 1.668712458695042145e+01 1.105444909613225501e+00 5.350368938939292995e+00 -1.044105809589093825e+00
2.364372130245390125e+01 1.685866221797316200e+01 1.179504043688793136e+00 5.429906647470155612e+00 -1.066061190805575265e+00
2.491692873196327795e+01 1.700943876197393223e+01 1.253511966221394269e+00 5.502796334741328010e+00 -1.086126529842724509e+00
2.622974920543214594e+01 1.714211353670005167e+01 1.327846923996344852e+00 5.569586079155786962e+00 -1.104798633254705287e+00
2.758426985049712954e+01 1.725864375607913814e+01 1.401864647963091848e+00 5.630882011106999485e+00 -1.122126402171135240e+00
2.898264409001813391e+01 1.736027907279594729e+01 1.476176556946954932e+00 5.686922457901637529e+00 -1.138507639600417232e+00
3.042709506553396537e+01 1.744855030916376393e+01 1.550369670831876823e+00 5.738327307435979741e+00 -1.154053271527146540e+00
3.191991917159720415e+01 1.752694009299023037e+01 1.625035328693853698e+00 5.785068420326032523e+00 -1.168652261716695673e+00
3.346348970658294064e+01 1.759910522684455714e+01 1.699995718791103672e+00 5.827492324753510644e+00 -1.181982117439487334e+00
3.506026064576564494e+01 1.766703259865577635e+01 1.775482582130423204e+00 5.865425479630645533e+00 -1.194004040146816603e+00
3.671277054265868145e+01 1.773185769615221119e+01 1.851024784431688941e+00 5.898940910018656503e+00 -1.205103611948908915e+00
3.842364656481755958e+01 1.779482013225771198e+01 1.926712693804828458e+00 5.927828164740538419e+00 -1.215444981620369180e+00
4.019560867052235409e+01 1.785743836976708465e+01 2.002067526674704556e+00 5.952102768576842173e+00 -1.225467709127747939e+00
4.203147393297943779e+01 1.792175156490322507e+01 2.076931689225466560e+00 5.972274183056859087e+00 -1.235649542136015189e+00
4.393416101891693160e+01 1.798769698816871099e+01 2.151315760283319278e+00 5.987929763585144727e+00 -1.246284753410587420e+00
4.590669482869393647e+01 1.806091114406313736e+01 2.225452356665065690e+00 5.997408836385060837e+00 -1.257256193678947476e+00
4.795221130530064357e+01 1.814552554387500649e+01 2.299004023035070343e+00 5.999357589368003119e+00 -1.268530992573912775e+00
5.007396241989426500e+01 1.824462871586268520e+01 2.371953635555920759e+00 5.992778438309203537e+00 -1.280398158647929385e+00
5.227532134179728729e+01 1.835647891784615382e+01 2.443624925075807308e+00 5.977423566999055637e+00 -1.293725974686641855e+00
5.455978780117689553e+01 1.848358188273349967e+01 2.514357889167165183e+00 5.954451030443708603e+00 -1.308623484467327902e+00
5.693099365293169001e+01 1.862648865373561335e+01 2.584051516967236672e+00 5.926474048080521584e+00 -1.324035925556659388e+00
5.939270865063042493e+01 1.878796035136363329e+01 2.652781037615600024e+00 5.894488844737019839e+00 -1.339938909758582319e+00
6.194884643968324411e+01 1.896732293993123264e+01 2.720243087620057398e+00 5.857317785873227045e+00 -1.357360579863337247e+00
6.460347077927212922e+01 1.916535931210486510e+01 2.786744377728427757e+00 5.814654110649618346e+00 -1.376328870865468845e+00
6.736080200293353926e+01 1.937940488531913275e+01 2.852932657187250864e+00 5.766373266567476286e+00 -1.397073866359241912e+00
7.022522372806342617e+01 1.961275814915579119e+01 2.918652962472717327e+00 5.710099462935829706e+00 -1.417722908112250213e+00
7.320128982501118742e+01 1.987098560761254618e+01 2.983618816564596710e+00 5.647328657743873492e+00 -1.438435692931479881e+00
7.629373165684334879e+01 2.015561583962255199e+01 3.047494809426964935e+00 5.577629379306658031e+00 -1.459622631833717987e+00
7.950746560128530405e+01 2.045632466741236399e+01 3.110797482965004690e+00 5.505093178968556877e+00 -1.483611987484226846e+00
8.284760086680049085e+01 2.077432489502592361e+01 3.173921550871819264e+00 5.434640325703661290e+00 -1.506840683865512176e+00
8.631944761523249099e+01 2.111257632706780640e+01 3.237439002900368568e+00 5.368288949355060069e+00 -1.529123805752018450e+00
8.992852540392426874e+01 2.147876180774588306e+01 3.302012887115242101e+00 5.306845180256890337e+00 -1.552319917364572532e+00
9.368057196073426951e+01 2.188178623814055968e+01 3.366831297952583402e+00 5.246766987364855694e+00 -1.579904743494838115e+00
9.758155230590209328e+01 2.232182405575000672e+01 3.432257283915786328e+00 5.182839249123532888e+00 -1.607119895744622218e+00
1.016376682352639165e+02 2.280073446684220428e+01 3.496858633740928202e+00 5.107348906032513902e+00 -1.634047926236492421e+00
1.058553681798950947e+02 2.331435393233634201e+01 3.557785770580158324e+00 5.012247698663527373e+00 -1.659601129649743712e+00
1.102413574578541215e+02 2.385209230775889822e+01 3.615629791794403580e+00 4.920385300997325295e+00 -1.687971281673286583e+00
1.148026089343274379e+02 2.442063160591391124e+01 3.668622413363397783e+00 4.835393711738196210e+00 -1.724050593551980981e+00
1.195463741071210677e+02 2.502663830970398706e+01 3.719403498602950275e+00 4.755277578585610954e+00 -1.770321104803487477e+00
1.244801946351241355e+02 2.568521908735478121e+01 3.765323593721433770e+00 4.683815599265086504e+00 -1.815524335398596589e+00
1.296119143280715207e+02 2.636133540256253127e+01 3.808662996801967182e+00 4.620660654679304535e+00 -1.855694014371310319e+00
1.349496916166672236e+02 2.702388763564211871e+01 3.846205429204088588e+00 4.553525192189392001e+00 -1.888203096942739689e+00
1.405020125228939492e+02 2.770180410034272356e+01 3.877160454765243625e+00 4.481534229648746148e+00 -1.923075191766589365e+00
1.462777041511281482e+02 2.842227452758867656e+01 3.895388019270214830e+00 4.426371424767940432e+00 -1.953246301294000897e+00
1.522859487215096692e+02 2.916427980176394996e+01 3.909428904991130160e+00 4.375241472080555916e+00 -1.981149404279035409e+00
1.585362981678763390e+02 2.991403258457958358e+01 3.920777370696745034e+00 4.321768447834412719e+00 -2.004037296681396185e+00
1.650386893234702370e+02 3.066696907526914018e+01 3.929651384488130894e+00 4.259918534570090287e+00 -2.021073287894346482e+00
1.718034597185595658e+02 3.141832118066130874e+01 3.928572397843435926e+00 4.203224781730050985e+00 -2.041229912974577676e+00
1.788413640150900505e+02 3.215361804430435200e+01 3.924359261964804446e+00 4.169865534470272195e+00 -2.064282158527432909e+00
1.861635911044939462e+02 3.287231738370026335e+01 3.906834616093220358e+00 4.149457532709067920e+00 -2.092793287749542763e+00
1.937817818958393161e+02 3.354908274214655961e+01 3.888445340623998714e+00 4.149942381584287077e+00 -2.123286690392290676e+00
2.017080478225987861e+02 3.417950976732515755e+01 3.874179504402815333e+00 4.148115473755522586e+00 -2.146482131086159928e+00
2.099549900974604384e+02 3.470271082206710389e+01 3.863203627993748501e+00 4.121368542841579163e+00 -2.154122437594815143e+00
2.185357197457911980e+02 3.514687530995077225e+01 3.849514391493407572e+00 4.093867265305217273e+00 -2.159298336799133189e+00
2.274638784496031008e+02 3.556821831335761175e+01 3.829015655107922633e+00 4.064941197844392562e+00 -2.156762490826725553e+00
2.367536602351603676e+02 3.595716178602738466e+01 3.798130588035150357e+00 4.049237865514752066e+00 -2.159129631821970374e+00
2.464198340387049768e+02 3.615198410683174757e+01 3.770596450181062487e+00 4.057916402198298300e+00 -2.174801676301152398e+00
2.564777671861783119e+02 3.610613482880133063e+01 3.733301314210998534e+00 4.081683401188966442e+00 -2.185763453445364490e+00
2.669434498242675318e+02 3.580992851154556433e+01 3.696611804965713954e+00 4.097489429941794548e+00 -2.191555598502457958e+00
2.778335203416216928e+02 3.537038788793351785e+01 3.654769881837017564e+00 4.135588339505313016e+00 -2.212849633185494103e+00
2.891652918206640379e+02 3.473940494088115116e+01 3.603856533429760312e+00 4.172271487418791835e+00 -2.204014447123272546e+00
3.009567795620857282e+02 3.387571769496909013e+01 3.541330940198580635e+00 4.175993772601579224e+00 -2.192708413383773092e+00
3.132267297258585472e+02 3.277932227883890448e+01 3.473639469807301428e+00 4.120700022821492503e+00 -2.198219012468340505e+00
3.259946491344890092e+02 3.148861271169282716e+01 3.403743652266201458e+00 4.061791555896476780e+00 -2.203956503022773017e+00
3.392808362863340790e+02 2.998352826678733862e+01 3.321268365203374540e+00 4.013365924389788120e+00 -2.197045655631171268e+00
3.531064136292366129e+02 2.827384199937565157e+01 3.214753659582430423e+00 3.971250070977356827e+00 -2.165398589554236253e+00
3.674933611477544559e+02 2.644115258938639101e+01 3.085170658300905977e+00 3.897105143428357454e+00 -2.119709315789649384e+00
3.824645513211672210e+02 2.447604448115427545e+01 2.952226308939872812e+00 3.778908479791065034e+00 -2.088133477581735065e+00
3.980437855145387971e+02 2.233770686351733303e+01 2.786932289718238032e+00 3.663349015965411404e+00 -2.034354025867440630e+00
4.142558318712455616e+02 2.003162564975774629e+01 2.609124777983000687e+00 3.548084919934316073e+00 -1.970899728155272035e+00
4.311264647807630013e+02 1.758798509761622597e+01 2.432569118172308809e+00 3.336301849216575022e+00 -1.892998189347693705e+00
4.486825059941866130e+02 1.501910987714696510e+01 2.252212575178225595e+00 3.061827290893144760e+00 -1.764619656368564105e+00
4.669518674366045161e+02 1.257534715146584681e+01 2.085104444975830251e+00 2.812973099171678371e+00 -1.654163596428761318e+00
4.859635956861600334e+02 1.021832108263844319e+01 1.909742760235006998e+00 2.551364214872023251e+00 -1.519134366953758253e+00
5.057479178874085619e+02 8.056751878526318578e+00 1.712975917571381235e+00 2.235714253036592769e+00 -1.340379207709668785e+00
5.263362884205595265e+02 6.163585601481294418e+00 1.505334953199734427e+00 1.907816579777872557e+00 -1.147694923199241934e+00
5.477614347596538664e+02 4.611899430827473445e+00 1.319577457263111153e+00 1.572489796230417625e+00 -9.475579463473953190e-01
5.700573993237991317e+02 3.346066286533670553e+00 1.129224843393407118e+00 1.294927081391854973e+00 -7.425750592325098820e-01
5.932595713560990589e+02 2.371258598691510677e+00 9.486174577110672024e-01 1.033456429433803336e+00 -5.771903595808210996e-01
6.174046984882090783e+02 1.730288253560487322e+00 7.747774038834572830e-01 8.271399145325563085e-01 -4.445821013603674099e-01
6.425308612334282543e+02 1.297231081376703177e+00 6.305166923835127113e-01 6.458571348777257803e-01 -3.391071729849503558e-01
6.686773849918981796e+02 9.655260319682822390e-01 5.098682767222999512e-01 4.860547502193014457e-01 -2.594195270029659439e-01
6.958846535452179296e+02 7.187515455293252975e-01 4.046465558545350727e-01 3.672938952154624626e-01 -1.986830535627759076e-01
7.241937765929172883e+02 5.238258850384719389e-01 3.263855879368295354e-01 2.703655522482216189e-01 -1.501233876964300495e-01
7.536460538799125288e+02 3.574153311426315760e-01 2.542115001495771631e-01 1.952971655788810490e-01 -1.057862869115984289e-01
7.842821733180975343e+02 2.292005547804847609e-01 1.927079672919042308e-01 1.323427656436770294e-01 -6.690112726239967611e-02
8.161410845593333079e+02 1.422241474010913775e-01 1.422872584908435600e-01 8.654033961998976177e-02 -4.079930716725932438e-02
8.492585071849014184e+02 8.652403481840105492e-02 1.010501202498228224e-01 5.501387038094667642e-02 -2.481461573945797222e-02
8.836650672945658016e+02 5.265119107816022131e-02 7.083912902160344194e-02 3.526988145940033320e-02 -1.409593044629775527e-02
9.193841082510367642e+02 3.398202840880085868e-02 4.819336140352058206e-02 2.247306839233282130e-02 -6.912880191895763755e-03
9.564292868133592265e+02 2.328808163347345986e-02 3.238374349955702725e-02 1.353542963424548065e-02 -3.242022524755779414e-03
9.948021359880425507e+02 1.650081073408468657e-02 2.214245657981251530e-02 8.786605911865807972e-03 -1.983662296975717207e-03
1.034489837288521358e+03 1.187383351494876275e-02 1.549323702988762361e-02 6.077014388279688289e-03 -1.371428160510693118e-03
1.075463482105905769e+03 8.789489310191965152e-03 1.124839286823046784e-02 4.427039474483668302e-03 -1.022652195586638878e-03
1.117677100294897855e+03 6.779132372481555362e-03 8.283251428473076619e-03 3.359335210607432721e-03 -7.596195584050531059e-04
1.161067685197964465e+03 5.351056968198608828e-03 6.269196531270524418e-03 2.591359391052303063e-03 -5.967373391892004516e-04
1.205556348691512085e+03 4.301949161674443155e-03 4.832617484439656781e-03 2.070668240606021553e-03 -4.639892176009008319e-04
1.251050608793114634e+03 3.512082251789191197e-03 3.768982014062684759e-03 1.687719586278939093e-03 -3.852106013533487154e-04
1.297447666869458999e+03 2.903298164115855791e-03 2.982517296992657965e-03 1.403721690273602302e-03 -3.206106908459488967e-04
1.344638397926668858e+03 2.429848767548376497e-03 2.385401005340726226e-03 1.189548733139779478e-03 -2.647544574349854182e-04
1.392511681567591495e+03 2.049554722818469881e-03 1.936359826688347895e-03 1.029931375283739403e-03 -2.231017640076756641e-04
1.440958661632982967e+03 1.752299223648175197e-03 1.591933199978457425e-03 9.051357785277486159e-04 -1.844982268848886786e-04
1.489876546218169779e+03 1.512818546530084402e-03 1.322695161130880157e-03 8.096921908132131973e-04 -1.507986640588553507e-04
1.539171640242423564e+03 1.320357133683553895e-03 1.108743081398228794e-03 7.321419605313838784e-04 -1.271549069578807687e-04
1.588761422246553138e+03 1.162150323685960012e-03 9.378013056995648800e-04 6.732970536337245246e-04 -1.066748557093263704e-04
1.638575611281274178e+03 1.034813698786159891e-03 8.008821081021327620e-04 6.250274133937123869e-04 -8.819717184593774432e-05
1.688556293917864650e+03 9.277459900170166108e-04 6.863665415660048178e-04 5.881496072946229515e-04 -7.572236602008726328e-05
1.738657276069219506e+03 8.426431527423969801e-04 5.963525129298554621e-04 5.574561846046298787e-04 -6.407461733425906688e-05
1.788842878736340026e+03 7.683065957018302703e-04 5.235807072105200157e-04 5.338721799518251565e-04 -5.411536326104288857e-05
1.839086409903800359e+03 7.093191142785666746e-04 4.668496761834253078e-04 5.150854920480791264e-04 -4.614163231625857502e-05
1.889368523506530437e+03 6.565846617928638778e-04 4.157380628052381928e-04 5.013220292611968816e-04 -3.965811986622969976e-05
1.939675632383273978e+03 6.145024030868946521e-04 3.772246167167733039e-04 4.922996747323719413e-04 -3.171180607544361180e-05
1.989998488322226649e+03 5.740502106790572020e-04 3.432253173760947055e-04 4.843114939909505946e-04 -2.464061955800090213e-05
2.040330989823476784e+03 5.429213948289307546e-04 3.126801101055026451e-04 4.797274954502377987e-04 -1.957486298125397844e-05
2.090669234656651497e+03 5.129590389607225666e-04 2.886108258219179730e-04 4.749000112629474398e-04 -1.489701575213415331e-05
2.141010803315962676e+03 4.898211859036821899e-04 2.676527870077699393e-04 4.732167811241070102e-04 -9.400830130226050735e-06
2.191354241309018107e+03 4.675587391022705680e-04 2.495187928606526799e-04 4.714752326530739519e-04 -6.872769350560529628e-06
2.241698700832178019e+03 4.522755611668954250e-04 2.334343157349061848e-04 4.709814935502111533e-04 -2.154151086652803923e-06
2.292043702702579139e+03 4.381016665549556386e-04 2.185002260671460670e-04 4.722241290333875283e-04 1.389407165705505691e-07
2.342388984287852509e+03 4.278814810381879256e-04 2.061141364898019628e-04 4.740971327280882157e-04 1.867099358922063639e-06
2.392734405999051887e+03 4.190491694871717530e-04 1.963431178765051338e-04 4.777445190709245335e-04 5.392337809040905189e-06
2.443079895887834482e+03 4.105855562471862649e-04 1.893994745307718346e-04 4.800787389669786392e-04 8.559461492848996822e-06
2.493425417990423739e+03 4.025371501723080860e-04 1.830138415522745260e-04 4.842805876374283738e-04 1.029137709144709307e-05
2.543770954873147730e+03 3.965640824900022081e-04 1.755645229470771771e-04 4.869741499035810202e-04 1.396011773022190497e-05
2.594116498340174076e+03 3.906936297582641539e-04 1.695654872681941032e-04 4.900359935121480865e-04 1.664989292053163533e-05
2.644462044654915644e+03 3.855507289299599781e-04 1.646351291746400583e-04 4.916442663998988423e-04 1.956540170004762160e-05
2.694807592165288042e+03 3.820715261937238962e-04 1.588883322006901205e-04 4.922737994653462405e-04 2.087391526006926023e-05
2.745153140162934051e+03 3.784882425574004469e-04 1.545797255813162062e-04 4.942791919929904370e-04 2.319283274646678216e-05
2.795498688353323359e+03 3.756051127664994187e-04 1.501366735012746214e-04 4.945443322451970394e-04 2.490195418877917208e-05
2.845844236617704610e+03 3.709852869000348163e-04 1.467210234318402559e-04 4.970740017995642053e-04 2.734086727789511903e-05
2.896189784909648097e+03 3.710738035248704772e-04 1.429751692210945945e-04 4.991747344279387271e-04 3.041028492759250472e-05
2.946535333211554644e+03 3.686303259962432914e-04 1.406631745805130419e-04 5.013106009901088442e-04 3.110504138871537282e-05
2.996880881516954105e+03 3.703952721755799597e-04 1.391994142954336054e-04 5.040518820675072946e-04 3.352393082340722111e-05
3.047226429823542730e+03 3.698847791692670955e-04 1.372081146833092273e-04 5.050983565549217041e-04 3.529241814840923595e-05
3.097571978130523803e+03 3.714078187068482230e-04 1.354867225440481763e-04 5.077947184640461747e-04 3.765158311245510677e-05
3.147917526437629931e+03 3.692421287594288863e-04 1.308358753383363369e-04 5.099179512558277196e-04 3.922159012068575238e-05
3.198263074744775167e+03 3.688572266601479487e-04 1.296513596557337931e-04 5.146064640039861929e-04 4.176216528133929205e-05
3.248608623051931772e+03 3.662127773849249159e-04 1.287454036211154135e-04 5.172281198036553880e-04 4.151423497946045269e-05
3.298954171359092925e+03 3.658661680411468171e-04 1.257722885971018247e-04 5.214387431485439407e-04 4.224017230030403141e-05
3.349299719666254077e+03 3.646036719709867401e-04 1.252692067236095129e-04 5.238440197002764386e-04 4.304595431751213837e-05
3.399645267973415685e+03 3.623783168010912253e-04 1.261148393935768142e-04 5.255740262240132018e-04 4.402337623332298791e-05
3.449990816280576837e+03 3.611482652453706357e-04 1.275319981998564135e-04 5.276058411522306603e-04 4.684272394990779653e-05
3.500336364587737989e+03 3.590057225411429336e-04 1.265367803246552432e-04 5.290240058202764530e-04 4.806016107981853471e-05
3.550681912894899597e+03 3.577368717892362242e-04 1.261785334795046147e-04 5.337117148398336751e-04 4.980385029180173483e-05
3.601027461202060749e+03 3.579627029282830982e-04 1.262671317499609869e-04 5.362201238225631095e-04 5.156586695862993858e-05
3.651373009509221902e+03 3.561750113554272026e-04 1.260067632538866469e-04 5.398873281901113343e-04 5.206658212527579135e-05
3.701718557816383054e+03 3.566592506618191565e-04 1.272771411942762089e-04 5.422379035263847789e-04 5.526340269221943676e-05
3.752064106123544661e+03 3.545292996462253332e-04 1.268145982183098181e-04 5.440647795122478553e-04 5.758237718298649598e-05
3.802409654430705814e+03 3.533191277222444524e-04 1.256403632980336073e-04 5.458511910781023175e-04 5.925127736334048507e-05
3.852755202737866966e+03 3.520260033992375637e-04 1.250041760735940029e-04 5.481104943697508473e-04 6.121901318510019913e-05
3.903100751045028574e+03 3.520891915277757724e-04 1.249984106223188602e-04 5.498883079400444535e-04 6.435528747520798880e-05
3.953446299352189726e+03 3.538055312886946840e-04 1.256460067477226431e-04 5.514535636586205720e-04 6.764173750716307213e-05
4.003791847659350879e+03 3.547225263925830830e-04 1.258837410721174636e-04 5.516452687453547677e-04 6.813298322579280691e-05
4.054137395966512941e+03 3.558585032406849842e-04 1.261485688723420540e-04 5.522041979448060953e-04 7.005661518214106279e-05
4.104482944273674548e+03 3.566425023780330590e-04 1.258071901068125859e-04 5.521756774194448844e-04 7.083921684078164905e-05
4.154828492580835700e+03 3.578624323800331684e-04 1.262462470886270896e-04 5.534903758495030111e-04 7.350307310741963128e-05
4.205174040887996853e+03 3.612713988619993414e-04 1.264885583660924973e-04 5.546771690704133248e-04 7.603535453151673328e-05
4.255519589195158005e+03 3.633723349271239479e-04 1.286657574253235537e-04 5.567343038306284348e-04 7.943678815770587823e-05
4.305865137502319158e+03 3.635136574071566942e-04 1.299017246450584516e-04 5.585935746830152831e-04 8.070607865146234641e-05
4.356210685809481220e+03 3.621919160741542392e-04 1.300050443110312571e-04 5.601747562262218141e-04 8.231538281499702829e-05
4.406556234116642372e+03 3.608197337118410823e-04 1.307974302226488081e-04 5.616999579777553131e-04 8.312967197411354290e-05
4.456901782423803525e+03 3.578522654317396593e-04 1.318571551043189096e-04 5.630942955824349248e-04 8.336517744694361238e-05
4.507247330730964677e+03 3.558990971579810035e-04 1.330612471411853840e-04 5.652629503687874339e-04 8.511015366662032526e-05
4.557592879038125830e+03 3.564886705418783357e-04 1.320690752650095963e-04 5.689874744064512624e-04 8.759932992585426834e-05
4.607938427345286982e+03 3.554018166051025837e-04 1.322423258089807589e-04 5.724252292880380958e-04 8.855274391158757892e-05
4.658283975652449044e+03 3.550609125374062946e-04 1.324495132595423217e-04 5.774255278327313076e-04 8.835752588596825733e-05
4.708629523959610196e+03 3.538113899808813462e-04 1.333685988520394103e-04 5.827582774171918183e-04 9.024143167676089796e-05
4.758975072266771349e+03 3.532633681084070736e-04 1.346079071900505052e-04 5.877930872267547648e-04 9.236777554779718473e-05
4.809320620573932501e+03 3.524103870111210623e-04 1.359779473699610603e-04 5.925415225390899369e-04 9.397628827061589726e-05
4.859666168881093654e+03 3.532093674744341818e-04 1.362595785557564826e-04 5.959545000797888785e-04 9.504073539024660716e-05
4.910011717188254806e+03 3.530927475402263890e-04 1.375553351190587036e-04 5.986703372609994411e-04 9.760744874185215119e-05
4.960357265495415959e+03 3.539168614387988381e-04 1.401867718501788394e-04 5.995820903756336057e-04 9.958805787037280986e-05
5.010702813802578021e+03 3.511995519593901502e-04 1.418514568714382179e-04 5.999503394015139740e-04 1.008340905682742655e-04
5.061048362109739173e+03 3.508266960958521209e-04 1.432601370727564730e-04 5.995129568896727119e-04 1.027439677321935761e-04
5.111393910416900326e+03 3.474819966014911269e-04 1.446587487982533388e-04 5.997260543970795842e-04 1.044607999867069642e-04
5.161739458724061478e+03 3.489842662471587514e-04 1.466251494787667393e-04 5.979544943658540680e-04 1.056801868070408830e-04
5.212085007031222631e+03 3.481339162001700210e-04 1.458356884691982928e-04 5.994988302627281013e-04 1.061258614479785477e-04
5.262430555338383783e+03 3.499536698242275120e-04 1.480309251983616934e-04 5.976683575096373296e-04 1.086420635623858448e-04
5.312776103645545845e+03 3.495913571494148678e-04 1.500238315619601293e-04 5.984156257492717710e-04 1.106840240320657520e-04
5.363121651952706998e+03 3.511957743969542777e-04 1.509009354980516185e-04 5.984676242903574613e-04 1.112387850658284075e-04
5.413467200259868150e+03 3.526513621466675213e-04 1.534935458703614068e-04 6.012718307703138806e-04 1.142474656782690366e-04
5.463812748567029303e+03 3.542280304656658489e-04 1.550775985646280853e-04 6.052607228586067822e-04 1.167786977685945579e-04
5.514158296874190455e+03 3.522690800881036273e-04 1.548052772122505429e-04 6.094260184568602154e-04 1.183329492780572071e-04
5.564503845181351608e+03 3.522582424330013957e-04 1.562868723592456053e-04 6.136228750131131554e-04 1.196924015946480309e-04
5.614849393488513670e+03 3.503043030897402756e-04 1.574170712151107677e-04 6.179809212203098492e-04 1.202713096747292472e-04
5.665194941795674822e+03 3.498730697256959769e-04 1.593930830204527054e-04 6.222538882337256324e-04 1.218363160050436829e-04
5.715540490102835975e+03 3.477519846930177561e-04 1.598148493497761509e-04 6.248450251976983777e-04 1.221455934397096081e-04
5.765886038409997127e+03 3.468035561211258951e-04 1.608633469442346208e-04 6.290568790454741229e-04 1.213528131226311975e-04
5.816231586717158279e+03 3.476585252454096500e-04 1.624156136468914754e-04 6.323184355597844062e-04 1.228021920837389777e-04
5.866577135024319432e+03 3.470133590667467331e-04 1.625196738248356303e-04 6.356754171761780847e-04 1.233713936763790070e-04
5.916922683331481494e+03 3.498623285240885675e-04 1.649548479931822178e-04 6.372411282313078214e-04 1.269735561334751873e-04
5.967268231638642646e+03 3.459618791500628518e-04 1.660586006305799552e-04 6.376751491231493580e-04 1.264999232760178911e-04
6.017613779945803799e+03 3.423533945051878422e-04 1.679181885477577297e-04 6.380657037557454624e-04 1.272249846265792450e-04
6.067959328252964951e+03 3.382113694150450946e-04 1.690757022759036389e-04 6.380658913858391077e-04 1.271398889065145207e-04
6.118304876560126104e+03 3.382672099253620926e-04 1.712811132248413565e-04 6.380498198125495683e-04 1.289839956917614573e-04
6.168650424867287256e+03 3.400447684562400599e-04 1.729756525073285135e-04 6.370044934919355094e-04 1.316568150772992347e-04
6.218995973174448409e+03 3.418902581703961614e-04 1.745572610630926279e-04 6.376795033617248514e-04 1.338852548243779986e-04
6.269341521481610471e+03 3.429172609185281401e-04 1.746847174020659313e-04 6.389821065739656513e-04 1.348536669496198449e-04
6.319687069788771623e+03 3.432798663843468511e-04 1.760260126467571478e-04 6.410510069430616978e-04 1.354698984441591713e-04
6.370032618095932776e+03 3.447282845838294668e-04 1.783788352620599080e-04 6.410993148673239548e-04 1.371382309393013200e-04
6.420378166403093928e+03 3.450825912994448736e-04 1.799076076384550525e-04 6.413116448388277201e-04 1.384192025707072827e-04
6.470723714710255990e+03 3.424807776601630858e-04 1.822208646707363245e-04 6.396405295334131255e-04 1.393852607718156617e-04
6.521069263017417143e+03 3.384428662595092164e-04 1.839610958980726955e-04 6.405101064354366954e-04 1.384179315881107434e-04
6.571414811324578295e+03 3.364645193952569700e-04 1.848602200452675859e-04 6.406396469281783754e-04 1.387715053433015368e-04
6.621760359631740357e+03 3.371818653381897582e-04 1.859672426104636098e-04 6.417241429975869540e-04 1.409406897192176547e-04
6.672105907938901510e+03 3.370500952644558631e-04 1.855297913878234427e-04 6.411105213867387617e-04 1.411728635319399743e-04
6.722451456246062662e+03 3.376251901729907792e-04 1.877603839160813578e-04 6.418684287212927074e-04 1.425430575655889267e-04
6.772797004553223815e+03 3.364556080975480545e-04 1.898146461214650967e-04 6.451609373016935992e-04 1.437855204252289055e-04
6.823142552860384967e+03 3.336123195835204039e-04 1.906738159612434054e-04 6.489908673293318412e-04 1.444403291137308083e-04
6.873488101167546120e+03 3.284284629578101294e-04 1.917185902967559301e-04 6.552797090880172924e-04 1.434903073626103492e-04
6.923833649474707272e+03 3.274038562293747645e-04 1.922556024402905330e-04 6.602765479838640199e-04 1.431679412456501128e-04
6.974179197781869334e+03 3.294809528040161832e-04 1.924055434455004452e-04 6.682833275955345599e-04 1.435250785975979452e-04
7.024524746089030486e+03 3.337101308468782288e-04 1.938909922136669974e-04 6.720243035960019777e-04 1.459947259080153503e-04
7.074870294396191639e+03 3.372843695547202451e-04 1.934896516746365935e-04 6.801888976703765900e-04 1.481256767466809473e-04
7.125215842703352791e+03 3.359178072639128101e-04 1.958221586245389697e-04 6.822781281413829507e-04 1.490511798762858022e-04
7.175561391010513944e+03 3.354529453768945787e-04 1.955148121308274167e-04 6.898200126217161237e-04 1.490556492958412295e-04
7.225906939317675096e+03 3.352592129078697434e-04 1.963571373187403670e-04 6.899550657048018594e-04 1.492203206076928035e-04
7.276252487624837158e+03 3.345497988886974488e-04 1.945150852414927688e-04 6.985668039302182601e-04 1.467208639131098913e-04
7.326598035931998311e+03 3.342845862424144356e-04 1.955058404215518286e-04 6.972036847001753272e-04 1.468366754914639401e-04
7.376943584239159463e+03 3.361782248391791410e-04 1.976566700419913117e-04 7.078957656994728457e-04 1.483841272832081646e-04
7.427289132546320616e+03 3.374613436877336005e-04 2.002620060113118787e-04 7.048006387225764580e-04 1.498145678344404237e-04
7.477634680853481768e+03 3.388893507640096761e-04 1.994102229504901179e-04 7.161521895729044225e-04 1.497916619069831654e-04
7.527980229160642921e+03 3.348805474165781780e-04 2.000923637852189299e-04 7.044621909108707628e-04 1.477782138693770357e-04
7.578325777467804983e+03 3.317092502442945431e-04 2.031692357751108396e-04 7.077532547627430042e-04 1.484056898212569463e-04
7.628671325774966135e+03 3.232254777451915614e-04 2.074653489547976680e-04 6.804377659498836960e-04 1.474002950119794500e-04
7.679016874082127288e+03 3.144763040806917813e-04 2.139238084530692516e-04 6.685094193993187332e-04 1.459898376563357482e-04
7.729362422389288440e+03 3.072163398278365191e-04 2.242514903373093755e-04 6.205151834611271266e-04 1.495464032320365411e-04
7.779707970696449593e+03 3.107251232314422258e-04 2.322582630085060309e-04 5.962106962443247931e-04 1.536652357317838788e-04
7.830053519003610745e+03 3.019642964051196844e-04 2.395988084683993696e-04 5.259311578619364031e-04 1.524542814632041715e-04
7.880399067310772807e+03 3.062476372738116804e-04 2.497751264494960967e-04 4.757750226154563327e-04 1.557349625200804674e-04
7.930744615617933960e+03 2.772941310315770055e-04 2.618371472364646726e-04 3.677434877261904545e-04 1.482944742576704483e-04
7.981090163925095112e+03 2.478266758918026315e-04 2.980542279595309340e-04 2.810060614898253159e-04 1.534154879448179404e-04
8.031435712232256265e+03 1.765086699074743806e-04 3.470344978433055052e-04 1.919613410697185976e-04 1.510209599216445601e-04
