# Columns: yplus tau11+ tau22+ tau33+ tau12+ | Case=jet_M16_T75 | x*=10.00
4.147555368925651686e-01 3.767481420204852466e-02 1.797404942929577780e-05 2.432628213000385606e-02 -1.642805985955462242e-04
1.215071090914517038e+00 3.270059507524470943e-01 4.932809080429113912e-04 1.763845918361719167e-01 -3.248268890717065111e-03
2.018684049772712097e+00 8.814038467342283356e-01 2.699729815455956770e-03 4.071450559305721528e-01 -1.438247435233113401e-02
2.826487790187721227e+00 1.655356451139301521e+00 7.942252602368068959e-03 6.705262994343660354e-01 -3.754377222438486095e-02
3.639472671274926352e+00 2.571837839615463306e+00 1.715878045954609410e-02 9.407972562264220739e-01 -7.403103855166315306e-02
4.458712971609646303e+00 3.539976468293104972e+00 3.064003871533270765e-02 1.204167317313617591e+00 -1.222126038804392106e-01
5.285353860549530047e+00 4.478840245917687923e+00 4.855044155409951601e-02 1.454695426523465507e+00 -1.791346043767412799e-01
6.120599521807198684e+00 5.331687889308018846e+00 7.060225621544166663e-02 1.689817709653610445e+00 -2.410937580552816872e-01
6.965703130275271882e+00 6.068216885506491742e+00 9.674449191946657423e-02 1.909256030562920481e+00 -3.050425540109104050e-01
7.821958998931952678e+00 6.679102651935039603e+00 1.265167819311598940e-01 2.113143747237969272e+00 -3.683139697611742536e-01
8.690696907736006338e+00 7.168763529524242450e+00 1.598491106319843980e-01 2.302288258371816720e+00 -4.293196762829511459e-01
9.573278419652920590e+00 7.549308836902110187e+00 1.962510716666504840e-01 2.477323828504327530e+00 -4.867223082917469523e-01
1.047109487678341821e+01 7.836145290531296936e+00 2.357011473633280896e-01 2.639210982620169510e+00 -5.399314873530390857e-01
1.138556673416685427e+01 8.044666480679460108e+00 2.777278346791051677e-01 2.788925994584416479e+00 -5.885167088911397171e-01
1.231814390646427348e+01 8.188161129548696238e+00 3.222764931070681849e-01 2.927521283720218026e+00 -6.326283085349124757e-01
1.327030685026697476e+01 8.278438138274413660e+00 3.688952137979168988e-01 3.055863057466567501e+00 -6.725272596861694430e-01
1.424356816364883294e+01 8.325305906920862142e+00 4.174986368918583435e-01 3.175012463817691089e+00 -7.086472123588944960e-01
1.523947454219464070e+01 8.337792471707277997e+00 4.676692559520744807e-01 3.285918095438941755e+00 -7.413197833314416618e-01
1.625960898015625133e+01 8.323339470102986581e+00 5.193528050265663332e-01 3.389062194882121570e+00 -7.709079901495307086e-01
1.730559314403166482e+01 8.288038227922758239e+00 5.722038837059182370e-01 3.484948757836671351e+00 -7.977131004194163433e-01
1.837908987395405802e+01 8.236485113611932363e+00 6.261905119968517175e-01 3.574062591058978278e+00 -8.220283730692949931e-01
1.948180578748184644e+01 8.171954397934335645e+00 6.809226285806888601e-01 3.656677364118338769e+00 -8.441317077280228176e-01
2.061549397282336216e+01 8.097190498954899951e+00 7.364436587868048445e-01 3.733103221581622666e+00 -8.641810788251126363e-01
2.178195676621691845e+01 8.014554180815210316e+00 7.923849757448363507e-01 3.803267720296739540e+00 -8.823531474847784439e-01
2.298304861274426614e+01 7.925893316250431475e+00 8.487256230185372674e-01 3.867355325957098522e+00 -8.987605248406755898e-01
2.422067901246836286e+01 7.833255605485885731e+00 9.050178674075549656e-01 3.925938143282914794e+00 -9.136862458279739752e-01
2.549681555525570076e+01 7.738076873431187330e+00 9.613408570370201023e-01 3.979380844662243177e+00 -9.271214241875375128e-01
2.681348704847209419e+01 7.642101155867777607e+00 1.017283233393059927e+00 4.028380299922939223e+00 -9.393638748381872849e-01
2.817278674222990276e+01 7.546459353373969670e+00 1.072881935829539168e+00 4.073716011652840585e+00 -9.503394512720682030e-01
2.957687565718259393e+01 7.452877442986005185e+00 1.127706241841116563e+00 4.115974364167072075e+00 -9.605178374705954925e-01
3.102798602010025419e+01 7.362055852326788496e+00 1.181840121514722286e+00 4.155645826070904825e+00 -9.698397953948443284e-01
3.252842481266438313e+01 7.274783566727609063e+00 1.234863535341570451e+00 4.192959898135141472e+00 -9.786487894833880707e-01
3.408057743911429327e+01 7.191011503947393635e+00 1.287057991091780984e+00 4.228549818481165623e+00 -9.866883483206150274e-01
3.568691151857207444e+01 7.109970503165095046e+00 1.338167811457653178e+00 4.262486777725810860e+00 -9.939904755102219047e-01
3.734998080807410759e+01 7.031429669355945045e+00 1.388422704415672504e+00 4.296095746100896839e+00 -1.000290162923744397e+00
3.907242926254507864e+01 6.955509227994196131e+00 1.437562253362963727e+00 4.330675705228627770e+00 -1.005769637793138216e+00
4.085699523816924028e+01 6.882156773892333490e+00 1.485652558732792894e+00 4.367123828996892776e+00 -1.010513512883219889e+00
4.270651584584125260e+01 6.812183590565562774e+00 1.532445646622322410e+00 4.405765126992216452e+00 -1.015346691051664418e+00
4.462393146161749513e+01 6.746122781693649095e+00 1.578132050326468194e+00 4.446518755366100528e+00 -1.019925256971013106e+00
4.661229040133913770e+01 6.682612741085052654e+00 1.622696962173724389e+00 4.487867393774640057e+00 -1.024515367252034848e+00
4.867475376685802502e+01 6.619842104240167835e+00 1.665795798780352666e+00 4.528067227192345889e+00 -1.028174430936917183e+00
5.081460047157047200e+01 6.558596453043135988e+00 1.707555918939698936e+00 4.566371287732635231e+00 -1.031012267080994249e+00
5.303523245324824842e+01 6.498873495360016683e+00 1.747824377363270454e+00 4.602835149704892714e+00 -1.032463210334280124e+00
5.534018008245448073e+01 6.441818120329744879e+00 1.786570144078241107e+00 4.637664975429165004e+00 -1.032774429723850584e+00
5.773310777514217307e+01 6.386833664384172771e+00 1.823533251312646097e+00 4.671759682708555239e+00 -1.031962441468539105e+00
6.021781981835916753e+01 6.333867308789171702e+00 1.858959029421142217e+00 4.705559968827257578e+00 -1.030860312153331959e+00
6.279826641832028855e+01 6.283708980709580061e+00 1.893309916271490811e+00 4.738295088480113826e+00 -1.029217639693521535e+00
6.547854998046288699e+01 6.238696389281038535e+00 1.927034422604624542e+00 4.768809740939175867e+00 -1.027621993451663940e+00
6.826293163146924314e+01 6.198477312390424210e+00 1.960681107248095856e+00 4.796012970340790105e+00 -1.026343339572764801e+00
7.115583799362431705e+01 6.161539091292307369e+00 1.994510731733380116e+00 4.819289593744091604e+00 -1.024848019217539319e+00
7.416186822227983555e+01 6.124427878868492492e+00 2.028866754058777921e+00 4.842093238469155736e+00 -1.022501094337943783e+00
7.728580131761157190e+01 6.086671555075975348e+00 2.063520271378830540e+00 4.866295263060648857e+00 -1.019725973494566285e+00
8.053260372229520669e+01 6.046157375730017769e+00 2.098607776668828695e+00 4.891307602094055795e+00 -1.016978790496973373e+00
8.390743721717865355e+01 6.003797196593464669e+00 2.133694772224589808e+00 4.916551707352647682e+00 -1.014659629821042408e+00
8.741566712750456247e+01 5.959504926795981206e+00 2.169693793212921662e+00 4.943536860614628381e+00 -1.012089686765420105e+00
9.106287085272755633e+01 5.917954831298133378e+00 2.206725229707978020e+00 4.972731003403509042e+00 -1.009980674527028333e+00
9.485484673348905460e+01 5.879913713356486937e+00 2.244452370110104678e+00 5.004836416894877793e+00 -1.007951413071594748e+00
9.879762326984477738e+01 5.846300610274145271e+00 2.283395167678119453e+00 5.037886919289444876e+00 -1.005523824652120757e+00
1.028974687054009109e+02 5.812922851929985590e+00 2.323564265885918356e+00 5.067958093190994440e+00 -1.002861329998054218e+00
1.071609009925952876e+02 5.780288213823582488e+00 2.364445742549255769e+00 5.095028525993406276e+00 -1.000201238171621654e+00
1.115946981549674319e+02 5.748820311610579381e+00 2.407720816372482364e+00 5.123458250573963646e+00 -9.984723352028013199e-01
1.162059090628901146e+02 5.719468424338897350e+00 2.452750524701440948e+00 5.156030897138698776e+00 -9.979010046389171773e-01
1.210018646398948761e+02 5.693373085844235071e+00 2.500814565097220221e+00 5.193176861998417770e+00 -9.978711228123040566e-01
1.259901895174066908e+02 5.672528659193187828e+00 2.551969318052592861e+00 5.231385044870647150e+00 -9.985083773497733794e-01
1.311788141564166779e+02 5.654404781141247227e+00 2.606590123110029467e+00 5.267633650721393224e+00 -9.974636825832144948e-01
1.365759874553643556e+02 5.635296247064300879e+00 2.664616914188509433e+00 5.304172276641729411e+00 -9.969313233495711302e-01
1.421902898642727848e+02 5.614761776380585268e+00 2.725093048697501796e+00 5.345181529451712876e+00 -9.972120834882611806e-01
1.480306470259858997e+02 5.600825878165866634e+00 2.790009541110910707e+00 5.392051988721392242e+00 -9.992139006174101112e-01
1.541063439661953396e+02 5.590836830034770166e+00 2.859503955321055280e+00 5.440767682852424514e+00 -9.985046124867973383e-01
1.604270398548151491e+02 5.589011249871706610e+00 2.934130252774698189e+00 5.490895600319675829e+00 -9.979999448366205783e-01
1.670027833621730622e+02 5.599622685811411316e+00 3.013461333840708356e+00 5.541507190408809791e+00 -1.000759767418826662e+00
1.738440286344312256e+02 5.619602449483112494e+00 3.100653014451090872e+00 5.575084456945346822e+00 -1.003204988383913587e+00
1.809616519136337445e+02 5.639128824139538310e+00 3.192981246203927981e+00 5.597898421952852033e+00 -1.006252097387340561e+00
1.883669688288047723e+02 5.662368921751937734e+00 3.289342451830629344e+00 5.615430185940701868e+00 -1.016941581360746749e+00
1.960717523855854267e+02 5.714784854595663433e+00 3.391932274167964056e+00 5.625967398092706517e+00 -1.029006505441243391e+00
2.040882516830107249e+02 5.791406288186894180e+00 3.508178850512399194e+00 5.635939093694988244e+00 -1.042791548021989367e+00
2.124292113871810557e+02 5.872732454439276495e+00 3.633738824202941586e+00 5.647749030596002306e+00 -1.066805229711876635e+00
2.211078919927889501e+02 5.975221898403032306e+00 3.762931117424452410e+00 5.641251304023370494e+00 -1.098480489838336016e+00
2.301380909047127545e+02 6.105204471421354917e+00 3.894935960814495779e+00 5.622054470786668645e+00 -1.133658455019078692e+00
2.395341643731918282e+02 6.258587426257048669e+00 4.030041225766056279e+00 5.612526661648633564e+00 -1.179317473686003037e+00
2.493110503174581254e+02 6.432215415018315952e+00 4.169185777177831120e+00 5.619094108650132036e+00 -1.229305596760600361e+00
2.594842920741098169e+02 6.622053171273019956e+00 4.311802230097018018e+00 5.621720608469432889e+00 -1.296245986756075830e+00
2.700700631079862433e+02 6.839225153410326108e+00 4.447555122580142850e+00 5.608665549559503027e+00 -1.365064284468320066e+00
2.810851927248418178e+02 7.087653308953183462e+00 4.584800207533912264e+00 5.608796225644730349e+00 -1.448117068841956234e+00
2.925471928267270982e+02 7.382020879759643606e+00 4.725875303290485441e+00 5.602019364739076579e+00 -1.531578439218323373e+00
3.044742857526901503e+02 7.740716398487749395e+00 4.857896511906319326e+00 5.545846186861932203e+00 -1.622215695221896681e+00
3.168854332492434196e+02 8.151855874594762241e+00 4.985484389823527707e+00 5.483796174794618672e+00 -1.712252523973956109e+00
3.298003666170793053e+02 8.610601624310366020e+00 5.092342943048445925e+00 5.449678110339783110e+00 -1.801461675397400874e+00
3.432396180828883416e+02 9.149147277552343027e+00 5.173467319733568992e+00 5.411893469602319762e+00 -1.899122628389993128e+00
3.572245534480662172e+02 9.734155014243791371e+00 5.245717376533746368e+00 5.356851474126892221e+00 -2.011564914476382082e+00
3.717774060698940843e+02 1.034766809715086389e+01 5.301681782298187429e+00 5.302729440397278893e+00 -2.123446190865546424e+00
3.869213122357321026e+02 1.105854484931463055e+01 5.321116091173658802e+00 5.249485833840776827e+00 -2.247367209619040906e+00
4.026803479967222188e+02 1.181703630638876668e+01 5.343191129448866761e+00 5.170896999811092520e+00 -2.361065569847477619e+00
4.190795675327332788e+02 1.258508940727968550e+01 5.352388652947570158e+00 5.088543575325844337e+00 -2.469264976335692641e+00
4.361450431189972505e+02 1.336306687878128763e+01 5.351682831857085709e+00 5.029802886431919973e+00 -2.568284507125539573e+00
4.539039067421828122e+02 1.419389790839906773e+01 5.326477394712756386e+00 4.990406046913044236e+00 -2.690835508366479445e+00
4.723843933365865837e+02 1.505166529814149712e+01 5.280381692715290676e+00 4.928681792844135323e+00 -2.818760217992591688e+00
4.916158854145404007e+02 1.597695374620411357e+01 5.217264770176263333e+00 4.857001518119005823e+00 -2.930849368508269048e+00
5.116289584315823618e+02 1.691037885584692546e+01 5.122456325921838527e+00 4.812464908961486820e+00 -3.045945145980544222e+00
5.324554253632264817e+02 1.785795062105006537e+01 5.028225180673067563e+00 4.739763151152851073e+00 -3.142307702461804464e+00
5.541283773867554601e+02 1.877901403784426648e+01 4.920673004779547277e+00 4.649654491708139048e+00 -3.239927499949827094e+00
5.766822148693627241e+02 1.958339536386452906e+01 4.815427143460128789e+00 4.526311955957391220e+00 -3.320215206959137522e+00
6.001526586095610583e+02 2.024325695570675165e+01 4.700465798979270637e+00 4.462090064091225550e+00 -3.403810929202441216e+00
6.245767250430105832e+02 2.078412981258956549e+01 4.612865893433702347e+00 4.379182583552223562e+00 -3.465393511867269627e+00
6.499926407065408966e+02 2.111825338668160512e+01 4.482956687721131317e+00 4.303383781219503490e+00 -3.476224468304546011e+00
6.764396609442578665e+02 2.119080545029497031e+01 4.376450603667655592e+00 4.245404346676894036e+00 -3.485415857967127273e+00
7.039577467339895520e+02 2.098890178719699051e+01 4.296223176753334094e+00 4.118710433710009333e+00 -3.501627290739594223e+00
7.325870437885433830e+02 2.045998365437434785e+01 4.218577831394150657e+00 4.003181665897722397e+00 -3.458570476067657218e+00
7.623671030840557705e+02 1.948601076609113036e+01 4.146459523903235578e+00 3.887349236357489968e+00 -3.396367563307126414e+00
7.933357859085497239e+02 1.804623088116207086e+01 4.035375008455007517e+00 3.703901590887467954e+00 -3.292832346462093440e+00
8.255278137368101170e+02 1.629753797147035499e+01 3.909110862213377668e+00 3.496087688445498998e+00 -3.162088598793842298e+00
8.589729568884363289e+02 1.435529908523789899e+01 3.738622945523132124e+00 3.257952078775666394e+00 -2.980844141833426608e+00
8.936939064463205113e+02 1.222780553692067684e+01 3.620923762463354567e+00 2.972512455156355315e+00 -2.783540282437431124e+00
9.297039375608932232e+02 1.000521512806356839e+01 3.423312665364281138e+00 2.653758687441853503e+00 -2.534154305652047690e+00
9.670045404021099102e+02 7.721987962774123027e+00 3.175549783817078531e+00 2.326096884328267222e+00 -2.238299524256472051e+00
1.005583254668307518e+03 5.573085225289736044e+00 2.847583823274372872e+00 1.958101430780350816e+00 -1.872951416148573411e+00
1.045411979539190270e+03 3.761513021097541376e+00 2.479411637724008965e+00 1.562932794877779807e+00 -1.476339819441965462e+00
1.086446029405813078e+03 2.447799030403576381e+00 2.050073991853664790e+00 1.148883371331895553e+00 -1.086803995336365070e+00
1.128624158195509381e+03 1.565517194166787807e+00 1.659293382921379623e+00 8.455276252253582925e-01 -7.499587367802171833e-01
1.171869682142795682e+03 9.617403783534888007e-01 1.293350110829599720e+00 5.961659144176917335e-01 -4.756111125072378654e-01
1.216092703474359041e+03 6.349213183546750239e-01 9.717333620924871740e-01 4.075309658421544245e-01 -2.881557374017189033e-01
1.261193296042512429e+03 4.351691472017248374e-01 6.836139633274846972e-01 2.756521946582832783e-01 -1.702515078930081915e-01
1.307065384115477173e+03 2.938699773422390193e-01 4.644886005486545399e-01 1.776446523132014232e-01 -8.573604639530424398e-02
1.353600952315430050e+03 1.982271841411309132e-01 3.061881604111032495e-01 1.159675560681094342e-01 -3.964586825785251095e-02
1.400694186233221899e+03 1.274273735569687316e-01 2.018031946472133298e-01 7.799698739506638612e-02 -1.964408744807133803e-02
1.448245166261787745e+03 8.182839362055882582e-02 1.341679894214173607e-01 5.470452310596873868e-02 -8.133102516688844180e-03
1.496162815426923089e+03 5.555517385598462282e-02 9.162296447564466373e-02 3.974108067793946653e-02 -4.984989788883106843e-03
1.544366918153257075e+03 3.835425586247818985e-02 6.547850624334106140e-02 2.962160032682557842e-02 -3.456714861494435739e-03
1.592789157340732345e+03 2.723447644670424703e-02 4.787767540797378124e-02 2.288461016967890602e-02 -2.571259166192991878e-03
1.641373237826222066e+03 1.962867782145651802e-02 3.593565614747136483e-02 1.793775302362780530e-02 -1.780668696913562891e-03
1.690074256316543597e+03 1.445475249582656684e-02 2.726665011569757990e-02 1.438371226770613319e-02 -1.369442046130315725e-03
1.738857530785211566e+03 1.078321867374933823e-02 2.116914876326471406e-02 1.162221688150953149e-02 -9.831260462365494935e-04
1.787697115067480354e+03 8.229858323244724008e-03 1.654017165730763128e-02 9.568131093559298014e-03 -7.691538238043904400e-04
1.836574203682255074e+03 6.363931841149576829e-03 1.317809337974908991e-02 7.916595676902695583e-03 -5.742531404038522195e-04
1.885475589132134019e+03 5.042903522747203653e-03 1.054910289567399968e-02 6.661521670498390425e-03 -4.726854315631382852e-04
1.934392281626603562e+03 4.048643160931922509e-03 8.613056156498224980e-03 5.619271054303113556e-03 -3.634744773867084212e-04
1.983318350158979456e+03 3.326407362842990871e-03 7.048924733435378218e-03 4.817051726142694730e-03 -2.956384491079195589e-04
2.032250001538282504e+03 2.759599836474832275e-03 5.887826228185517874e-03 4.130822400373154908e-03 -2.386309762801708657e-04
2.081184883866584642e+03 2.332499318214370249e-03 4.905541353717749777e-03 3.601345731151186624e-03 -1.999145960961022314e-04
2.130121583294140237e+03 1.996835088294546777e-03 4.176305944745671399e-03 3.138844327011838190e-03 -1.637447219632717278e-04
2.179059275707348661e+03 1.743170903675988256e-03 3.538504591788054800e-03 2.779341217964695181e-03 -1.549700463931454443e-04
2.227997495313076797e+03 1.539866136481370020e-03 3.040630973214003205e-03 2.464448369978490712e-03 -1.348346324235871762e-04
2.276935986817650246e+03 1.386295105420703912e-03 2.617599825035870319e-03 2.217153767220287654e-03 -1.207266819980606822e-04
2.325874614532633586e+03 1.256758106631643366e-03 2.297985446270627875e-03 1.997870533464457185e-03 -1.105474559733338218e-04
2.374813308520124338e+03 1.155697585371497820e-03 2.003961423216231007e-03 1.819589549534466038e-03 -1.038405258342160221e-04
2.423752033821277109e+03 1.072649147550841942e-03 1.788225678725664921e-03 1.660952206017596907e-03 -9.906292067829314675e-05
2.472690773489565345e+03 1.000444769632579094e-03 1.577590266116061504e-03 1.530348170491509317e-03 -1.000759228127260481e-04
2.521629519558171978e+03 9.450689856773285746e-04 1.424163726435721681e-03 1.418868006214079594e-03 -9.408552300497854991e-05
2.570568268394920324e+03 8.958471933072283686e-04 1.280085011070253688e-03 1.325562600045422602e-03 -9.472669057623142662e-05
2.619507018393890576e+03 8.569907321060932703e-04 1.173946686802000402e-03 1.245995384996512276e-03 -9.166890570174537651e-05
2.668445768866518392e+03 8.220745390733136607e-04 1.064266465909339448e-03 1.178294899023040344e-03 -9.472050356281687996e-05
2.717384519526503937e+03 7.961447647027117833e-04 9.752188216094247273e-04 1.123737348147595691e-03 -9.358945187022799073e-05
2.766323270258413686e+03 7.729857162845262799e-04 9.033889680409542319e-04 1.076197155045445757e-03 -9.837315833018350601e-05
2.815262021017115785e+03 7.571606707082204025e-04 8.409893455296501338e-04 1.034122617615911705e-03 -9.653972703020289150e-05
2.864200771785501729e+03 7.366666804162745087e-04 7.881632712204740673e-04 9.993949360654341696e-04 -1.016287468865993037e-04
2.913139522557284181e+03 7.224173641628906439e-04 7.398183648337275159e-04 9.675338467558675928e-04 -1.009498889646750098e-04
2.962078273330221691e+03 7.061509739619277167e-04 6.980674549375269098e-04 9.438972237580405987e-04 -1.013433896340388413e-04
3.011017024103541189e+03 6.944078151994046919e-04 6.646088661404406369e-04 9.212157092106044911e-04 -1.017244455123657586e-04
3.059955774876981650e+03 6.840861850819274139e-04 6.360315372700887796e-04 9.035146169687805449e-04 -9.829312180464742530e-05
3.108894525650460764e+03 6.736362144725529166e-04 6.147911832396243774e-04 8.862015659384883280e-04 -9.792533149237798952e-05
3.157833276423950338e+03 6.663629398276650065e-04 5.912775580079679275e-04 8.740421058373611237e-04 -9.787595485847154129e-05
3.206772027197444459e+03 6.565515289938640220e-04 5.654642586603420657e-04 8.658322587797574700e-04 -1.000934432597024943e-04
3.255710777970939034e+03 6.525846666987468805e-04 5.506235841275374399e-04 8.588774710923736304e-04 -1.022773873573032529e-04
3.304649528744433610e+03 6.464818679042210045e-04 5.315064387324121113e-04 8.593528997369742368e-04 -1.053170263185785639e-04
3.353588279517928186e+03 6.451629163947572923e-04 5.175638190449832754e-04 8.530405656445003192e-04 -1.045501176026314704e-04
3.402527030291422307e+03 6.449062118350444009e-04 5.016886280881830513e-04 8.523796914253120843e-04 -1.073050641795901804e-04
3.451465781064916882e+03 6.449336553965213286e-04 4.939005041445197752e-04 8.440400699610007542e-04 -1.047965517171984884e-04
3.500404531838411458e+03 6.433279777111589569e-04 4.860674509451118927e-04 8.451585533856491956e-04 -1.038386268915348623e-04
3.549343282611905579e+03 6.389302020826398030e-04 4.780358064138297823e-04 8.365045990842667452e-04 -1.044466697790341511e-04
3.598282033385400155e+03 6.350985744812985339e-04 4.712253069108895812e-04 8.380490883614939018e-04 -1.046214865902755865e-04
3.647220784158894730e+03 6.323441465750856893e-04 4.634826154273502270e-04 8.258551781503567848e-04 -1.035666492076532842e-04
3.696159534932388851e+03 6.275079827841369704e-04 4.594645386839871508e-04 8.234234166499441402e-04 -1.060521590516541650e-04
3.745098285705883427e+03 6.279765916950608194e-04 4.539938313340544681e-04 8.132524498255038706e-04 -1.029394598236120192e-04
3.794037036479378003e+03 6.270862844070500004e-04 4.504863638164276641e-04 8.078763997759856597e-04 -1.034122957369095489e-04
3.842975787252872124e+03 6.262729897499487572e-04 4.470569757501747610e-04 8.026401827568566041e-04 -1.050840996224909873e-04
3.891914538026366699e+03 6.279207862339640208e-04 4.374576251232179837e-04 7.985736608007070261e-04 -1.066220577251983430e-04
3.940853288799861730e+03 6.287351283354257860e-04 4.307486769923824584e-04 7.987969057816898333e-04 -1.065729374577481433e-04
3.989792039573356305e+03 6.307217802972099781e-04 4.306247072478618402e-04 7.969287239509521619e-04 -1.079216975691013310e-04
4.038730790346850881e+03 6.317161583534465063e-04 4.195365519758861980e-04 7.955336004247742050e-04 -1.052862722011174620e-04
4.087669541120345457e+03 6.350198834695540374e-04 4.235733305487264706e-04 7.935638503115344591e-04 -1.053458402516730107e-04
4.136608291893840033e+03 6.323109932911144754e-04 4.146189455748820188e-04 7.919972729099572333e-04 -1.042826468994036349e-04
4.185547042667333699e+03 6.367830818974234454e-04 4.145770295271060325e-04 7.923686116983901830e-04 -1.049040625713658104e-04
4.234485793440828274e+03 6.319572576902152431e-04 4.066881525671906450e-04 7.936589686135549606e-04 -1.041100766596960109e-04
4.283424544214322850e+03 6.348528158835522192e-04 4.028181621586693502e-04 7.932185210006173709e-04 -9.998523244613133885e-05
4.332363294987817426e+03 6.290516976241308181e-04 3.960684150247796424e-04 7.882353623349022936e-04 -1.012672533115844680e-04
4.381302045761312002e+03 6.296473799616879785e-04 3.967222245664906344e-04 7.839235692102563581e-04 -1.008520579793991165e-04
4.430240796534806577e+03 6.200802551429166268e-04 3.907561347687679471e-04 7.788108357519904056e-04 -1.015893303860115508e-04
4.479179547308301153e+03 6.205644133541452813e-04 3.883481529451679806e-04 7.746659373121063050e-04 -9.865943724365024083e-05
4.528118298081794819e+03 6.127003644428136945e-04 3.857180605264263281e-04 7.666871969221450943e-04 -1.012420889271008759e-04
4.577057048855289395e+03 6.121078235261747432e-04 3.912884305937032155e-04 7.597256330380836985e-04 -9.836456715309392054e-05
4.625995799628783971e+03 6.063359910476627188e-04 3.834867307261489631e-04 7.578677239875689651e-04 -9.655327114270653547e-05
4.674934550402278546e+03 6.041506936625980857e-04 3.862987412602718936e-04 7.515012208106796503e-04 -9.517863976401340202e-05
4.723873301175773122e+03 5.968366150676557725e-04 3.862141069990368135e-04 7.487075205464755389e-04 -9.307625703439784972e-05
4.772812051949267698e+03 5.928787551947585326e-04 3.860419342605943423e-04 7.413573509074568432e-04 -9.071927564553327781e-05
4.821750802722761364e+03 5.871091557626543405e-04 3.865262777344642166e-04 7.379523185982503732e-04 -9.027224154961779716e-05
4.870689553496255940e+03 5.870962208632649103e-04 3.830068739771811791e-04 7.343979792403573358e-04 -9.021223258586899053e-05
4.919628304269750515e+03 5.853868920750516548e-04 3.829824629456228904e-04 7.336022063159093175e-04 -8.772207610975040382e-05
4.968567055043245091e+03 5.917578544481416278e-04 3.822231213001344905e-04 7.344437089910383926e-04 -8.523123893929647390e-05
5.017505805816739667e+03 5.914401733022997456e-04 3.832553635215565414e-04 7.359754121674007277e-04 -8.282899664893119058e-05
5.066444556590234242e+03 5.975891785807754255e-04 3.807082396397598600e-04 7.423161049748492604e-04 -8.281564093354702543e-05
5.115383307363728818e+03 5.942999749672108704e-04 3.787495955760432917e-04 7.449449836512961462e-04 -8.050294520690895396e-05
5.164322058137222484e+03 6.011546666943530558e-04 3.769807778726462998e-04 7.485470036754526433e-04 -7.995080475762896314e-05
5.213260808910717060e+03 5.961618314552799515e-04 3.725092339859310884e-04 7.491129748913080005e-04 -7.921133453199040431e-05
5.262199559684211636e+03 6.020125857229010301e-04 3.696795915037648416e-04 7.521134299865367195e-04 -7.865116859581866473e-05
5.311138310457706211e+03 5.959786944252801286e-04 3.663467028207807730e-04 7.521715255282202710e-04 -7.948203008785031118e-05
5.360077061231200787e+03 5.934671534156251219e-04 3.660299242543533105e-04 7.520239369585646552e-04 -7.981977682321388481e-05
5.409015812004695363e+03 5.799974276587852940e-04 3.675034441051708051e-04 7.472704361070481175e-04 -7.818030093619779582e-05
5.457954562778189938e+03 5.735993251238307930e-04 3.742090737905138143e-04 7.449017876012133761e-04 -7.465714808852451628e-05
5.506893313551683605e+03 5.660616896398327352e-04 3.753768237818794272e-04 7.377985218623450171e-04 -7.382816916710007219e-05
5.555832064325178180e+03 5.601403878755048136e-04 3.731560724387728923e-04 7.358181979037704736e-04 -7.423305319261341915e-05
5.604770815098672756e+03 5.592817770060273504e-04 3.763094868050732671e-04 7.325161722940232373e-04 -7.070198267149799222e-05
5.653709565872167332e+03 5.561590160061362755e-04 3.734788121131548864e-04 7.304201363997630831e-04 -7.005710889745551658e-05
5.702648316645661907e+03 5.571467155520782102e-04 3.724024477955471465e-04 7.316447183963280384e-04 -6.589402512034515165e-05
5.751587067419156483e+03 5.561301368396473098e-04 3.656127474331934309e-04 7.331378462348894787e-04 -6.462831228226927635e-05
5.800525818192650149e+03 5.578903110245249418e-04 3.619695708208370125e-04 7.369898680624609568e-04 -6.355685876054341561e-05
5.849464568966144725e+03 5.644146309557538516e-04 3.596944116474739498e-04 7.365597090389597269e-04 -6.287019659385903003e-05
5.898403319739639301e+03 5.676383199697907639e-04 3.555864658821163799e-04 7.395956769893623651e-04 -6.447601148143884383e-05
5.947342070513133876e+03 5.710267485180852733e-04 3.530126487970268868e-04 7.401185375063485707e-04 -6.274632381189365214e-05
5.996280821286628452e+03 5.690425626955654534e-04 3.533749675538489388e-04 7.437011908061077169e-04 -6.485935681942919795e-05
6.045219572060123028e+03 5.699069012501412632e-04 3.533821290054224595e-04 7.453733751058525415e-04 -6.098016061913560888e-05
6.094158322833617603e+03 5.629251036794782328e-04 3.507883410177779163e-04 7.459662099771778229e-04 -6.117917989953239614e-05
6.143097073607111270e+03 5.647694728706426125e-04 3.533174793391582829e-04 7.478398683748018957e-04 -5.900836058783241500e-05
6.192035824380605845e+03 5.566341849162661885e-04 3.512945639772125208e-04 7.452486303518536179e-04 -5.945549550741578487e-05
6.240974575154100421e+03 5.586042235741088590e-04 3.471429318883476208e-04 7.456620133546575666e-04 -5.614621545100929515e-05
6.289913325927595906e+03 5.529276335244980934e-04 3.460387332974405742e-04 7.415478011816927732e-04 -5.575831360528602393e-05
6.338852076701090482e+03 5.520316771377825052e-04 3.444748591897505373e-04 7.401811488824770052e-04 -5.444360182737225312e-05
6.387790827474584148e+03 5.427241475248470101e-04 3.450195173670837019e-04 7.359833199872452009e-04 -5.291198436883271823e-05
6.436729578248078724e+03 5.425942635119793567e-04 3.457635490206293770e-04 7.329672395703530890e-04 -5.159223767152151184e-05
6.485668329021573300e+03 5.355042477761677621e-04 3.491436807559650550e-04 7.275097835309296893e-04 -4.826317371417968699e-05
6.534607079795067875e+03 5.384830526765865908e-04 3.541413836752721456e-04 7.244695601843952277e-04 -4.464749881393951592e-05
6.583545830568562451e+03 5.357464295001756896e-04 3.555812597079109345e-04 7.241757749445524011e-04 -4.191878095181316696e-05
6.632484581342057027e+03 5.377973366443635503e-04 3.556222595643720487e-04 7.261714373092024782e-04 -3.884271448938929583e-05
6.681423332115551602e+03 5.324382165396616224e-04 3.522791822158480345e-04 7.313789601688680010e-04 -3.887194323650856046e-05
6.730362082889045269e+03 5.296718322749929602e-04 3.523101159291634516e-04 7.313276796608160577e-04 -3.833017930207895606e-05
6.779300833662539844e+03 5.262931953808428496e-04 3.496119138382774538e-04 7.356405230847706724e-04 -3.624772682630426180e-05
6.828239584436034420e+03 5.265336181027958700e-04 3.484524769848570654e-04 7.331186270030404673e-04 -3.703344891821903423e-05
6.877178335209528996e+03 5.275688020737468982e-04 3.446411242093875898e-04 7.379364875817409500e-04 -3.549603730888885490e-05
6.926117085983023571e+03 5.285864201613995391e-04 3.424360106516810337e-04 7.377111208244524921e-04 -3.568519373705282327e-05
6.975055836756518147e+03 5.303789897627150069e-04 3.433034071814117325e-04 7.439185487349195790e-04 -3.237891778039310019e-05
7.023994587530011813e+03 5.279249406641299590e-04 3.373925762850942954e-04 7.441604980364195090e-04 -3.305696770443802889e-05
7.072933338303506389e+03 5.276387357545865749e-04 3.355118335528398501e-04 7.503571138089928276e-04 -3.215866269734927974e-05
7.121872089077000965e+03 5.209552197873383150e-04 3.354997986653129828e-04 7.472976344854451516e-04 -3.469375430597156746e-05
7.170810839850495540e+03 5.205227735280961105e-04 3.315714234903736966e-04 7.537113710111518214e-04 -3.350587297713962428e-05
7.219749590623990116e+03 5.158386379222390300e-04 3.282739807437165644e-04 7.478974526146347623e-04 -3.076890729703987405e-05
7.268688341397484692e+03 5.153954864420269392e-04 3.296863183196371838e-04 7.525617986604306569e-04 -2.702152556606385206e-05
7.317627092170979267e+03 5.063566331838734039e-04 3.299557193364339460e-04 7.346875425059670511e-04 -2.488195972268495082e-05
7.366565842944472934e+03 4.984438045753663985e-04 3.350648290749363512e-04 7.282422602436067595e-04 -2.300734139138959603e-05
7.415504593717967509e+03 4.862363373318106760e-04 3.416314822266676237e-04 6.949786668935609493e-04 -1.985132552463670603e-05
7.464443344491462085e+03 4.747543372233575028e-04 3.426687759967280496e-04 6.786833951798161915e-04 -2.495073928317791516e-05
7.513382095264956661e+03 4.646829975423800866e-04 3.447812940904619486e-04 6.309051113512956612e-04 -2.274069680624572201e-05
7.562320846038451236e+03 4.626753963425535147e-04 3.507044819231658382e-04 5.998030010630592442e-04 -2.257274404998885073e-05
7.611259596811945812e+03 4.441849677694700588e-04 3.594083962053448711e-04 5.264713286518808103e-04 -1.621997977940162506e-05
7.660198347585439478e+03 4.350248981566651988e-04 3.779035089615756472e-04 4.686821850293051333e-04 -1.865709593912822834e-05
7.709137098358934054e+03 3.841261736076186117e-04 3.967491447427438380e-04 3.653789674944871646e-04 -1.977094704824646740e-05
7.758075849132428630e+03 3.429360111425678367e-04 4.493306335388814673e-04 2.820656206492202405e-04 -1.340335674735913030e-05
7.807014599905923205e+03 2.514296908880991259e-04 4.846176755402658827e-04 1.947756075134471864e-04 -2.686982393002262424e-05
