# Columns: yplus tau11+ tau22+ tau33+ tau12+ | Case=jet_M12_T05 | x*=20.00
4.179129942274950049e-01 3.196662697170628981e-02 9.050402843620726953e-06 1.500102166027116567e-02 -1.250455189216936262e-04
1.224321202817093113e+00 2.823530999836388888e-01 2.820145757545307222e-04 1.089961604686020685e-01 -2.544410092446611985e-03
2.034051918777223467e+00 7.712708177752423122e-01 1.620652946136520896e-03 2.522052697951736033e-01 -1.144335253371049459e-02
2.848005319940505764e+00 1.469715257564875532e+00 4.923458595466458608e-03 4.168094301562195181e-01 -3.041353768592895690e-02
3.667179304843438015e+00 2.319923235339528045e+00 1.091582029557164497e-02 5.873797180476532098e-01 -6.124449357586170956e-02
4.492656330345813132e+00 3.244658053396001218e+00 1.991764764282231287e-02 7.556325502239883418e-01 -1.031927308985642472e-01
5.325590283768189437e+00 4.166856503586761740e+00 3.214679895763308121e-02 9.179444888192773711e-01 -1.541451965601253471e-01
6.167194516051492492e+00 5.025758084321719998e+00 4.747699843303057610e-02 1.072592076301946307e+00 -2.109255665381608025e-01
7.018731742277450891e+00 5.782695331942982797e+00 6.589712993153994114e-02 1.219152593180832911e+00 -2.707565906296150460e-01
7.881506128790029209e+00 6.419047968019137684e+00 8.711829745024196603e-02 1.357335871375222380e+00 -3.309364041152049740e-01
8.756857578917331963e+00 6.931286233004118280e+00 1.110829168778065257e-01 1.487482901275512415e+00 -3.897181585231319079e-01
9.646158020952345424e+00 7.325933801809694224e+00 1.374748277485446646e-01 1.609809752859542753e+00 -4.455404070280465367e-01
1.055080938902634990e+01 7.615009732051772673e+00 1.662433179910714487e-01 1.724700705483571017e+00 -4.977129157974828355e-01
1.147224295184068943e+01 7.812875617453483912e+00 1.970644194060601762e-01 1.832246270076863137e+00 -5.456177115895474161e-01
1.241191966198905483e+01 7.934241302660410611e+00 2.299004039771000985e-01 1.932585014441329685e+00 -5.893426999729441951e-01
1.337133124650546989e+01 7.992600185941984847e+00 2.644102178987439156e-01 2.025673028191762981e+00 -6.288383459226444261e-01
1.435200181859370971e+01 7.999916995906064088e+00 3.005162468557044941e-01 2.111761956353055858e+00 -6.645111963428759205e-01
1.535548984854651877e+01 7.966500243679420556e+00 3.378733470747202761e-01 2.191172835680239572e+00 -6.965013871241441112e-01
1.638339038165875294e+01 7.900995294900632793e+00 3.763994071990805490e-01 2.264337406056463387e+00 -7.252407525590215398e-01
1.743733742987609503e+01 7.810627987775622394e+00 4.158141251846182995e-01 2.331548260918006488e+00 -7.508676326856020822e-01
1.851900649222667283e+01 7.701227510333735538e+00 4.560317640130507333e-01 2.393073785867707137e+00 -7.738322542525525316e-01
1.963011717843332349e+01 7.577446145189330018e+00 4.967959391500042510e-01 2.449073103725072809e+00 -7.943268173286346379e-01
2.077243592264127159e+01 7.442871669844343785e+00 5.380611588528403377e-01 2.499619575350516154e+00 -8.127809994681438610e-01
2.194777878194188503e+01 7.300612699996839261e+00 5.795853572317493096e-01 2.544723521274922629e+00 -8.293089489249869661e-01
2.315801431896497675e+01 7.153449585250391429e+00 6.213065779890319940e-01 2.584454683231714345e+00 -8.442072191380898261e-01
2.440506657044497629e+01 7.003744563025404268e+00 6.630274746506109596e-01 2.619079999251249014e+00 -8.574865258273166591e-01
2.569091810514679253e+01 6.853344773869995521e+00 7.046487750567640429e-01 2.649039795261119323e+00 -8.693645378384616818e-01
2.701761317537217977e+01 6.703788971319553980e+00 7.459643540735680922e-01 2.674970140841546495e+00 -8.798830003254187737e-01
2.838726096676017008e+01 6.556514154379636139e+00 7.869121168820829570e-01 2.697363533965029703e+00 -8.893200064107690261e-01
2.980203895141552550e+01 6.412556319267183724e+00 8.272797038023906868e-01 2.716749510098164677e+00 -8.977519453819078343e-01
3.126419634963864524e+01 6.272685778951254676e+00 8.670254186920041128e-01 2.733595988207469851e+00 -9.054106323438320114e-01
3.277605770573668309e+01 6.137596329807908369e+00 9.059501344806017986e-01 2.748310666899577814e+00 -9.123214867563211872e-01
3.434002658359105453e+01 6.007891759412188115e+00 9.440527412459038814e-01 2.761152684861003070e+00 -9.186174888680288531e-01
3.595858938785268322e+01 5.883990722448228183e+00 9.811585989639646233e-01 2.772377320472559248e+00 -9.243135545300008582e-01
3.763431931683881970e+01 5.765896747120812016e+00 1.017380717630669507e+00 2.782019749307887313e+00 -9.295703484232991087e-01
3.936988045341490761e+01 5.653251573235865912e+00 1.052580559314719277e+00 2.789993651503057226e+00 -9.343344548665464266e-01
4.116803200036530086e+01 5.545588668584051639e+00 1.086866546839419634e+00 2.796103930657316106e+00 -9.387873760853836513e-01
4.303163266698613398e+01 5.442663823199309192e+00 1.120046689596072564e+00 2.800149724895359071e+00 -9.428457000702966662e-01
4.496364521387389601e+01 5.345008853416656436e+00 1.152254730509604030e+00 2.801816324603449093e+00 -9.465649875179844575e-01
4.696714116313550846e+01 5.253744932041585436e+00 1.183291005413117380e+00 2.801361529178156839e+00 -9.497552254194780996e-01
4.904530568150764225e+01 5.169616331104783136e+00 1.213355641096260040e+00 2.799414329629048126e+00 -9.524751853053761153e-01
5.120144264414899027e+01 5.092504600482491206e+00 1.242339574432348215e+00 2.795999521854047654e+00 -9.545674306583256108e-01
5.343897988715554703e+01 5.021800288973827797e+00 1.270535197422122398e+00 2.791202096148639455e+00 -9.561551281444775618e-01
5.576147465714980456e+01 4.957110299041506352e+00 1.297657712000086505e+00 2.785185963402454945e+00 -9.576014904822726104e-01
5.817261926660692950e+01 4.897159978904571886e+00 1.324057002282519546e+00 2.778271772359546254e+00 -9.592707548872585477e-01
6.067624696390976169e+01 4.839596550479486226e+00 1.349500227172808930e+00 2.770767536914070739e+00 -9.614543911275172938e-01
6.327633802746378677e+01 4.782737290202406122e+00 1.374577439499598652e+00 2.763068719555505925e+00 -9.640728594957641562e-01
6.597702609356160508e+01 4.726484499193748690e+00 1.399110761374685374e+00 2.755353238022030915e+00 -9.667591027260382663e-01
6.878260472805632730e+01 4.671449006382428770e+00 1.423543313854228831e+00 2.747524624109192182e+00 -9.693985210319421286e-01
7.169753425229113475e+01 4.617908342368217234e+00 1.447388916141024495e+00 2.739262204983719862e+00 -9.720781030210386975e-01
7.472644883413840944e+01 4.566613957860548467e+00 1.470808588649509696e+00 2.729911333865661316e+00 -9.746119522892717768e-01
7.787416385542003638e+01 4.520901544613607825e+00 1.493508714962234363e+00 2.718230843822935228e+00 -9.769399716390746446e-01
8.114568356742292110e+01 4.480778264533197053e+00 1.515861114216888961e+00 2.704866751259842772e+00 -9.788903042148446865e-01
8.454620904667969228e+01 4.442986469483683365e+00 1.537827616169417322e+00 2.691694062661085685e+00 -9.799969362268581285e-01
8.808114646366354350e+01 4.405499990057616166e+00 1.559637252200645863e+00 2.679922321624580217e+00 -9.803166047601282740e-01
9.175611567754152986e+01 4.367723444482990658e+00 1.580913351241661990e+00 2.669545196193370717e+00 -9.802641802376785840e-01
9.557695917065196056e+01 4.331522784283823313e+00 1.601432072540647011e+00 2.659170108903523122e+00 -9.796593220421832005e-01
9.954975133690855671e+01 4.300333143161077842e+00 1.621444816770786668e+00 2.648460339976420830e+00 -9.788621380570674546e-01
1.036808081388989109e+02 4.274220785193246996e+00 1.640815308036308151e+00 2.638875807657448558e+00 -9.779506087867517738e-01
1.079766971490294907e+02 4.253492667022043427e+00 1.660021381314637834e+00 2.631146540005930401e+00 -9.775096144433537138e-01
1.124442479906817454e+02 4.238431263162948603e+00 1.678303873496814314e+00 2.624675626625017522e+00 -9.766386327767571096e-01
1.170905631959773103e+02 4.227630896262606797e+00 1.696198499709425933e+00 2.617428952740048942e+00 -9.750843605885968213e-01
1.219230294974152429e+02 4.216229447633637051e+00 1.713631175321665756e+00 2.608029057176887378e+00 -9.722321328616496672e-01
1.269493295713319441e+02 4.205148371072928271e+00 1.731973913263045173e+00 2.597312916273503802e+00 -9.685294382800064827e-01
1.321774542518540443e+02 4.197665827333223021e+00 1.750154052188815257e+00 2.588765972908170454e+00 -9.646515364503226442e-01
1.376157152347620922e+02 4.196282750713328014e+00 1.768729208857694468e+00 2.585165069719036257e+00 -9.628953957537903507e-01
1.432727582914611162e+02 4.200859470123936568e+00 1.786591570913696803e+00 2.586920928803918773e+00 -9.631638483797820838e-01
1.491575770140662769e+02 4.211851120323287567e+00 1.803938874841633400e+00 2.590807300789188528e+00 -9.631646850916306679e-01
1.552795271134557140e+02 4.225123892084854837e+00 1.820562881040618253e+00 2.590622629245267650e+00 -9.627507576665667033e-01
1.616483412930208488e+02 4.242769964363898971e+00 1.836963415255999710e+00 2.584344739299883287e+00 -9.623218775866461128e-01
1.682741447217615587e+02 4.262914141669737589e+00 1.853614078924225250e+00 2.581276396803043216e+00 -9.630968477151983231e-01
1.751674711313248167e+02 4.288761228395608249e+00 1.870199287583119485e+00 2.582844551763501695e+00 -9.669671521053505581e-01
1.823392795625775307e+02 4.320490027126700383e+00 1.886831225683989421e+00 2.582667827729312471e+00 -9.738287961948830507e-01
1.898009717883386713e+02 4.351063753496489106e+00 1.903588521747838325e+00 2.580626247124156336e+00 -9.792657391891479435e-01
1.975644104399679009e+02 4.374795570700126035e+00 1.919928453864590212e+00 2.582578248775291740e+00 -9.817056114843256687e-01
2.056419378666298883e+02 4.395914430179148624e+00 1.935071438351482875e+00 2.588319372450242017e+00 -9.823185797010554055e-01
2.140463957572152935e+02 4.415755581027323018e+00 1.950099312650835470e+00 2.587440067372352104e+00 -9.837876341983340378e-01
2.227911455561147136e+02 4.432695340443955523e+00 1.965253064971982599e+00 2.577330964946079384e+00 -9.857991305637827661e-01
2.318900897053027563e+02 4.453392338056861632e+00 1.980548838202704776e+00 2.572271987089616463e+00 -9.864637514459769774e-01
2.413576937465015249e+02 4.473001697889152695e+00 1.998299033492236143e+00 2.571025911633716632e+00 -9.821865267132762201e-01
2.512090093185644264e+02 4.508465221271783285e+00 2.018727488740469145e+00 2.561542186011626310e+00 -9.758927876813729974e-01
2.614596980866417084e+02 4.545625312831325537e+00 2.041269947665004914e+00 2.546873720105554462e+00 -9.706519419822091654e-01
2.721260566411748414e+02 4.579139060723840693e+00 2.059166161148064056e+00 2.547311333228309493e+00 -9.655965929806969994e-01
2.832250424063160494e+02 4.620840955660832527e+00 2.074267415805744807e+00 2.546489492879165706e+00 -9.661667114717980009e-01
2.947743005989933067e+02 4.652458720165710382e+00 2.084976277528661992e+00 2.529936668112889198e+00 -9.600046825388822702e-01
3.067921922815579592e+02 4.694644365217058635e+00 2.090228800834625922e+00 2.505414921071879686e+00 -9.578515539115242117e-01
3.192978235527980928e+02 4.729159803965747422e+00 2.090358251020233649e+00 2.487231022692933724e+00 -9.478949059487264961e-01
3.323110759241557162e+02 4.766119012694258750e+00 2.082463114426367667e+00 2.465881803732508093e+00 -9.452384931509211219e-01
3.458526379303727367e+02 4.810584364120372491e+00 2.072118078152137777e+00 2.446502598495695402e+00 -9.412278127659079452e-01
3.599440380267465684e+02 4.872002503261175121e+00 2.060874862311322442e+00 2.425793055663354014e+00 -9.336020934878876965e-01
3.746076788290029072e+02 4.929697646801274757e+00 2.048748268837483621e+00 2.398744342861188539e+00 -9.347721540847955257e-01
3.898668727567863357e+02 4.975034831389853807e+00 2.035196576718213191e+00 2.377759421132370043e+00 -9.320456960238657773e-01
4.057458791477715181e+02 5.016252941899864481e+00 2.013361626784612834e+00 2.348720761870799478e+00 -9.268487530852903555e-01
4.222699429146735497e+02 5.072449249958877360e+00 1.989162421393032343e+00 2.314086258195815926e+00 -9.197171376985981972e-01
4.394653348161423878e+02 5.125186535594047577e+00 1.962446535633218803e+00 2.280730457631192643e+00 -9.216175313442991346e-01
4.573593933896525527e+02 5.196423382334189434e+00 1.937683858824548411e+00 2.250283606451892293e+00 -9.162624917891289966e-01
4.759805685168430500e+02 5.290305737493731897e+00 1.907950122288877060e+00 2.221081536346336094e+00 -9.175438553552602849e-01
4.953584663936877632e+02 5.344158993701238813e+00 1.875949442129372979e+00 2.164193609162431642e+00 -9.246262903154088830e-01
5.155238952410232969e+02 5.406546739598597995e+00 1.840358973496858841e+00 2.119923432514516648e+00 -9.326244313865763580e-01
5.365089102206734424e+02 5.434605150625877457e+00 1.807546190375254547e+00 2.053808994996209059e+00 -9.296881502601177516e-01
5.583468544269445601e+02 5.467344383960416998e+00 1.760610595973266523e+00 2.022260798742971932e+00 -9.333991459690779147e-01
5.810723901106747462e+02 5.469782477935172693e+00 1.724326880391215289e+00 1.961467734702011301e+00 -9.392266223392335966e-01
6.047215100062219335e+02 5.437302180175423771e+00 1.688762157170179634e+00 1.895797619666586664e+00 -9.311940189702286874e-01
6.293315123485367621e+02 5.382150952513507391e+00 1.640523895244637487e+00 1.848428673263273314e+00 -9.238399402183959941e-01
6.549409146860174360e+02 5.336945513266156738e+00 1.588719256117084422e+00 1.760550835912532364e+00 -9.153299792610376517e-01
6.815892712064570560e+02 5.251041003990216893e+00 1.523123110387198054e+00 1.673834747326682804e+00 -9.077585124629286017e-01
7.093168471032309981e+02 5.129556974864750707e+00 1.440223876486881105e+00 1.576449117507479736e+00 -8.979793556245531105e-01
7.381640937110472578e+02 4.922071445980334303e+00 1.368395059515463030e+00 1.457036082450249959e+00 -8.718667557634983689e-01
7.681708631003216396e+02 4.660121459872868854e+00 1.291687179940902652e+00 1.342480248792225384e+00 -8.389483518201310552e-01
7.993753047900737556e+02 4.377857063282813321e+00 1.227827930291456315e+00 1.233943217094699785e+00 -8.044279043556799014e-01
8.318124045832659021e+02 3.989258595047389111e+00 1.161246977180541373e+00 1.165212386458265081e+00 -7.655082658325365053e-01
8.655121594354448007e+02 3.487831515061474263e+00 1.089246636167872317e+00 1.050375756849167397e+00 -7.037434988595123730e-01
9.004974331725278489e+02 2.954449311654319121e+00 9.943598333220678986e-01 9.049620076364107701e-01 -6.421930552353994903e-01
9.367816020062148255e+02 2.411180620909083583e+00 9.021092443350166024e-01 7.977523613936099434e-01 -5.610708036322934467e-01
9.743661674508501847e+02 1.945518351726302164e+00 8.121125048033593918e-01 6.893959872006163447e-01 -4.830466886208454880e-01
1.013238574346794394e+03 1.551441292287818907e+00 7.375837300551522091e-01 5.693969942895029668e-01 -4.183758692488504516e-01
1.053370507947394572e+03 1.202107260186788595e+00 6.549065191879752668e-01 4.518456586717690682e-01 -3.499140485263760869e-01
1.094716942460414202e+03 8.728303903387368834e-01 5.722500517616462279e-01 3.523320381545049229e-01 -2.866680692594992252e-01
1.137216165558141711e+03 6.118569809447674812e-01 4.730121677661162649e-01 2.771221367104603761e-01 -2.259093427393479570e-01
1.180790909695743494e+03 4.193338477339685344e-01 3.817591062563696624e-01 2.096264847863731628e-01 -1.625343796841199340e-01
1.225350592724754733e+03 2.711182295876798931e-01 3.088360709430794659e-01 1.577771312426031469e-01 -1.136418604219669032e-01
1.270794527778172778e+03 1.731064689873836326e-01 2.327510193033375252e-01 1.124864869500348391e-01 -7.130755304899451252e-02
1.317015831589255640e+03 1.134839335516792669e-01 1.743350743697724692e-01 7.310930552291144968e-02 -3.686543846181949968e-02
1.363905666479049160e+03 8.159729857661197905e-02 1.278000347637600898e-01 4.668314647823621627e-02 -1.880713126056699977e-02
1.411357412492841831e+03 5.361172988865945538e-02 8.799550307469450328e-02 3.090803793193496254e-02 -9.020341738840942716e-03
1.459270389354046301e+03 3.887911727926510186e-02 5.991279129130364783e-02 1.873899146566815332e-02 -4.018309536491571944e-03
1.507552826736266297e+03 2.824464406649700166e-02 3.988980661588392707e-02 1.161833584742377398e-02 -1.490510366559773215e-03
1.556123898397764606e+03 2.065103665222198931e-02 2.750851581501586457e-02 8.081431522435756146e-03 -6.896481454303558627e-04
1.604914767153012917e+03 1.528970200695447222e-02 2.018773652754916187e-02 5.788938704901687785e-03 -3.416410157092388726e-04
1.653868709274200228e+03 1.164003408250012875e-02 1.514533408824673966e-02 4.365546929527596917e-03 -2.357271873247974124e-04
1.702940479627662398e+03 8.982467644737269705e-03 1.162329835248239983e-02 3.342487867292345902e-03 -1.282246098314902079e-04
1.752095132159049172e+03 7.101340219688913151e-03 9.007070814329326894e-03 2.637190624006684192e-03 -1.034660753070991272e-04
1.801306523180252043e+03 5.649256876066034022e-03 7.122817417568914379e-03 2.106383716950003572e-03 -4.713816119753467193e-05
1.850555704047520976e+03 4.611919378121094246e-03 5.675269270547933162e-03 1.728347570175816153e-03 -3.850954573943121212e-05
1.899829366717214270e+03 3.768689093043439686e-03 4.601639842764002931e-03 1.434912903768167936e-03 -6.790193128798787931e-06
1.949118452961202593e+03 3.159448048658925010e-03 3.755191286212413750e-03 1.220208768917139999e-03 -3.065765371339096723e-06
1.998416986621143224e+03 2.641147892736587285e-03 3.108129744080027901e-03 1.050800950079970163e-03 1.878909502234435888e-05
2.047721145629193870e+03 2.264622137925337373e-03 2.592554153934065967e-03 9.250055035294193432e-04 2.423083705054974353e-05
2.097028560182861838e+03 1.935011987888748388e-03 2.191659859916778291e-03 8.221638731508043672e-04 3.571926673760868665e-05
2.146337805669024419e+03 1.694436440078618631e-03 1.862254941644133580e-03 7.457750101904966206e-04 3.818981238669140216e-05
2.195648051700256474e+03 1.474398295277749328e-03 1.602627798136955746e-03 6.813152701386682077e-04 4.536692598561080630e-05
2.244958828937427825e+03 1.314137510259478061e-03 1.389333628012477933e-03 6.341001760050082739e-04 4.874740810767704620e-05
2.294269880143359387e+03 1.164610185760855650e-03 1.211807551446001351e-03 5.935877614523307885e-04 5.486855341965151301e-05
2.343581068596646219e+03 1.055825351900660340e-03 1.063435047961626802e-03 5.657033885544636431e-04 5.678162275458499867e-05
2.392892323826960819e+03 9.490995472832164815e-04 9.415720629827219060e-04 5.398092123396604301e-04 5.843312945574537318e-05
2.442203610609321913e+03 8.711577661949913582e-04 8.398017119541055248e-04 5.242449956573988577e-04 5.886292412117925154e-05
2.491514911868193849e+03 7.943399512528984173e-04 7.562109664337108347e-04 5.078148359546483725e-04 6.087200193115612472e-05
2.540826219576108087e+03 7.380357241786640338e-04 6.846079104695875807e-04 4.991223161080441013e-04 6.245005473549976988e-05
2.590137530073237031e+03 6.807254522877058487e-04 6.212785880157662430e-04 4.872486081518319205e-04 6.257867472435117522e-05
2.639448841741435899e+03 6.389593083572544770e-04 5.666916135096409027e-04 4.818896169219840319e-04 6.327175709247529834e-05
2.688760153886898479e+03 5.949136838320661421e-04 5.221336446040881346e-04 4.722171052178260244e-04 6.448772215280964572e-05
2.738071466221144874e+03 5.628089734994617434e-04 4.836575642222349812e-04 4.674278663945524779e-04 6.599303645169205055e-05
2.787382778627862990e+03 5.289032046196559100e-04 4.520126432004531393e-04 4.596468724476289762e-04 6.852141128455949994e-05
2.836694091061577637e+03 5.030662778179501070e-04 4.230734745874678961e-04 4.576706062723406810e-04 6.983038246094218956e-05
2.886005403505049799e+03 4.781923157391478854e-04 3.973636403666711177e-04 4.534761916771453674e-04 7.070331897740329190e-05
2.935316715951943934e+03 4.588397330854531841e-04 3.728467233887787567e-04 4.530614391268009936e-04 7.145493974539431894e-05
2.984628028400002677e+03 4.390443370567805774e-04 3.512435740725865035e-04 4.506564743650891096e-04 7.221938224011959602e-05
3.033939340848445681e+03 4.241964322507748891e-04 3.310862862141981965e-04 4.507092030170870662e-04 6.958025878308269870e-05
3.083250653297010558e+03 4.092526263638236869e-04 3.128665329191431910e-04 4.496981004938696309e-04 7.023617190394002658e-05
3.132561965745614543e+03 3.972618536970054927e-04 2.968586609777772276e-04 4.496451693103726698e-04 6.958418033970455803e-05
3.181873278194229442e+03 3.856473807566948662e-04 2.839089844603016151e-04 4.496014798161598338e-04 7.007844138794925041e-05
3.231184590642848889e+03 3.740708799150713085e-04 2.708665523800329140e-04 4.489065607124695660e-04 6.890944997360118622e-05
3.280495903091468335e+03 3.646712550741751119e-04 2.620884889608532538e-04 4.480536770122949810e-04 6.986299933509204359e-05
3.329807215540087782e+03 3.539699237447805767e-04 2.522495849748543806e-04 4.463901954481693814e-04 6.855761278277825626e-05
3.379118527988707228e+03 3.445108539317600672e-04 2.452311529989310672e-04 4.462672721162021044e-04 7.000285337227232709e-05
3.428429840437326675e+03 3.348486151399983498e-04 2.393544413257305979e-04 4.438643976689061370e-04 6.966052759033951986e-05
3.477741152885946121e+03 3.269318937525751267e-04 2.336115719475628479e-04 4.437795035036406848e-04 7.008239797333150605e-05
3.527052465334565568e+03 3.205490314842359507e-04 2.257207794102294453e-04 4.440952568435808370e-04 6.942025198979289260e-05
3.576363777783185014e+03 3.146907949237225067e-04 2.197951478882884807e-04 4.456264667501064658e-04 6.967083539939785373e-05
3.625675090231804461e+03 3.094662489331988101e-04 2.129861995721166960e-04 4.488941414890629538e-04 6.904829482651347026e-05
3.674986402680423907e+03 3.035120822177587822e-04 2.064827381330557553e-04 4.496786096598165677e-04 6.863682103849748210e-05
3.724297715129043354e+03 2.990761889701751817e-04 2.000448561596315507e-04 4.528506453220296755e-04 6.799051381899121125e-05
3.773609027577662800e+03 2.934134652400911532e-04 1.943673885644730279e-04 4.518182999577589789e-04 6.710685137727146182e-05
3.822920340026282247e+03 2.887703007712306633e-04 1.896836622185339488e-04 4.541678700164247925e-04 6.675079690390825558e-05
3.872231652474901693e+03 2.853120813875339957e-04 1.853556167578380553e-04 4.523515505862187405e-04 6.632436843027474343e-05
3.921542964923521140e+03 2.825041113526505069e-04 1.805293682761943089e-04 4.550983403092805101e-04 6.655074002942396190e-05
3.970854277372141496e+03 2.807163385790198288e-04 1.768294914559575377e-04 4.534901423138655227e-04 6.574706307507393775e-05
4.020165589820760943e+03 2.789930813389714776e-04 1.723983009179660942e-04 4.560445144895242391e-04 6.502355504454582409e-05
4.069476902269380389e+03 2.782538614656541900e-04 1.700949727015790066e-04 4.553893703537076083e-04 6.486325647573239477e-05
4.118788214717999836e+03 2.778514416894747830e-04 1.670521867438977696e-04 4.590437307143703754e-04 6.548003204936778804e-05
4.168099527166618827e+03 2.774756488711538653e-04 1.643955466827555023e-04 4.587046021671918063e-04 6.572420293048676892e-05
4.217410839615238729e+03 2.759047135462813533e-04 1.620246958389394529e-04 4.613410233471955282e-04 6.640482198885542327e-05
4.266722152063857720e+03 2.736232952040062246e-04 1.610425060939038664e-04 4.605106595374810737e-04 6.576392993700916605e-05
4.316033464512477622e+03 2.688961234277068252e-04 1.594433922547915528e-04 4.609208786033411483e-04 6.508271108502632215e-05
4.365344776961096613e+03 2.640272299765155446e-04 1.587766046466551585e-04 4.604256086414608364e-04 6.319066666552184189e-05
4.414656089409716515e+03 2.585177258300159825e-04 1.577682123284779314e-04 4.603012804557170636e-04 6.136160904472586386e-05
4.463967401858335506e+03 2.554213783022646019e-04 1.563539219209388400e-04 4.599733946844349508e-04 6.008567297602036090e-05
4.513278714306955408e+03 2.530650205534782618e-04 1.547491315685016770e-04 4.579682306287158897e-04 5.958819343681516262e-05
4.562590026755575309e+03 2.536785609312137697e-04 1.545093397099968346e-04 4.576025001030575856e-04 6.066233734571055273e-05
4.611901339204194301e+03 2.532523399957753831e-04 1.535686766542607303e-04 4.555994106214288943e-04 6.271761910178175171e-05
4.661212651652814202e+03 2.535160335308742747e-04 1.522147115550364260e-04 4.563398443861048696e-04 6.328013129251802628e-05
4.710523964101433194e+03 2.526849978038401851e-04 1.507088679958786990e-04 4.563138246821522859e-04 6.455521512668971763e-05
4.759835276550053095e+03 2.523929001730458501e-04 1.477462115613122019e-04 4.581329279414110317e-04 6.450114733745991168e-05
4.809146588998672087e+03 2.507991118114068761e-04 1.441239908278770638e-04 4.594492820482394308e-04 6.442295986577800746e-05
4.858457901447291988e+03 2.522764567340116224e-04 1.411423768170010486e-04 4.633401371746230252e-04 6.416148767870667377e-05
4.907769213895910980e+03 2.535658425867388000e-04 1.389002319228312154e-04 4.654334888628108152e-04 6.565180045508524299e-05
4.957080526344530881e+03 2.564388591067596362e-04 1.377377748210689039e-04 4.693305266747219628e-04 6.593523254985599752e-05
5.006391838793149873e+03 2.567299719951616870e-04 1.370836331689065217e-04 4.717636172620907680e-04 6.714468299824344463e-05
5.055703151241769774e+03 2.564587170796126382e-04 1.343278174430527310e-04 4.757814954343417627e-04 6.682906640364517611e-05
5.105014463690388766e+03 2.534949632543941045e-04 1.322362457175750160e-04 4.778275446916590771e-04 6.653048767394957803e-05
5.154325776139008667e+03 2.504163680182762224e-04 1.296832207482277331e-04 4.807887180236549156e-04 6.563264548547331062e-05
5.203637088587627659e+03 2.479745635410663860e-04 1.300044212843869844e-04 4.815246309086029146e-04 6.588011791207474329e-05
5.252948401036247560e+03 2.464460243686558477e-04 1.301434395647957127e-04 4.843990008512791116e-04 6.545967708188294928e-05
5.302259713484866552e+03 2.464915113146275150e-04 1.304712191376614181e-04 4.862393762394506369e-04 6.681847701755499612e-05
5.351571025933486453e+03 2.476424168344487512e-04 1.286820090740842292e-04 4.891022483403691503e-04 6.690257882352341763e-05
5.400882338382105445e+03 2.481278624307768632e-04 1.284125060277955968e-04 4.901825996809534717e-04 6.717332044205425465e-05
5.450193650830725346e+03 2.496827840584836511e-04 1.286029139834259842e-04 4.920440636299391749e-04 6.798843523597738569e-05
5.499504963279344338e+03 2.513315895655126035e-04 1.316591252939917694e-04 4.923363317403239153e-04 7.113703224345404804e-05
5.548816275727964239e+03 2.525375143761320724e-04 1.307606696592343164e-04 4.938010955345145279e-04 7.118485396637867812e-05
5.598127588176583231e+03 2.531343860413655064e-04 1.303763794974302796e-04 4.940417774213760492e-04 7.158869297607163302e-05
5.647438900625203132e+03 2.518015285208207062e-04 1.296275778119583522e-04 4.944899927532835256e-04 7.136127255317356263e-05
5.696750213073822124e+03 2.497742295703465898e-04 1.283145826705204260e-04 4.930414220422754202e-04 7.075367002194269121e-05
5.746061525522442025e+03 2.482444246070614831e-04 1.275651726255373482e-04 4.926773182207702228e-04 7.041246284790179965e-05
5.795372837971061017e+03 2.478584824540896970e-04 1.270124953498772422e-04 4.907452023324102713e-04 6.987902209735911193e-05
5.844684150419680918e+03 2.483374105220565657e-04 1.263282558888423291e-04 4.899713630982225655e-04 6.955805056865149380e-05
5.893995462868299910e+03 2.502028114905874962e-04 1.250353846799094929e-04 4.883232407333545086e-04 7.090140887027199452e-05
5.943306775316919811e+03 2.509254877508984138e-04 1.250065694833403561e-04 4.879686524730606346e-04 7.117705067062920479e-05
5.992618087765539713e+03 2.512069477077335990e-04 1.246975299282438940e-04 4.872361002770232794e-04 7.166359519107525324e-05
6.041929400214158704e+03 2.504933976442714756e-04 1.251829091104402706e-04 4.867056111739486183e-04 7.213148452291334549e-05
6.091240712662778606e+03 2.511954041536307108e-04 1.258424661380717511e-04 4.860581820174293276e-04 7.274327845798634229e-05
6.140552025111397597e+03 2.516646932721742277e-04 1.255642918832705840e-04 4.863071825678225179e-04 7.344726981763427596e-05
6.189863337560017499e+03 2.522118283815465872e-04 1.259607934300298142e-04 4.864558223770339336e-04 7.400369084377852156e-05
6.239174650008636490e+03 2.505096235888960659e-04 1.254730083665534044e-04 4.884148010301912366e-04 7.428785723313627071e-05
6.288485962457256392e+03 2.482864584074659722e-04 1.257551200619997755e-04 4.897545496886292638e-04 7.427956589601986148e-05
6.337797274905876293e+03 2.454451546465581517e-04 1.232694532505770055e-04 4.925336563821661445e-04 7.292091167009624015e-05
6.387108587354495285e+03 2.434398482021985530e-04 1.218025074628333076e-04 4.948022286691473350e-04 7.231752348129470817e-05
6.436419899803115186e+03 2.440575238173693065e-04 1.217557287183500421e-04 4.968195207919270679e-04 7.266604895444086847e-05
6.485731212251734178e+03 2.461365652064499915e-04 1.231390937037502454e-04 4.985115352324894986e-04 7.367223125212792934e-05
6.535042524700354079e+03 2.484926140904261931e-04 1.238356429085358526e-04 5.025236732266000639e-04 7.504695918278347867e-05
6.584353837148973980e+03 2.507977511786912213e-04 1.234323063061687768e-04 5.050988552039186895e-04 7.590777612960978953e-05
6.633665149597592972e+03 2.515573756600908884e-04 1.233508486806375831e-04 5.110405745157113036e-04 7.714192054930907457e-05
6.682976462046212873e+03 2.528071495824228579e-04 1.235640314165219428e-04 5.135063960504294847e-04 7.702997002922770263e-05
6.732287774494831865e+03 2.536437047051192479e-04 1.245543663662418963e-04 5.201871153891723639e-04 7.797810134999162257e-05
6.781599086943451766e+03 2.530093458034661058e-04 1.246868524953507248e-04 5.213281212895739180e-04 7.720037057274690593e-05
6.830910399392070758e+03 2.531885806816155872e-04 1.226541845185986782e-04 5.298486865809863729e-04 7.632979326817893517e-05
6.880221711840690659e+03 2.532166304150497622e-04 1.223279182060924139e-04 5.306163188552570067e-04 7.537861176032267948e-05
6.929533024289309651e+03 2.543365741426292987e-04 1.198941136799258931e-04 5.390068102744865813e-04 7.446412972092292476e-05
6.978844336737929552e+03 2.565736186359227739e-04 1.199157400779572708e-04 5.386768596632209027e-04 7.492324278806727997e-05
7.028155649186548544e+03 2.605688536820973192e-04 1.210038948729654087e-04 5.459800294425815655e-04 7.807025929402624891e-05
7.077466961635168445e+03 2.633916209676619743e-04 1.221140145774537902e-04 5.430032272126465026e-04 7.975659172723872762e-05
7.126778274083787437e+03 2.647624514746488278e-04 1.214122720619276559e-04 5.502861273122633618e-04 8.156547861257166273e-05
7.176089586532407338e+03 2.634030970523740028e-04 1.205474333913458378e-04 5.446949879879570437e-04 8.105989969624970886e-05
7.225400898981026330e+03 2.651205965345041220e-04 1.210013416209343564e-04 5.517416306186036842e-04 8.242452515254826049e-05
7.274712211429646231e+03 2.636122807201675259e-04 1.203849456139576658e-04 5.399216455298927334e-04 8.104723355236104296e-05
7.324023523878265223e+03 2.634021743788621901e-04 1.215348280735426435e-04 5.416244192032280014e-04 8.177295216341781572e-05
7.373334836326885124e+03 2.600185671899269595e-04 1.259354841159251700e-04 5.204452276148113527e-04 8.270479493779249870e-05
7.422646148775504116e+03 2.544577412527993009e-04 1.285797163642884489e-04 5.102562025973586502e-04 8.311075891397159173e-05
7.471957461224124017e+03 2.460628580780567054e-04 1.338142096244773391e-04 4.766727445452139810e-04 8.355425327141252981e-05
7.521268773672743009e+03 2.430531312609257859e-04 1.359996025427897886e-04 4.569985089775446450e-04 8.499648650684399050e-05
7.570580086121362910e+03 2.384982996124583436e-04 1.405351071802520143e-04 4.141331187895729189e-04 8.518072704409464094e-05
7.619891398569981902e+03 2.409539105316303405e-04 1.401645046768474267e-04 3.874561503845826062e-04 8.524379580612600430e-05
7.669202711018601804e+03 2.309353588586690825e-04 1.421031871808725046e-04 3.334081940221617166e-04 8.244579883014596699e-05
7.718514023467220795e+03 2.313495387272265899e-04 1.470081117687547189e-04 2.941448082333808110e-04 8.486945540087823881e-05
7.767825335915840697e+03 1.999183969256315154e-04 1.530657928389611761e-04 2.224694629952178896e-04 8.008581156179083631e-05
7.817136648364459688e+03 1.670337803096734821e-04 1.785229179877690752e-04 1.675277793904758747e-04 8.489110047771773694e-05
7.866447960813079590e+03 1.119911619695403517e-04 1.982573876142463599e-04 1.109901093245359619e-04 8.556756342686884292e-05
