# Columns: yplus tau11+ tau22+ tau33+ tau12+ | Case=jet_M16_T75 | x*=5.00
3.725408393692373199e-01 7.768793460229249381e-02 5.088706186873257886e-05 7.227954681208512144e-02 -3.599872087987091517e-04
1.091398580219179015e+00 6.157631003326378138e-01 1.567028937663596765e-03 5.226539704435202438e-01 -5.708201705482730814e-03
1.813218109053044813e+00 1.546169655695504019e+00 8.287250401282426904e-03 1.204430540764680924e+00 -2.262262024769693888e-02
2.538801872815480198e+00 2.748132931420669500e+00 2.319474587104493682e-02 1.987036690161906316e+00 -5.397715054269050516e-02
3.269039429772265581e+00 4.114960963798335314e+00 4.773564121410096145e-02 2.803180038625716186e+00 -9.906593238355412834e-02
4.004895716148641149e+00 5.560348734675356397e+00 8.149367632088420910e-02 3.618922088706172602e+00 -1.552735689180530509e-01
4.747399343538110550e+00 7.019335368791113972e+00 1.240515458637183460e-01 4.418216923154874465e+00 -2.201271361144161998e-01
5.497631931283037510e+00 8.444838548198410066e+00 1.739610558398308471e-01 5.191513931058085340e+00 -2.908011258104203356e-01
6.256719103479654542e+00 9.805553731742536527e+00 2.306986412394357033e-01 5.933997429003143864e+00 -3.650526300474514763e-01
7.025823435188248034e+00 1.108165055599046767e+01 2.927754138894608782e-01 6.642643582534415891e+00 -4.408033180095283221e-01
7.806139358545219231e+00 1.226143984477327464e+01 3.598394563740213159e-01 7.316964815256321586e+00 -5.164796522817073354e-01
8.598889853751909840e+00 1.333892636885001082e+01 4.306655575641700207e-01 7.957051969713714534e+00 -5.907718210960183347e-01
9.405324649161402206e+00 1.431184093534458057e+01 5.051549699834833040e-01 8.563711231920622780e+00 -6.626313621970205681e-01
1.022671962288882419e+01 1.518179077878845185e+01 5.821711932639839215e-01 9.137694154873035046e+00 -7.310754799043737151e-01
1.106437711420825565e+01 1.595325256441258155e+01 6.618382273135446914e-01 9.679922787130612605e+00 -7.955037609951651767e-01
1.191962689570165068e+01 1.663173502806007775e+01 7.431017466759585188e-01 1.019125974662454581e+01 -8.554212436329710068e-01
1.279382761000532298e+01 1.722222735114115721e+01 8.261528109029735445e-01 1.067268219155803699e+01 -9.104978973730679659e-01
1.368836852674958315e+01 1.772903240880801334e+01 9.101035672486036399e-01 1.112568597403774540e+01 -9.605946815376764647e-01
1.460467151967653621e+01 1.815490357208206618e+01 9.952235662382079573e-01 1.155231920904758702e+01 -1.006080905037169071e+00
1.554419319863127491e+01 1.850340324067007813e+01 1.080504068797746298e+00 1.195418698144240288e+01 -1.046939472655539882e+00
1.650842715635421243e+01 1.877997826809966497e+01 1.166301410278708595e+00 1.233295788691970962e+01 -1.083493888080725887e+00
1.749890630725188956e+01 1.899089893265234252e+01 1.251952631027966278e+00 1.269050720059195392e+01 -1.116265392321275973e+00
1.851720530649952323e+01 1.914229707132744451e+01 1.337578578446188216e+00 1.302921158916849187e+01 -1.145533107812181317e+00
1.956494304473346801e+01 1.924171406774075876e+01 1.422746516193406752e+00 1.335161516757672828e+01 -1.172058660094508875e+00
2.064378521768497521e+01 1.929505115415174643e+01 1.507672605927301568e+00 1.365851222602474735e+01 -1.195821545559310417e+00
2.175544697245386061e+01 1.930844139843863161e+01 1.592037500537250905e+00 1.395096975515259707e+01 -1.216932049135225791e+00
2.290169563344014847e+01 1.928566421950949561e+01 1.675954066481861293e+00 1.422977724052580584e+01 -1.235545726596299021e+00
2.408435351169637428e+01 1.923074052430467873e+01 1.759144310740890615e+00 1.449554697365040212e+01 -1.252188682940564624e+00
2.530530080190229825e+01 1.914650163338979283e+01 1.841951863765126207e+00 1.474843922545040975e+01 -1.267318436279499583e+00
2.656647857144949754e+01 1.903371065103443271e+01 1.924280545605136838e+00 1.498719881873820370e+01 -1.281594049107944722e+00
2.786989184633671357e+01 1.889335493914123631e+01 2.006728684771502902e+00 1.521304702358383132e+01 -1.295596047858248667e+00
2.921761279876078987e+01 1.872792791778734411e+01 2.089365835222938284e+00 1.542827325729987464e+01 -1.309163679404751646e+00
3.061178404146224352e+01 1.854188000926459523e+01 2.173023005931373763e+00 1.563867604097293551e+01 -1.322105922937020006e+00
3.205462203405937061e+01 1.833863200933939197e+01 2.257450359481200763e+00 1.584734579034661195e+01 -1.334926958126315899e+00
3.354842060678529236e+01 1.812293251870827149e+01 2.343887193623702903e+00 1.605405841456324723e+01 -1.347237218501788014e+00
3.509555460722921083e+01 1.790039986817656370e+01 2.432117588881854253e+00 1.625636680545159152e+01 -1.360302208668756396e+00
3.669848367587964333e+01 1.767561612946737881e+01 2.522417757707618780e+00 1.645017325263285102e+01 -1.373367278055943830e+00
3.835975615647177506e+01 1.745347711523355017e+01 2.615539552434195336e+00 1.663480420629799994e+01 -1.386785296362435416e+00
4.008201314735552501e+01 1.723258112380183249e+01 2.711187557287046523e+00 1.681580607401935623e+01 -1.400476765082497632e+00
4.186799270032555853e+01 1.701226052345507966e+01 2.809332282970441685e+00 1.699923586551759414e+01 -1.415102504672008710e+00
4.372053417358799265e+01 1.679889199958892121e+01 2.910270776883546517e+00 1.718879054227154413e+01 -1.430302153118186315e+00
4.564258274578479302e+01 1.659142599830214237e+01 3.014942460877695574e+00 1.738556137319137207e+01 -1.446467692678437000e+00
4.763719409825169038e+01 1.638755673714532435e+01 3.122221331540096845e+00 1.758508653807724897e+01 -1.462785809380989122e+00
4.970753927295407948e+01 1.618965265907496942e+01 3.233499379935334872e+00 1.778127025846596254e+01 -1.481059172365201571e+00
5.185690971382340564e+01 1.600184037999711961e+01 3.348448246035115261e+00 1.796602524693777170e+01 -1.502021269299588901e+00
5.408872249950945843e+01 1.582925929794531683e+01 3.467378695444516712e+00 1.813479865368962507e+01 -1.527853932782585078e+00
5.640652577586698158e+01 1.567711373076399006e+01 3.589379249510447067e+00 1.828725359975713260e+01 -1.559776612058302980e+00
5.881400439681380021e+01 1.555042657228693770e+01 3.716060665735546831e+00 1.842656858135490339e+01 -1.599226954159008063e+00
6.131498578252801934e+01 1.544573536368799083e+01 3.849010871501416631e+00 1.855416808451788668e+01 -1.645411536476143466e+00
6.391344600429722789e+01 1.535240383659915864e+01 3.987943589716056447e+00 1.867221031009367138e+01 -1.695856029906396722e+00
6.661351610569457193e+01 1.526741326838312318e+01 4.132449406543935666e+00 1.877135144904045561e+01 -1.751969932321254753e+00
6.941948867013000779e+01 1.520052516548045851e+01 4.283091710770730032e+00 1.884471803200100481e+01 -1.812683874361112002e+00
7.233582464521842326e+01 1.516632163997713079e+01 4.438035512995838872e+00 1.888795462183746565e+01 -1.880611433319126391e+00
7.536716043481385441e+01 1.517565799952831718e+01 4.598752363535592913e+00 1.891312752788016027e+01 -1.953943285828636522e+00
7.851831526998516608e+01 1.522982542785397619e+01 4.766239867114380857e+00 1.892826731199155077e+01 -2.031432999886320534e+00
8.179429887065046501e+01 1.531359401022587363e+01 4.942975901795089833e+00 1.893852073065858121e+01 -2.111063274411906221e+00
8.520031941005250076e+01 1.541679611453139920e+01 5.131415219159270791e+00 1.893229694783219941e+01 -2.190670874336472007e+00
8.874179179473527768e+01 1.555505895264277783e+01 5.330131975541601896e+00 1.890478336178957264e+01 -2.272316420072134857e+00
9.242434627318664297e+01 1.574218774013556477e+01 5.537796266888999064e+00 1.883951617386086852e+01 -2.361128914899544462e+00
9.625383738683203205e+01 1.598923083890647590e+01 5.755502890393931814e+00 1.874078672003825474e+01 -2.458747747792992655e+00
1.002363532776106467e+02 1.626595538140593433e+01 5.980548123916898717e+00 1.862270773917900968e+01 -2.560883965699537690e+00
1.043782253669302946e+02 1.657559230937609129e+01 6.221152307816309346e+00 1.848212487032535023e+01 -2.680614338340302716e+00
1.086860384213892559e+02 1.693780504952506760e+01 6.464473366863440873e+00 1.833745724052160853e+01 -2.811725911387451760e+00
1.131666410212674378e+02 1.735517537570452973e+01 6.711409984641562687e+00 1.818205246444929912e+01 -2.955833707820614720e+00
1.178271564484295055e+02 1.784394782558754855e+01 6.957981103428128478e+00 1.801242184300339133e+01 -3.108963295584663555e+00
1.226749940109501722e+02 1.838767087269471645e+01 7.215635790389110404e+00 1.782636514444064346e+01 -3.271202530560931798e+00
1.277178608224648855e+02 1.899129810561415255e+01 7.486629882012126203e+00 1.760040496854658798e+01 -3.434316980270204489e+00
1.329637740549730438e+02 1.968178776155799525e+01 7.772853167329400570e+00 1.734546259007918323e+01 -3.604493796355646484e+00
1.384210736845739973e+02 2.043201089762798262e+01 8.073219984362008717e+00 1.705924241868648394e+01 -3.776343469062775959e+00
1.440984357503974991e+02 2.128390254152527916e+01 8.387737442052349834e+00 1.672175670373311718e+01 -3.953866818916401904e+00
1.500048861478095148e+02 2.221838849319345854e+01 8.718119002663975436e+00 1.631325274675059944e+01 -4.145934923044759302e+00
1.561498149778206823e+02 2.318883997723107626e+01 9.057331438448384731e+00 1.583669790863808657e+01 -4.346659701138872123e+00
1.625429914755101777e+02 2.419840730548603958e+01 9.400203433498205641e+00 1.533592779048531973e+01 -4.537979456657637023e+00
1.691945795411991753e+02 2.529110178112920337e+01 9.741153657227293650e+00 1.481451805106430974e+01 -4.743913414781241400e+00
1.761151538990645236e+02 2.647484692037731335e+01 1.008533410977817724e+01 1.426796376060574723e+01 -4.976938993124409016e+00
1.833157169088823082e+02 2.780604272875788752e+01 1.041928308626365052e+01 1.374820702549125961e+01 -5.216582087070599449e+00
1.908077160576278573e+02 2.928248953160681367e+01 1.072543884556677973e+01 1.324138318153474003e+01 -5.453138004687468232e+00
1.986030621587413236e+02 3.080857779518230188e+01 1.099606848250868474e+01 1.270151193396891465e+01 -5.673188274587648294e+00
2.067141482879921739e+02 3.238731727399419924e+01 1.125531972714590090e+01 1.220712817199797229e+01 -5.889825897318752723e+00
2.151538694860456076e+02 3.414766715157134769e+01 1.147966379657855462e+01 1.179376463591368740e+01 -6.126454140912567681e+00
2.239356432590566897e+02 3.598021937004540405e+01 1.166538165693386908e+01 1.135114089227631418e+01 -6.339357505497456913e+00
2.330734309098841379e+02 3.785601230745049151e+01 1.179018761663207826e+01 1.090202543239345978e+01 -6.527862875490049177e+00
2.425817597338400731e+02 3.984922850504325709e+01 1.188034884125629986e+01 1.050352640513867541e+01 -6.739489886647600514e+00
2.524757461142733064e+02 4.194955833828097269e+01 1.192399963457224743e+01 1.011874851393975305e+01 -6.955246933239468632e+00
2.627711195547312855e+02 4.419036161541753671e+01 1.189022480418864625e+01 9.798790926470447360e+00 -7.176425049832872105e+00
2.734842476859758449e+02 4.649045825456200731e+01 1.182819879566561738e+01 9.529927754827483000e+00 -7.353138013786605143e+00
2.846321622877742925e+02 4.868590131886457328e+01 1.173607461904045657e+01 9.275154889738432828e+00 -7.498014297179484089e+00
2.962325863672185733e+02 5.077309192263809479e+01 1.160594767233376601e+01 9.037056020099194953e+00 -7.620161357134104030e+00
3.083039623374533562e+02 5.290561454516614504e+01 1.148217736859721327e+01 8.780525643423649385e+00 -7.749561668008465354e+00
3.208654813433284403e+02 5.507084991564722998e+01 1.132425295480168792e+01 8.572636905206808322e+00 -7.879278036311792910e+00
3.339371137839025323e+02 5.697744434396226865e+01 1.112130570945649843e+01 8.441826904687145472e+00 -7.975020419256710902e+00
3.475396410861761183e+02 5.852449662966298405e+01 1.087653522836205688e+01 8.427751165590128934e+00 -8.073367985253526058e+00
3.616946887897823331e+02 5.956026276069788850e+01 1.063168581152485714e+01 8.420452655298268141e+00 -8.124606757345466335e+00
3.764247610070665360e+02 6.030932425118163565e+01 1.030639292698540643e+01 8.339686468410720366e+00 -8.093828648055103159e+00
3.917532763218333116e+02 6.090845668750935005e+01 9.998453769262313884e+00 8.179437108774353149e+00 -8.085606507405007193e+00
4.077046051696482891e+02 6.085549074821101811e+01 9.696377536381620033e+00 7.964264092657161065e+00 -8.067369803417863139e+00
4.243041086733579732e+02 6.009104788213581116e+01 9.421582643179801764e+00 7.818962939268855550e+00 -7.984208681067953783e+00
4.415781787309196034e+02 5.887188948948131895e+01 9.217386418502568901e+00 7.741108113562488846e+00 -7.912934060433840955e+00
4.595542787632089698e+02 5.680043866600152569e+01 8.912864638259655692e+00 7.597498023254578570e+00 -7.846312527902840728e+00
4.782609837536720647e+02 5.364629726439758883e+01 8.558139769586633250e+00 7.499415688141700009e+00 -7.708258062230460617e+00
4.977280167894387546e+02 4.976432597803124480e+01 8.171935726414691459e+00 7.476541413862454633e+00 -7.527506321002032763e+00
5.179862768954257035e+02 4.504187971927382961e+01 7.834236316477216633e+00 7.390683984895990655e+00 -7.276549970643496401e+00
5.390678491315713927e+02 3.929980953327193305e+01 7.481232151551534315e+00 7.169528256989512016e+00 -6.963404377487977470e+00
5.610059823222662772e+02 3.341004499783378634e+01 7.139051793551606906e+00 6.808807066313813827e+00 -6.580924961639699866e+00
5.838350122264095035e+02 2.766771462311632135e+01 6.703868768469962269e+00 6.337921376337532386e+00 -6.060877198866701399e+00
6.075901986959909209e+02 2.199766308007516002e+01 6.201138814976918212e+00 5.740818821431278529e+00 -5.442466336745946265e+00
6.323074353958274969e+02 1.665513001298901585e+01 5.648848518075946679e+00 5.110768562705414908e+00 -4.691606877488530891e+00
6.580227819229975239e+02 1.204700030749461703e+01 5.025312403977730824e+00 4.410938615528125162e+00 -3.802343428740670550e+00
6.847717636714668288e+02 8.224271857491501692e+00 4.404776870305801673e+00 3.583914289822446531e+00 -2.923531347370439182e+00
7.125883883271254717e+02 5.527425872362560000e+00 3.756581140134443775e+00 2.793402585353467860e+00 -2.140347569281094486e+00
7.415038433394704498e+02 3.755280655775178555e+00 2.989193085565462926e+00 2.040771868344730233e+00 -1.489467181176162613e+00
7.715448689418810773e+02 2.506867800434193327e+00 2.256801534245976182e+00 1.491522390288462452e+00 -1.039557613621632681e+00
8.027318466707442894e+02 1.646775308221509970e+00 1.608862074947248200e+00 1.070485434026900107e+00 -7.272846144490501263e-01
8.350767005035461352e+02 1.019134406306685170e+00 1.109543277006664441e+00 7.383359350748066596e-01 -4.783673269919210824e-01
8.685807689375859582e+02 5.956575007617135320e-01 7.600097969917147811e-01 5.137477869934777841e-01 -2.859017338288598054e-01
9.032328599071106510e+02 3.242094673853131437e-01 5.276131308864404623e-01 3.611878963634941320e-01 -1.435531405110359315e-01
9.390077327528672413e+02 1.705618153511973545e-01 3.689574623872034498e-01 2.593082647135117602e-01 -5.106948997159237863e-02
9.758652500618902650e+02 9.830918758999167284e-02 2.611520345118477637e-01 1.900111375812938430e-01 -5.145705583512328284e-03
1.013750399516585730e+03 6.492997874291972504e-02 1.892915443258587627e-01 1.452455323429673040e-01 8.757258945096177069e-03
1.052594302387634343e+03 4.525668373709806902e-02 1.405291024295148572e-01 1.139094543014562422e-01 1.037726761752091539e-02
1.092316210887609031e+03 3.214094307966104680e-02 1.073633259404514761e-01 9.095817775588639631e-02 9.837534348140055188e-03
1.132826369563904109e+03 2.383191694571451177e-02 8.378690842601903277e-02 7.340465033170066877e-02 9.090354784905420316e-03
1.174029499297524808e+03 1.822751969117012566e-02 6.628551113207546697e-02 5.978830682996956469e-02 8.088640991436638755e-03
1.215828578744716197e+03 1.432235575771458568e-02 5.310532714499004159e-02 4.904077061074228749e-02 7.153730312790838874e-03
1.258128563511141238e+03 1.154620644273689212e-02 4.311039304040099884e-02 4.050692499416901071e-02 6.203314085563001699e-03
1.300839704019099145e+03 9.511561390180639508e-03 3.531814972806435193e-02 3.365085603469620407e-02 5.389893751560438651e-03
1.343880193301835789e+03 8.008252080870734146e-03 2.911063256666243312e-02 2.815250250670704377e-02 4.585190230041129647e-03
1.387177980295240332e+03 6.851084839440232076e-03 2.421281356490473033e-02 2.367329516526425065e-02 3.914193631934229610e-03
1.430671701358481187e+03 5.967912403814943853e-03 2.024773225835444293e-02 2.001689181884745358e-02 3.270879948179620730e-03
1.474310791169439653e+03 5.268594493654096475e-03 1.701141582927503601e-02 1.699834340681870629e-02 2.750369709290720679e-03
1.518054916787275033e+03 4.713879489761017144e-03 1.441965747290228396e-02 1.451402171506344096e-02 2.267453388010849582e-03
1.561872926195658238e+03 4.263777973021244151e-03 1.228908930430052532e-02 1.243451730990506252e-02 1.882188842098607776e-03
1.605741514085478457e+03 3.893022422875758171e-03 1.051930066158276132e-02 1.070992692702191044e-02 1.533865781421255318e-03
1.649643789037360193e+03 3.591121555362767562e-03 9.060187503073866347e-03 9.249020656673866483e-03 1.248074350833852696e-03
1.693567887840977846e+03 3.328576054783956208e-03 7.788347341004259704e-03 8.033825544336478316e-03 9.886443354587628757e-04
1.737505735705747838e+03 3.110521347577506913e-03 6.746889374919171067e-03 6.994105285899634289e-03 7.659034301467777502e-04
1.781452005295415802e+03 2.911338148459593871e-03 5.856966624051443242e-03 6.129824006124938961e-03 5.736249138115972557e-04
1.825403289498019149e+03 2.752981584039191406e-03 5.115525371242366816e-03 5.389842036576762176e-03 4.148356306719080976e-04
1.869357475796785138e+03 2.602743884949550515e-03 4.481243168774049629e-03 4.770567231911148134e-03 2.770103752048589957e-04
1.913313294246591568e+03 2.487572299240763639e-03 3.934878867998513503e-03 4.238175721012781005e-03 1.624153996109068744e-04
1.957270004613866831e+03 2.377058142492703436e-03 3.457970496734763012e-03 3.787073112558484844e-03 5.775974230099282256e-05
2.001227188514890031e+03 2.293160242468390234e-03 3.066758964466911441e-03 3.399398773916987009e-03 -2.501203316137427156e-05
2.045184616640317472e+03 2.210687743510596649e-03 2.728033519053795104e-03 3.068606520646025623e-03 -9.544062960585000723e-05
2.089142167112370771e+03 2.145385716509829854e-03 2.430084551297040894e-03 2.783150308759937616e-03 -1.502183152838153083e-04
2.133099777111575804e+03 2.073697993129782619e-03 2.176932930933356356e-03 2.538633624218935431e-03 -1.979965958509356284e-04
2.177057415237271016e+03 2.021349328393266549e-03 1.963860357718182331e-03 2.328975156396024225e-03 -2.394304712473727516e-04
2.221015066267784732e+03 1.961853982648436093e-03 1.777875732226835096e-03 2.146468327157203138e-03 -2.669925460983963968e-04
2.264972723047178988e+03 1.919219266061780249e-03 1.614240523123795876e-03 1.989902122814938331e-03 -3.019113846577670406e-04
2.308930382312967140e+03 1.870794929738333039e-03 1.477502385877021204e-03 1.853942816008203633e-03 -3.244761126074228183e-04
2.352888042622683770e+03 1.835727907263272861e-03 1.353611383600555407e-03 1.735331635429868992e-03 -3.448355756075044106e-04
2.396845703357848834e+03 1.795548434173901801e-03 1.253180997702398785e-03 1.637296463118228769e-03 -3.628598735723551766e-04
2.440803364261301340e+03 1.764554993121695333e-03 1.155975825169863270e-03 1.551807618777707124e-03 -3.749168216327496703e-04
2.484761025229357529e+03 1.734955051249800024e-03 1.076994321165239106e-03 1.480258942052293299e-03 -3.899693130223858364e-04
2.528718686221478947e+03 1.711905777925100099e-03 1.006974095001148548e-03 1.418676160280882975e-03 -3.949476139466016043e-04
2.572676347222299228e+03 1.692737827324649041e-03 9.454775092176193659e-04 1.364627813790499382e-03 -4.015128471081380579e-04
2.616634008226169499e+03 1.675337672461111585e-03 8.927843258873618916e-04 1.316866027681939076e-03 -4.009305042254492340e-04
2.660591669231077958e+03 1.657983161617379662e-03 8.449987256130147856e-04 1.273029693276393282e-03 -4.042111940457400032e-04
2.704549330236328842e+03 1.640035586910216147e-03 7.957950970492507631e-04 1.235910739249296763e-03 -4.045899519324164229e-04
2.748506991241688866e+03 1.622309640007146402e-03 7.606492092863266193e-04 1.203496322363053865e-03 -4.104994344501515686e-04
2.792464652247083450e+03 1.600967168411983376e-03 7.264306162440293526e-04 1.174462050722922856e-03 -4.085091347834348351e-04
2.836422313252487584e+03 1.581964464154769680e-03 6.979054830495035749e-04 1.149898395140055984e-03 -4.083189558732388679e-04
2.880379974257895810e+03 1.554465864173243481e-03 6.755677684191505397e-04 1.127779330620131294e-03 -4.006374899438011530e-04
2.924337635263304037e+03 1.528996217583268157e-03 6.604598238306116529e-04 1.110071625447626867e-03 -3.991351426353519408e-04
2.968295296268712718e+03 1.501740319026694925e-03 6.391067742039244562e-04 1.090624932071644800e-03 -3.892884312731226867e-04
3.012252957274120945e+03 1.479843797499168483e-03 6.254240358691580881e-04 1.077778822093352100e-03 -3.828632312114126426e-04
3.056210618279529172e+03 1.460807234419809683e-03 6.064700154157293610e-04 1.060846236076394382e-03 -3.783781491913132356e-04
3.100168279284937853e+03 1.452359039838868170e-03 5.952174015354927796e-04 1.053261530186701614e-03 -3.706097379585837691e-04
3.144125940290346080e+03 1.436753923405527421e-03 5.728890234015637101e-04 1.039608882592830442e-03 -3.652177568800400709e-04
3.188083601295754306e+03 1.425468703214098328e-03 5.641167793943620149e-04 1.030139946011711469e-03 -3.613620471322546968e-04
3.232041262301162988e+03 1.407159826124116438e-03 5.518041624651728568e-04 1.019547611733604515e-03 -3.545514767258564235e-04
3.275998923306571214e+03 1.396468559567817314e-03 5.397244977019745749e-04 1.011421615295947200e-03 -3.502180271318360710e-04
3.319956584311979441e+03 1.376077441695211729e-03 5.320866076516105351e-04 1.005045449200824524e-03 -3.446713813979666017e-04
3.363914245317388122e+03 1.363480123878471097e-03 5.190906990707004620e-04 1.000174424572092486e-03 -3.369143241270274708e-04
3.407871906322796349e+03 1.344246937341742314e-03 5.158708294532207131e-04 9.945801626636337645e-04 -3.294254386968175317e-04
3.451829567328204575e+03 1.335275662807964246e-03 5.058575578845258668e-04 9.915802255789848973e-04 -3.226448584892497098e-04
3.495787228333613257e+03 1.321496632159500006e-03 4.981436298418979742e-04 9.855734105237775201e-04 -3.128808667834970551e-04
3.539744889339021938e+03 1.315479485720817340e-03 4.917550886509459290e-04 9.835501813920345584e-04 -3.067573436822168043e-04
3.583702550344430620e+03 1.298888814215144521e-03 4.858059464961434122e-04 9.796153654608257509e-04 -3.027201290706846705e-04
3.627660211349838846e+03 1.291913681241290161e-03 4.784937941650106372e-04 9.784553396957951839e-04 -2.976830580562802990e-04
3.671617872355247073e+03 1.278516532893656877e-03 4.731955424546471041e-04 9.755690037244205354e-04 -2.914698901917461469e-04
3.715575533360655754e+03 1.272109483525804248e-03 4.682442705277799580e-04 9.720279608721636103e-04 -2.878898014267139405e-04
3.759533194366063981e+03 1.258160630078962883e-03 4.650050596625909458e-04 9.685925502975679295e-04 -2.862183538670370485e-04
3.803490855371472207e+03 1.254339967942427097e-03 4.587793349759616618e-04 9.641660185635636884e-04 -2.818434918784595042e-04
3.847448516376880889e+03 1.238958161818430690e-03 4.564540363914616934e-04 9.613867032335968437e-04 -2.758780460855967277e-04
3.891406177382289115e+03 1.238034163319356139e-03 4.523288322139875522e-04 9.550169024864432624e-04 -2.666466481434639157e-04
3.935363838387697342e+03 1.219787947505309627e-03 4.520676115367180817e-04 9.501315173255693190e-04 -2.616687099591681175e-04
3.979321499393106023e+03 1.210506999138222977e-03 4.466473138783875769e-04 9.442178046658397271e-04 -2.515409810869645110e-04
4.023279160398514250e+03 1.187298184802519250e-03 4.464271837337059298e-04 9.422497548546910533e-04 -2.438755145146327544e-04
4.067236821403922477e+03 1.176153181326612890e-03 4.368219068223358069e-04 9.352003141929774799e-04 -2.380914587131538951e-04
4.111194482409330703e+03 1.152070225584460230e-03 4.378386497122733665e-04 9.292555256874008695e-04 -2.335000392726509244e-04
4.155152143414739839e+03 1.141264803609059195e-03 4.336295754434277088e-04 9.204111790716216742e-04 -2.274915184837063753e-04
4.199109804420148066e+03 1.120370939871661274e-03 4.336049296448105453e-04 9.138029006860084319e-04 -2.245753510847252809e-04
4.243067465425556293e+03 1.116298498136290189e-03 4.312046779973198810e-04 9.092419323034140258e-04 -2.194923548832868521e-04
4.287025126430964519e+03 1.106863562830095928e-03 4.300415701808065253e-04 9.058746888967084306e-04 -2.139325012629495620e-04
4.330982787436372746e+03 1.105511424882522605e-03 4.299925552183789484e-04 9.021449257756263126e-04 -2.098394616210666702e-04
4.374940448441780973e+03 1.100009648971373051e-03 4.250514800775100467e-04 9.002691653166269067e-04 -2.046245013382012434e-04
4.418898109447190109e+03 1.095434201070640337e-03 4.257354596032252719e-04 8.974339974063884904e-04 -2.007198552456176260e-04
4.462855770452598335e+03 1.088817665158251565e-03 4.245827902399497661e-04 8.984610409473262884e-04 -1.952284646371763444e-04
4.506813431458006562e+03 1.079049532865683112e-03 4.240323892672060563e-04 8.970903235596835133e-04 -1.890557364422509705e-04
4.550771092463414789e+03 1.070214998443059454e-03 4.219613228614538746e-04 8.997179154511879100e-04 -1.840546373979238669e-04
4.594728753468823015e+03 1.052045927954752685e-03 4.242088658595082528e-04 8.989610042487662569e-04 -1.771815268164287206e-04
4.638686414474231242e+03 1.046102046507683047e-03 4.214181670404959740e-04 9.043015215337776858e-04 -1.708225572548475438e-04
4.682644075479640378e+03 1.035168542521986042e-03 4.188638657471643379e-04 9.041553248141695042e-04 -1.665180127734215015e-04
4.726601736485048605e+03 1.037635346667257477e-03 4.161127196398519443e-04 9.089467484334748035e-04 -1.634970338469558067e-04
4.770559397490456831e+03 1.025589235054487087e-03 4.151766616501407743e-04 9.076812445897324997e-04 -1.615330793956964517e-04
4.814517058495865058e+03 1.020418050144774984e-03 4.121310547275937558e-04 9.107537829907487751e-04 -1.605150705207319852e-04
4.858474719501273285e+03 1.006668555950039319e-03 4.120635459037530306e-04 9.071513102111377312e-04 -1.579992713834988468e-04
4.902432380506681511e+03 9.999285835157712635e-04 4.105879990225824510e-04 9.101740954870289049e-04 -1.551860670789710140e-04
4.946390041512090647e+03 9.932345135292123834e-04 4.112253097631955430e-04 9.080685619962550279e-04 -1.488797617868417599e-04
4.990347702517498874e+03 9.974653166662699258e-04 4.078574685612458149e-04 9.131537217787452686e-04 -1.469380178628558562e-04
5.034305363522907101e+03 1.000543837194099424e-03 4.041929166074736198e-04 9.127375405270604473e-04 -1.399399251756397152e-04
5.078263024528315327e+03 1.001468307094270736e-03 4.007073507822519706e-04 9.167147841443362742e-04 -1.350147403547412230e-04
5.122220685533723554e+03 9.953809338091436452e-04 4.003489965439058500e-04 9.134873202685123844e-04 -1.297253465114288665e-04
5.166178346539131780e+03 9.877985867673233326e-04 4.034309117324933543e-04 9.143742395577841159e-04 -1.247926403404752045e-04
5.210136007544540917e+03 9.803111544381228667e-04 4.021187194732728709e-04 9.100992194349174363e-04 -1.221359944273926669e-04
5.254093668549949143e+03 9.752394669951379045e-04 3.992860456109457372e-04 9.072963326147011169e-04 -1.195365312288173393e-04
5.298051329555357370e+03 9.715955265584032274e-04 4.022119865906338167e-04 9.049995868722087887e-04 -1.124998733866853834e-04
5.342008990560765596e+03 9.659176570566423321e-04 4.048442800861784411e-04 9.015598580697746500e-04 -1.082917378297588350e-04
5.385966651566173823e+03 9.544705955394322365e-04 4.058367285330012554e-04 8.986524708183841722e-04 -1.017453596281257230e-04
5.429924312571582050e+03 9.476234849910479497e-04 4.077188594447819455e-04 8.962204358830477358e-04 -9.664155550361313229e-05
5.473881973576991186e+03 9.373417520105281316e-04 4.058317638309206577e-04 8.934000113055918027e-04 -9.715471766320362952e-05
5.517839634582399412e+03 9.349282381504493570e-04 4.023444301984584626e-04 8.925545818365730006e-04 -9.510511031949388802e-05
5.561797295587807639e+03 9.252096323398426763e-04 3.992719597020588499e-04 8.918554989623297784e-04 -9.342491295152731596e-05
5.605754956593215866e+03 9.218407438028896651e-04 3.983996337421269918e-04 8.915660514431620080e-04 -8.934392294024126970e-05
5.649712617598625002e+03 9.166969852779672254e-04 3.946830521473337623e-04 8.920088861962315388e-04 -8.512406779812446201e-05
5.693670278604033228e+03 9.127045075711017613e-04 3.933941130124695351e-04 8.918126282825138704e-04 -7.811192692676839828e-05
5.737627939609441455e+03 9.078239375219363709e-04 3.897668986149133781e-04 8.919060898686312355e-04 -7.652347280254440196e-05
5.781585600614849682e+03 9.059574371369691868e-04 3.899483899084613537e-04 8.915658302310452412e-04 -7.112883272718955891e-05
5.825543261620258818e+03 8.974603591645833722e-04 3.891273059758207061e-04 8.908912915978584816e-04 -6.803914856453902472e-05
5.869500922625667044e+03 8.849410376300223448e-04 3.933657371673520212e-04 8.887135238620964568e-04 -6.491694088633943448e-05
5.913458583631075271e+03 8.751050150674098216e-04 3.968656604486243814e-04 8.850746994843950105e-04 -6.011291600672175072e-05
5.957416244636483498e+03 8.763382400879905559e-04 3.982259285338800368e-04 8.833334022503934024e-04 -5.490663039807418142e-05
6.001373905641891724e+03 8.744149425954431121e-04 3.925668019857662169e-04 8.825765225724486801e-04 -5.376643938418456048e-05
6.045331566647299951e+03 8.696984814151821532e-04 3.866755934683245122e-04 8.855290890281948893e-04 -5.407415098941397607e-05
6.089289227652709087e+03 8.640159439530127475e-04 3.840797875651344798e-04 8.914359647504670062e-04 -5.089566922673677762e-05
6.133246888658117314e+03 8.560605453369729122e-04 3.805358350871107238e-04 8.954355865060355593e-04 -5.016600565288784660e-05
6.177204549663525540e+03 8.583184163956224678e-04 3.811452218087199887e-04 9.009437896223378628e-04 -4.631343724241213284e-05
6.221162210668933767e+03 8.542342922889773578e-04 3.810890916473356452e-04 9.003535018902822677e-04 -4.097512541520594384e-05
6.265119871674341994e+03 8.537330245534815011e-04 3.795657597243272873e-04 9.054067962157717926e-04 -3.699046993782785850e-05
6.309077532679750220e+03 8.427627720518091406e-04 3.756866438239629138e-04 9.036022629269599210e-04 -3.443457212377426220e-05
6.353035193685159356e+03 8.334814244663868010e-04 3.746505417254767864e-04 9.094354881528477841e-04 -3.336110405466192184e-05
6.396992854690567583e+03 8.168722463392908252e-04 3.784693650844369499e-04 9.029929987518439541e-04 -3.261525146440712321e-05
6.440950515695975810e+03 8.186144314113130921e-04 3.798053901132431823e-04 9.077825091630522050e-04 -2.900109822179807470e-05
6.484908176701384036e+03 8.072845035330628114e-04 3.781139085174650520e-04 8.963146304805032520e-04 -2.687853303295446785e-05
6.528865837706792263e+03 8.054421922892758285e-04 3.789098408076524795e-04 8.997511384234807520e-04 -2.591567412151993290e-05
6.572823498712200490e+03 7.827416942335264525e-04 3.817961260005101574e-04 8.807854052914031173e-04 -2.390255157905863106e-05
6.616781159717609626e+03 7.648972624778799852e-04 3.863430383726980150e-04 8.808163644495427876e-04 -2.621809941815646220e-05
6.660738820723017852e+03 7.380886123938213339e-04 3.930850195581449204e-04 8.465319229253436559e-04 -2.143198599532895803e-05
6.704696481728426079e+03 7.202346512369148072e-04 3.978084003984875151e-04 8.319580954064794212e-04 -2.441550016827765066e-05
6.748654142733834306e+03 6.877757171273706773e-04 4.115760418873771706e-04 7.733121106395625735e-04 -1.695267430479905984e-05
6.792611803739242532e+03 6.714709279148598246e-04 4.223502814069655942e-04 7.430053606122955911e-04 -2.041978592803263737e-05
6.836569464744650759e+03 6.324159662240267819e-04 4.293119361855806467e-04 6.541061249976234731e-04 -1.892318895565075614e-05
6.880527125750059895e+03 6.122671356618312674e-04 4.511155872989747856e-04 5.893232556356915383e-04 -2.091560164793781186e-05
6.924484786755468122e+03 5.448286069564295831e-04 4.806768386150514017e-04 4.576448404933561721e-04 -1.786126544861670480e-05
6.968442447760876348e+03 4.784809756359347660e-04 5.438465798201225351e-04 3.512592071639368627e-04 -1.224597876300884163e-05
7.012400108766284575e+03 3.607120703272767288e-04 6.117841846025877557e-04 2.425108368224333766e-04 -1.825199321997922512e-05
