# Columns: yplus tau11+ tau22+ tau33+ tau12+ | Case=jet_M16_T05 | x*=5.00
4.302548796539760745e-01 6.061944716752043494e-02 4.174519304625753539e-05 4.609039833202681347e-02 -3.383542879768069176e-04
1.260478087668954084e+00 5.042713964365744816e-01 1.177573569203275560e-03 3.214126934506946753e-01 -5.888372310331457804e-03
2.094121923969253452e+00 1.303831892014986948e+00 6.048745608030697309e-03 7.159720477559529117e-01 -2.370759437750620188e-02
2.932113150609154673e+00 2.341414673968632787e+00 1.662060780943930630e-02 1.142869083134924635e+00 -5.617949721193556123e-02
3.775479136253089063e+00 3.491253679505792906e+00 3.378362037141569713e-02 1.563213856528404166e+00 -1.018491341412555984e-01
4.625334305081145736e+00 4.652249591294139286e+00 5.712594271463641155e-02 1.961099106239684975e+00 -1.570302174671009687e-01
5.482866621232030724e+00 5.755416529135771064e+00 8.638574286202445329e-02 2.332690372096673848e+00 -2.187372103218737929e-01
6.349325268555674917e+00 6.761467011440126740e+00 1.205973252926698935e-01 2.677574497839794621e+00 -2.836473807829357208e-01
7.226010252873939166e+00 7.654331445972196946e+00 1.595529642968440964e-01 2.997652122190841428e+00 -3.497905670264063183e-01
8.114264255417419136e+00 8.432669675191949210e+00 2.023535358621590119e-01 3.295399892777404194e+00 -4.148090477039579893e-01
9.015466749792208745e+00 9.102743445571421788e+00 2.488799912354856814e-01 3.573985099564507717e+00 -4.776776342373112438e-01
9.931030180336597013e+00 9.673592818416180350e+00 2.982846670327112815e-01 3.835731785704852292e+00 -5.371274049216049340e-01
1.086239788336524192e+01 1.015492474493680319e+01 3.505178652593278210e-01 4.082662629766073081e+00 -5.930555072095275992e-01
1.181104339607692921e+01 1.055674169513992844e+01 4.048255810023536627e-01 4.316495675739876248e+00 -6.449127520747481856e-01
1.277847081619309932e+01 1.088901815294710751e+01 4.613295887769100490e-01 4.538999888977926389e+00 -6.930752820777837941e-01
1.376621592471210676e+01 1.116038227046389508e+01 5.193455478688556726e-01 4.750714554287557512e+00 -7.373209878576064691e-01
1.477584784523653916e+01 1.137844885710090637e+01 5.791404197435332524e-01 4.952124514364075303e+00 -7.782412990245479723e-01
1.580897107309798422e+01 1.154958142207793692e+01 6.401364348532246895e-01 5.143227494279809520e+00 -8.157693489919758401e-01
1.686722775877001368e+01 1.167968810155042902e+01 7.025171342400694519e-01 5.325038073754813972e+00 -8.502560315429571469e-01
1.795230017014750246e+01 1.177367255682668379e+01 7.657350639782025681e-01 5.498485205870423442e+00 -8.818578998918966683e-01
1.906591328741213687e+01 1.183462634511853295e+01 8.300089198954306857e-01 5.663966811397708412e+00 -9.110921383232635229e-01
2.020983750412565527e+01 1.186481680779231951e+01 8.948323084030911367e-01 5.821177912914023977e+00 -9.381544091080478154e-01
2.138589142109987762e+01 1.186780444237576937e+01 9.602808703034896309e-01 5.971102707474938320e+00 -9.632153702058471323e-01
2.259594472756697670e+01 1.184759431665741047e+01 1.026325122377261145e+00 6.114741262998641069e+00 -9.863263247835916125e-01
2.384192116890103819e+01 1.180738939645189767e+01 1.093006770198231115e+00 6.253418061838119435e+00 -1.007818254056758178e+00
2.512580160285248709e+01 1.175039932194611225e+01 1.160076122232513773e+00 6.387685839539797961e+00 -1.028078122514418213e+00
2.644962714778121793e+01 1.167823464654041921e+01 1.227755541031089859e+00 6.517006940508631274e+00 -1.047162311431178328e+00
2.781550242723380606e+01 1.159278445700678617e+01 1.295764890538142033e+00 6.641882157734673164e+00 -1.064992983710187024e+00
2.922559891571768631e+01 1.149682994186373897e+01 1.364285609793546961e+00 6.763430703518984011e+00 -1.081220049282493711e+00
3.068215839085480923e+01 1.139326162427435385e+01 1.432984921305766157e+00 6.881995056021559698e+00 -1.096296766603845008e+00
3.218749649734403562e+01 1.128295336720341346e+01 1.502316235845077896e+00 6.997026948840187721e+00 -1.110574142791876051e+00
3.374400642837374420e+01 1.116900836114945150e+01 1.571794834344357961e+00 7.108653619101353627e+00 -1.124462906679346563e+00
3.535416273032758028e+01 1.105485011530855033e+01 1.641644960519892171e+00 7.215084017252394233e+00 -1.137840463152932191e+00
3.702052523682791474e+01 1.094259290822151343e+01 1.711781322022646545e+00 7.314614874465246608e+00 -1.151087627157708626e+00
3.874574313837040052e+01 1.083374631817344991e+01 1.782589144248883262e+00 7.407182909094934153e+00 -1.163862236198729638e+00
4.053255919401850349e+01 1.072631063025791853e+01 1.853987932770632119e+00 7.494194202432245433e+00 -1.176334511825386064e+00
4.238381409185401338e+01 1.061942655600581809e+01 1.926344830664794561e+00 7.576589117728925515e+00 -1.189034173070371514e+00
4.430245096511556824e+01 1.051450522072253513e+01 1.999331644954948750e+00 7.654791268909262314e+00 -1.201850438226974571e+00
4.629152007120482182e+01 1.041498924784254498e+01 2.073503367884138360e+00 7.726550395810416916e+00 -1.215820836418638251e+00
4.835418364099929533e+01 1.031982341829981564e+01 2.148094042961846029e+00 7.789231438747174607e+00 -1.231715628009559138e+00
5.049372090618093267e+01 1.022755793633663401e+01 2.224425635889408781e+00 7.842076566786198022e+00 -1.250285670865558751e+00
5.271353331257322594e+01 1.014130011795974262e+01 2.302162652086200634e+00 7.886228380950966788e+00 -1.270639324285620431e+00
5.501714992777475288e+01 1.006647392397317731e+01 2.382201963431680003e+00 7.921429637272193958e+00 -1.291835497435743330e+00
5.740823305168667900e+01 1.000275480450712529e+01 2.464337538140935369e+00 7.947634392199796061e+00 -1.313817618501179618e+00
5.989058403885312742e+01 9.952808752739503717e+00 2.548428651808722911e+00 7.964925027800194179e+00 -1.336925484783518137e+00
6.246814934187170110e+01 9.920818202250481832e+00 2.633971723707287715e+00 7.970765475875352557e+00 -1.360567351732789643e+00
6.514502678548102210e+01 9.906292013079173842e+00 2.720008678597283236e+00 7.966214061171294603e+00 -1.386006622166305657e+00
6.792547208130092429e+01 9.908869465152790212e+00 2.807770248772293531e+00 7.955919192252840944e+00 -1.412961815138058297e+00
7.081390559358167991e+01 9.929812699551186839e+00 2.897538031149496707e+00 7.935685120607779197e+00 -1.443429502744165038e+00
7.381491936671828569e+01 9.970311943124942289e+00 2.987981445545611958e+00 7.900406798818091936e+00 -1.477098734163232674e+00
7.693328442570340542e+01 1.003137726684835584e+01 3.081506724629921923e+00 7.848168637871690834e+00 -1.513668055075135577e+00
8.017395836112380891e+01 1.011121388619573658e+01 3.176979866272805708e+00 7.781108986980759923e+00 -1.552531714411351738e+00
8.354209321075994410e+01 1.020973454287458004e+01 3.274026474473800352e+00 7.702073053808430991e+00 -1.597193122619401162e+00
8.704304365031831026e+01 1.033220396333704016e+01 3.372587747439008687e+00 7.611655993038641377e+00 -1.646220007325448043e+00
9.068237550631891963e+01 1.048223019090153763e+01 3.471822657526278277e+00 7.513062622319079509e+00 -1.698881602405805991e+00
9.446587460467050335e+01 1.066575356260360152e+01 3.569949364936482628e+00 7.416047925860874912e+00 -1.749935586069148785e+00
9.839955596900256296e+01 1.087555811895338920e+01 3.669976486587522402e+00 7.318958501484795320e+00 -1.802751145259920973e+00
1.024896733833764131e+02 1.110941905735267277e+01 3.772656765255326228e+00 7.206790810216999077e+00 -1.861794804238865675e+00
1.067427293345788968e+02 1.136805884613828432e+01 3.878925345046894790e+00 7.076575562055857915e+00 -1.923486827651703202e+00
1.111654853498044275e+02 1.164383240679373444e+01 3.986867799495691145e+00 6.935537565322396958e+00 -1.984328927749383409e+00
1.157649727461612770e+02 1.195062591838913413e+01 4.093780464568468780e+00 6.794331955413739799e+00 -2.045412438556586388e+00
1.205485038090902634e+02 1.229694425726666474e+01 4.198026069682981642e+00 6.647122051779999374e+00 -2.111245352906180095e+00
1.255236834174688312e+02 1.268788674739151112e+01 4.302940148304998047e+00 6.493311844616663109e+00 -2.182454236897226618e+00
1.306984211338811122e+02 1.312034546218197306e+01 4.415781319647831715e+00 6.336318260101509559e+00 -2.256031984182460537e+00
1.360809437792754011e+02 1.359676707860874245e+01 4.527422560513725713e+00 6.177764881875456915e+00 -2.324574713284360605e+00
1.416798085120008182e+02 1.411791623415804509e+01 4.625535900300689285e+00 6.031033220634982150e+00 -2.391110886531586210e+00
1.475039164320155010e+02 1.468872102626168008e+01 4.715386530339176652e+00 5.881522763730377967e+00 -2.466549681142414574e+00
1.535625267318944509e+02 1.528848756353897009e+01 4.797902509588314324e+00 5.744778248346507965e+00 -2.551074073604103987e+00
1.598652714171353466e+02 1.591499940357727105e+01 4.870556614872738166e+00 5.607386207799402555e+00 -2.637929524625780786e+00
1.664221706191631824e+02 1.656653320774150728e+01 4.939641980721012793e+00 5.467085047227522310e+00 -2.725373891307408147e+00
1.732436485253799106e+02 1.726549608201690233e+01 5.002459355166004151e+00 5.344980997160161174e+00 -2.812547465141729930e+00
1.803405499515837107e+02 1.800812133413928962e+01 5.063191052999588493e+00 5.219976548208810740e+00 -2.895825666882844374e+00
1.877241575831049261e+02 1.877426967600906238e+01 5.115858230616733948e+00 5.097879316846727349e+00 -2.981392102921954113e+00
1.954062099120694427e+02 1.957783706374417321e+01 5.165499937702536570e+00 4.992393095010199566e+00 -3.080278154510274646e+00
2.033989198993053549e+02 2.043849278413799908e+01 5.197106796742784418e+00 4.909316192195299244e+00 -3.169304342013680387e+00
2.117149943905624525e+02 2.133099432969149234e+01 5.210895565080359226e+00 4.845567748714834089e+00 -3.257489156668821551e+00
2.203676543179115583e+02 2.223783804801903230e+01 5.212324113500383937e+00 4.788464321443960614e+00 -3.355806738907213926e+00
2.293706557184410713e+02 2.313990254492032150e+01 5.208365369590639560e+00 4.720518629354814699e+00 -3.439622118000566164e+00
2.387383116036659487e+02 2.403293132430316348e+01 5.189916928116277361e+00 4.664084019048705620e+00 -3.516705914002284938e+00
2.484855147144168654e+02 2.489637144806208369e+01 5.167415220803945886e+00 4.595398896899570040e+00 -3.607373462479302351e+00
2.586277611973868602e+02 2.569142933121889172e+01 5.125186482044713721e+00 4.528182256110206971e+00 -3.667966767653392690e+00
2.691811752409774954e+02 2.642448641179715807e+01 5.074403093115987140e+00 4.472159304250403977e+00 -3.734188729579992039e+00
2.801625347096151017e+02 2.711411706508712527e+01 5.020375568538190336e+00 4.430644186084302660e+00 -3.812087620957919754e+00
2.915892978173027359e+02 2.775436193177355193e+01 4.944705198523228873e+00 4.402588824546594282e+00 -3.853696769196524485e+00
3.034796308828452425e+02 2.828426001986916916e+01 4.868075321448293025e+00 4.363840180740475638e+00 -3.912748619037946796e+00
3.158524372109529281e+02 2.863945924004003629e+01 4.782954393067378795e+00 4.352194967289466199e+00 -3.954666701039657450e+00
3.287273871453295442e+02 2.880214122823694822e+01 4.676567282312051432e+00 4.350862608125842357e+00 -3.967981661068269439e+00
3.421249493419657028e+02 2.878254337407612340e+01 4.572490998820700092e+00 4.325101428313986140e+00 -3.967080568247362216e+00
3.560664233133161360e+02 2.856620388296441249e+01 4.504207956261412349e+00 4.293116443362126944e+00 -3.995689022430360282e+00
3.705739732970836826e+02 2.813676701373702116e+01 4.408217475559506937e+00 4.270894116632048210e+00 -4.013314139054947383e+00
3.856706635072701488e+02 2.738971369517211585e+01 4.318410179728211951e+00 4.227426592650097348e+00 -3.994671223512471503e+00
4.013804948302972662e+02 2.631994307239293462e+01 4.218909684233447699e+00 4.115216870080426581e+00 -3.976713193259617363e+00
4.177284430351787705e+02 2.499650938455825511e+01 4.120097437397010509e+00 4.021703752024262890e+00 -3.926313429276074629e+00
4.347404985721570938e+02 2.339818906547606048e+01 3.999395214363463680e+00 3.948245862687890906e+00 -3.853449774552613949e+00
4.524437080328852971e+02 2.172996564462044944e+01 3.842950960749679901e+00 3.826946353088930053e+00 -3.768475788136071092e+00
4.708662173216866904e+02 1.990297975064337876e+01 3.657451910712471665e+00 3.661246821923868300e+00 -3.625464172597484769e+00
4.900373165074746566e+02 1.782186504484532463e+01 3.486254081349046352e+00 3.477659032417654839e+00 -3.459686015672327475e+00
5.099874861219909121e+02 1.552674917523742160e+01 3.331574329162764858e+00 3.243778991618472496e+00 -3.268697925381816027e+00
5.307484442202647870e+02 1.313259219646709397e+01 3.165843137526081819e+00 3.004135295139354067e+00 -3.052165181774289859e+00
5.523531926232092246e+02 1.078689399575783447e+01 2.953086043261403226e+00 2.729452891121748159e+00 -2.760989060048327559e+00
5.748360591196855012e+02 8.562968988228293554e+00 2.720117525786886592e+00 2.375265622898230511e+00 -2.412888789284137303e+00
5.982327296126658212e+02 6.626993134961694842e+00 2.420174179205770049e+00 2.054192694048916135e+00 -2.033425583108089629e+00
6.225802597807327174e+02 5.046196207634229935e+00 2.063576963317563795e+00 1.716884510286092569e+00 -1.632165369841200420e+00
6.479170493573515159e+02 3.780427166873493672e+00 1.690778369514976287e+00 1.364968457954078618e+00 -1.274992585200732442e+00
6.742827533984298043e+02 2.737646236344202233e+00 1.349690123198943326e+00 1.066554722572478298e+00 -9.797549281130215615e-01
7.017180942135004216e+02 1.911513279203701066e+00 1.041073091707044984e+00 7.989485070059186844e-01 -7.212023378986945898e-01
7.302645261152297280e+02 1.255278636036902595e+00 7.762267911910355478e-01 5.679581572032829095e-01 -4.921928309719573735e-01
7.599636950547773040e+02 7.936429235712428865e-01 5.477722475276370906e-01 3.937070588879254540e-01 -3.100492132393384836e-01
7.908566300214246212e+02 4.901361417150985611e-01 3.858580471424305491e-01 2.686709657631498049e-01 -1.883686310958713195e-01
8.229826071729877413e+02 2.938932020974458492e-01 2.761579866010782092e-01 1.875543606675039443e-01 -1.132961930433847159e-01
8.563776455197654514e+02 1.732515765452358469e-01 1.941525715012269449e-01 1.280354652933128057e-01 -6.582871198449648242e-02
8.910726278930577564e+02 9.996078133261583620e-02 1.389904499755421075e-01 8.717346229143295433e-02 -3.546480056179053542e-02
9.270910933376044341e+02 5.716505787381166714e-02 9.754431542760143292e-02 6.049522539659438203e-02 -1.577554843303802593e-02
9.644468130939139883e+02 3.453225680068228165e-02 6.747951580662228666e-02 4.204239328060879050e-02 -5.803173961022758780e-03
1.003141333019336003e+03 2.171782072066020738e-02 4.688141472186613257e-02 2.991171188903389219e-02 -1.861126619413349661e-03
1.043161727172886685e+03 1.442679093208033142e-02 3.355467277466855219e-02 2.193953067254377637e-02 -5.495381529315890735e-04
1.084478844611470322e+03 1.021120937154520320e-02 2.448507439795118493e-02 1.687229831269406594e-02 -8.157128844132146867e-05
1.127046329832655829e+03 7.402336674614197649e-03 1.842856098139059734e-02 1.324758268189293181e-02 1.012944990022254549e-04
1.170800648008621238e+03 5.574935003594372676e-03 1.413818508339362290e-02 1.059015075523852926e-02 2.041515021689447912e-04
1.215662249714814834e+03 4.292179649640296552e-03 1.107569504985683392e-02 8.573568889114337871e-03 2.410319333193100240e-04
1.261537877713665921e+03 3.382721492708283453e-03 8.786010984610632957e-03 7.008632113484271342e-03 2.677613812771059568e-04
1.308323871634610896e+03 2.722931237589190125e-03 7.053677429903646053e-03 5.779173536114334646e-03 2.745264577833471257e-04
1.355910191714100165e+03 2.235482616092862931e-03 5.699718882605563607e-03 4.805846735137547093e-03 2.659351658639742149e-04
1.404184786058301597e+03 1.871499580930284772e-03 4.666233192442006440e-03 4.031259358534202038e-03 2.324735845009059769e-04
1.453037885991876692e+03 1.579783455075164586e-03 3.864157265887875527e-03 3.410732420637225659e-03 2.135879987282456667e-04
1.502365837929306508e+03 1.373460195598707329e-03 3.213120681252704721e-03 2.914779256299908101e-03 1.810132115649945236e-04
1.552074161365594136e+03 1.194052439852491803e-03 2.705332444417168827e-03 2.511172285759700942e-03 1.696793582829655511e-04
1.602079643083175142e+03 1.066908417120440711e-03 2.311345866779522962e-03 2.176504534501407656e-03 1.355231959968162126e-04
1.652311412983765649e+03 9.490613032204380829e-04 1.958058629559706384e-03 1.903951222433739260e-03 1.188087640658309143e-04
1.702711072163717972e+03 8.661984673177675889e-04 1.685114497564942299e-03 1.676541536280597763e-03 9.841578968969076711e-05
1.753232039301540908e+03 7.892874523529304570e-04 1.459558433142800829e-03 1.493174506713550783e-03 7.710201736436560953e-05
1.803838336309410579e+03 7.302756477568593920e-04 1.268744612284316165e-03 1.336560918395873114e-03 6.118400957290460519e-05
1.854503047418887490e+03 6.805625738209706730e-04 1.113399296486287287e-03 1.210213162078929835e-03 4.644430302699451317e-05
1.905206664391296727e+03 6.385687898945567207e-04 9.831750306318804734e-04 1.098798093106817400e-03 3.580348542278283057e-05
1.955935486167340741e+03 6.038051217852231922e-04 8.776194844705648493e-04 1.005545385468605869e-03 2.199477338250274634e-05
2.006680187009587144e+03 5.745337587923041731e-04 7.764658856048954616e-04 9.231688676728655582e-04 1.449067926894461177e-05
2.057434614270656766e+03 5.512371246162782283e-04 7.047807239977575905e-04 8.560304371479312722e-04 4.383746605603154827e-06
2.108194833008678870e+03 5.283094265338017948e-04 6.308436907661019426e-04 7.989411835835644269e-04 -2.798845672768860563e-06
2.158958403435705804e+03 5.151023089084941914e-04 5.644002137393485437e-04 7.518473453620375113e-04 -6.974978829853723124e-06
2.209723858866671435e+03 4.978899423637257390e-04 5.247239651199131841e-04 7.139129474138644063e-04 -1.298906328805052604e-05
2.260490344390992050e+03 4.901746659745757385e-04 4.717015982861902726e-04 6.809319285059725916e-04 -1.501944612856646194e-05
2.311257376808925983e+03 4.762250768263290323e-04 4.384784802253617673e-04 6.534729771269993156e-04 -2.102963947603512122e-05
2.362024691286517736e+03 4.681845817141546719e-04 4.019110122643711810e-04 6.306657587831085909e-04 -2.133330361032303689e-05
2.412792147064679284e+03 4.586798870504233262e-04 3.709650208351519731e-04 6.083298037351220862e-04 -2.394000428345732483e-05
2.463559671591940514e+03 4.514057709448292353e-04 3.470880964314159204e-04 5.904741847219854411e-04 -2.515151050589491230e-05
2.514327228603049207e+03 4.461120300392434185e-04 3.248843068773774609e-04 5.723855130244597357e-04 -2.431290920613213578e-05
2.565094800518191278e+03 4.387336112581320712e-04 3.071067178382313177e-04 5.579364085784908976e-04 -2.576439406909666568e-05
2.615862379072830663e+03 4.356319914321300953e-04 2.902454355553821903e-04 5.455768353526986711e-04 -2.377459139143450417e-05
2.666629960499056324e+03 4.304484453656744571e-04 2.750986048098009703e-04 5.366948184070455784e-04 -2.454885299241120090e-05
2.717397543130936356e+03 4.266327395856483974e-04 2.632700299781619529e-04 5.291401183290270161e-04 -2.367211482018515874e-05
2.768165126254174083e+03 4.195223938212235427e-04 2.500123797827539423e-04 5.236848881446373250e-04 -2.281499138807668251e-05
2.818932709571771284e+03 4.151030213019749407e-04 2.410889203250285407e-04 5.208027260418493683e-04 -2.204342688191371407e-05
2.869700292963980246e+03 4.113222120051079574e-04 2.297766758199661552e-04 5.174475117323374751e-04 -2.166337222297319025e-05
2.920467876383982912e+03 4.106079689881133882e-04 2.225759207546250265e-04 5.158691686308483973e-04 -2.103486164564644673e-05
2.971235459814031401e+03 4.095329477238624904e-04 2.166975908817162660e-04 5.138262186989428493e-04 -2.046452209656407059e-05
3.022003043247603273e+03 4.103935276770140621e-04 2.086176584780180413e-04 5.133496839106302433e-04 -1.805445002237510501e-05
3.072770626682373404e+03 4.098338048034981681e-04 2.029152185299117409e-04 5.119852035447011252e-04 -1.734645107781908186e-05
3.123538210117539620e+03 4.111977697493333114e-04 1.993664048365696511e-04 5.138117357807660442e-04 -1.616645676205819010e-05
3.174305793552831346e+03 4.113577104289944399e-04 1.936088559237725390e-04 5.114958126137448971e-04 -1.342164644725840857e-05
3.225073376988163091e+03 4.123634745974246829e-04 1.888641098909347169e-04 5.136386513662275204e-04 -1.043585660491015387e-05
3.275840960423506203e+03 4.084760121619760266e-04 1.866364868566004515e-04 5.122784055087652557e-04 -9.170384176930258691e-06
3.326608543858853864e+03 4.096155941272844260e-04 1.836053683736264309e-04 5.143617100346884515e-04 -6.448128659553846921e-06
3.377376127294201524e+03 4.068880961770539491e-04 1.808082125706364073e-04 5.152699571058243395e-04 -5.255448993164658824e-06
3.428143710729549184e+03 4.068541629744667717e-04 1.762392539172812349e-04 5.193163327495084209e-04 -3.626907535732194201e-06
3.478911294164897299e+03 4.060949009157041991e-04 1.756316713656955804e-04 5.216316669477790617e-04 -1.507773116895526518e-06
3.529678877600244959e+03 4.069003445307093790e-04 1.726140767943941921e-04 5.236692070240509412e-04 -5.423539485309158148e-07
3.580446461035592620e+03 4.098198043462655512e-04 1.723396443538843272e-04 5.263136432970532547e-04 3.750477609307810409e-06
3.631214044470940735e+03 4.091029392035447441e-04 1.690272376710125971e-04 5.271315140330584334e-04 4.540402612940619419e-06
3.681981627906288395e+03 4.070968851945586239e-04 1.685918113071429127e-04 5.287356282121931069e-04 6.404574494123256494e-06
3.732749211341636055e+03 4.050135639513525424e-04 1.670671369739533028e-04 5.297410006654172882e-04 7.769342794052183480e-06
3.783516794776984170e+03 4.016157648764976653e-04 1.648766817110091200e-04 5.320382238461117625e-04 9.341555254092634224e-06
3.834284378212331831e+03 3.988327176491806474e-04 1.618251337287552184e-04 5.338322278877804042e-04 1.067341470208958933e-05
3.885051961647679491e+03 3.959366605816335002e-04 1.597599144559268746e-04 5.363406229560588670e-04 1.410777689068725678e-05
3.935819545083027606e+03 3.937552126946365617e-04 1.577364994204809182e-04 5.376177881419044952e-04 1.752067112607469507e-05
3.986587128518375266e+03 3.939143226727059746e-04 1.550180648257218428e-04 5.403889329732626014e-04 1.855608100095378429e-05
4.037354711953722926e+03 3.967595270041029010e-04 1.568328090181804696e-04 5.404898913937825804e-04 2.260938255940851536e-05
4.088122295389071496e+03 4.018858635596733058e-04 1.551747519591143354e-04 5.437642011730182056e-04 2.412481711540430171e-05
4.138889878824419611e+03 4.034593780615284273e-04 1.561716013613366830e-04 5.421285859501180811e-04 2.640629161068751269e-05
4.189657462259767271e+03 4.065586538560812097e-04 1.547645430858882697e-04 5.452617932503807559e-04 2.671003622524460245e-05
4.240425045695114932e+03 4.042941858741932906e-04 1.562555259609526345e-04 5.426329794514122597e-04 3.008124070880608308e-05
4.291192629130462592e+03 4.006956653662519614e-04 1.554573803170756152e-04 5.452962942000128942e-04 3.105986007506764558e-05
4.341960212565810252e+03 3.966077445361672490e-04 1.551398281210301304e-04 5.448053333973212377e-04 3.281595562178450708e-05
4.392727796001158822e+03 3.953013700282538350e-04 1.533202155984590372e-04 5.465559226401748736e-04 3.405808761602290805e-05
4.443495379436506482e+03 3.957194982587218762e-04 1.535972876493468873e-04 5.478166811338892146e-04 3.830258706507898395e-05
4.494262962871854143e+03 3.930948187425935530e-04 1.526609315732216311e-04 5.481427387968670515e-04 3.860442678579616198e-05
4.545030546307201803e+03 3.945580564753095490e-04 1.554987559217451288e-04 5.490723106983155495e-04 4.395516412531731541e-05
4.595798129742549463e+03 3.984144928713958611e-04 1.546262067467953766e-04 5.469397158545550794e-04 4.661554878432408184e-05
4.646565713177897123e+03 3.998535719951261586e-04 1.566980660501365071e-04 5.477205706702438287e-04 4.973922905268974453e-05
4.697333296613244784e+03 4.024034210553001801e-04 1.578154927442258261e-04 5.475421992408127962e-04 5.324732149760567137e-05
4.748100880048593353e+03 3.981936253533502400e-04 1.567183666224346945e-04 5.500901971617195001e-04 5.370635105887018975e-05
4.798868463483941014e+03 4.002956555078310144e-04 1.579802198300791908e-04 5.510534411209924060e-04 5.730332567804357144e-05
4.849636046919288674e+03 3.987507994800240825e-04 1.556858468561589804e-04 5.550173098679582126e-04 5.638404964181613745e-05
4.900403630354636334e+03 3.982484493196330132e-04 1.556213415527256839e-04 5.555017020263681559e-04 5.759310178788895162e-05
4.951171213789983995e+03 3.972210956071165811e-04 1.554037648010041055e-04 5.584988404656221657e-04 5.943269503175154910e-05
5.001938797225331655e+03 3.930377157187941789e-04 1.556996757334113118e-04 5.582353653671188543e-04 6.046957618945994766e-05
5.052706380660680225e+03 3.917001097983463390e-04 1.572711850977570602e-04 5.611592340329437257e-04 6.253766733497066375e-05
5.103473964096027885e+03 3.871069425345400705e-04 1.582078476658439824e-04 5.609959030404105748e-04 6.477858326161715441e-05
5.154241547531375545e+03 3.884654498893180211e-04 1.583845544959987250e-04 5.646150953805405704e-04 6.580352626092537439e-05
5.205009130966723205e+03 3.860115061537832890e-04 1.606787384087888756e-04 5.651493481966060215e-04 6.746563806512610403e-05
5.255776714402070866e+03 3.888371123299968709e-04 1.595115973417861267e-04 5.703107898243265804e-04 6.888314075580999991e-05
5.306544297837418526e+03 3.887001377062799341e-04 1.635892507247358222e-04 5.719028914930781443e-04 7.383898102966236570e-05
5.357311881272767096e+03 3.908050658881681138e-04 1.640828467002717901e-04 5.778973596912070085e-04 7.542245910863462448e-05
5.408079464708114756e+03 3.858814162819524047e-04 1.650755815563472557e-04 5.812525681229245567e-04 7.548389101325353077e-05
5.458847048143462416e+03 3.837574003081762881e-04 1.640346266992841239e-04 5.852659897625664626e-04 7.614278310374493995e-05
5.509614631578810076e+03 3.796575407920978846e-04 1.654294261467376397e-04 5.871610775737029931e-04 7.697114125325272530e-05
5.560382215014157737e+03 3.805666794411428759e-04 1.679261965106727155e-04 5.895246267496871044e-04 7.926727726151458139e-05
5.611149798449505397e+03 3.835121522173286636e-04 1.673565782027533510e-04 5.876993597082964729e-04 8.007557902893986193e-05
5.661917381884853057e+03 3.886319269904248098e-04 1.695792980221023547e-04 5.889166560523159720e-04 8.513900938681032507e-05
5.712684965320201627e+03 3.880030445916164694e-04 1.697837375374591491e-04 5.894578685748853462e-04 8.635967818531533767e-05
5.763452548755549287e+03 3.845616034984572691e-04 1.720251997827703446e-04 5.917137298970477546e-04 8.685417683535707274e-05
5.814220132190896948e+03 3.813654851905874600e-04 1.718062900694576720e-04 5.924123991999494156e-04 8.791252658178599618e-05
5.864987715626244608e+03 3.777994624656255880e-04 1.725982103762180905e-04 5.934338443458797617e-04 8.888265394153790401e-05
5.915755299061592268e+03 3.756558645618775683e-04 1.725194837857908531e-04 5.940083272814738764e-04 8.941296372135815868e-05
5.966522882496939928e+03 3.749673558265429569e-04 1.734035881819390602e-04 5.931391168915986284e-04 9.048113292167712701e-05
6.017290465932288498e+03 3.741363161365213229e-04 1.737877845335676760e-04 5.936539767771236787e-04 9.246974602114809436e-05
6.068058049367636158e+03 3.709252354794914598e-04 1.735142715160548847e-04 5.925930885084335293e-04 9.094527613503161992e-05
6.118825632802983819e+03 3.712867622790707797e-04 1.750893407349509052e-04 5.941168135898792797e-04 9.318688212592792538e-05
6.169593216238331479e+03 3.697463941301340810e-04 1.758631145752909933e-04 5.944403791339813786e-04 9.340380017592874492e-05
6.220360799673679139e+03 3.737431813825635397e-04 1.782291332925069053e-04 5.977265670789167320e-04 9.714046987734349062e-05
6.271128383109026800e+03 3.711210177974216579e-04 1.794873157520848089e-04 6.006122011712356368e-04 9.855721011670049922e-05
6.321895966544375369e+03 3.698841656163755513e-04 1.822257761094051476e-04 6.026302100885084882e-04 1.016878569339211251e-04
6.372663549979723030e+03 3.659744968595460496e-04 1.844544877090460472e-04 6.044014546036717258e-04 1.029569828049141877e-04
6.423431133415070690e+03 3.612396669822114472e-04 1.845635923610075232e-04 6.045328053677099861e-04 1.022551133548025030e-04
6.474198716850418350e+03 3.635777966201367913e-04 1.880159014697607722e-04 6.065150723190422099e-04 1.055154573504558691e-04
6.524966300285766920e+03 3.652866144027563044e-04 1.883094296435614803e-04 6.081712405883391969e-04 1.068122229530917320e-04
6.575733883721114580e+03 3.672071379404417122e-04 1.912201487954460729e-04 6.115798832112120725e-04 1.102521185143508133e-04
6.626501467156462240e+03 3.638756883596634272e-04 1.899538900542231971e-04 6.143605314782767460e-04 1.088987582641706909e-04
6.677269050591809901e+03 3.615805909790552070e-04 1.904114655790294076e-04 6.154152364929357105e-04 1.072299031733591395e-04
6.728036634027158470e+03 3.607978901406203335e-04 1.914793912542942769e-04 6.152212576500670771e-04 1.077785571637709954e-04
6.778804217462506131e+03 3.595287327596225825e-04 1.918575941867019870e-04 6.147079304584263798e-04 1.091415204437562648e-04
6.829571800897853791e+03 3.567378629339629302e-04 1.913584335374192414e-04 6.143884745198133083e-04 1.089673039356298264e-04
6.880339384333201451e+03 3.524053017275948657e-04 1.931686677006299116e-04 6.140596839901440616e-04 1.092883339829380001e-04
6.931106967768549111e+03 3.518897740643898205e-04 1.927073317981900210e-04 6.152761598863476468e-04 1.100410638547061353e-04
6.981874551203896772e+03 3.534046008070404910e-04 1.967500831090062340e-04 6.141719686981147227e-04 1.132536330064450665e-04
7.032642134639245342e+03 3.562751617819553181e-04 1.990580959405881874e-04 6.181799373046460667e-04 1.152642333800904398e-04
7.083409718074593002e+03 3.501729857562747785e-04 1.990020214140969122e-04 6.189282140619360717e-04 1.136524116473327731e-04
7.134177301509940662e+03 3.487386185216538375e-04 1.972614270027904201e-04 6.264742242728126888e-04 1.135632533806839035e-04
7.184944884945288322e+03 3.479211329493766647e-04 2.003858338180832096e-04 6.300755696243636426e-04 1.167089298060932523e-04
7.235712468380635983e+03 3.501941538102957326e-04 2.007743766921424842e-04 6.413850491414317678e-04 1.178251929495778691e-04
7.286480051815983643e+03 3.522994239640955838e-04 2.004197379191579545e-04 6.459874990350161035e-04 1.196034999103227187e-04
7.337247635251331303e+03 3.561924927947931118e-04 2.000085288478616616e-04 6.574163127975574637e-04 1.200440824310915254e-04
7.388015218686679873e+03 3.538437291386650882e-04 1.982945092777952647e-04 6.588552009918988714e-04 1.205500704653501376e-04
7.438782802122027533e+03 3.548624636095739672e-04 1.990906177711486826e-04 6.690135485434594480e-04 1.211291618447270176e-04
7.489550385557375193e+03 3.472379343164656894e-04 1.993415914908480148e-04 6.638151394717981511e-04 1.183308402418343217e-04
7.540317968992722854e+03 3.463629457177663752e-04 1.999051352375996336e-04 6.708652896246979037e-04 1.192098440607681955e-04
7.591085552428070514e+03 3.431585552562582729e-04 2.021288434513020878e-04 6.575701459734266049e-04 1.195051692625905855e-04
7.641853135863418174e+03 3.430709483964110534e-04 2.018648040169194525e-04 6.591197302908066713e-04 1.193551446863433759e-04
7.692620719298766744e+03 3.385056026927054339e-04 2.075632112277626213e-04 6.323350485332866928e-04 1.214206820700193063e-04
7.743388302734114404e+03 3.333441329997658352e-04 2.123789885863365632e-04 6.211812325611604886e-04 1.210209345151865652e-04
7.794155886169462065e+03 3.225092178102585564e-04 2.221029780803845965e-04 5.741275913963031453e-04 1.234267213120987484e-04
7.844923469604809725e+03 3.212795776626160360e-04 2.273973892404137500e-04 5.501609111171591000e-04 1.257966606312415649e-04
7.895691053040157385e+03 3.105786460302553805e-04 2.311581903994910394e-04 4.841455999478240122e-04 1.248066105047314963e-04
7.946458636475505045e+03 3.124753198957514280e-04 2.391703893408172923e-04 4.387577281246342223e-04 1.263651785526064843e-04
7.997226219910853615e+03 2.864546536062169521e-04 2.571907459823702998e-04 3.415019537771798704e-04 1.257917016656674518e-04
8.047993803346201275e+03 2.552245041534235656e-04 2.938924341764062240e-04 2.625190869662630874e-04 1.320086790270863497e-04
8.098761386781548936e+03 1.780828941446701229e-04 3.381051108452204834e-04 1.782830573328651812e-04 1.254077159096686110e-04
