# Columns: yplus uVDplus | Case=jet_M12_T75 | x*=20.00
0.000000000000000000e+00 0.000000000000000000e+00
4.058767481075097328e-01 3.957627027126002783e-01
1.189059721287276883e+00 1.189156731945451684e+00
1.975469510827726483e+00 1.982674480097701197e+00
2.765980368681940416e+00 2.770996328479264914e+00
3.561561453068327499e+00 3.546401167396695975e+00
4.363264045177680295e+00 4.300296750515721911e+00
5.172208799404144131e+00 5.024739741058082743e+00
5.989574121159891185e+00 5.713486084005891641e+00
6.816586358269081103e+00 6.362418257183215076e+00
7.654512115986854326e+00 6.969463911968323266e+00
8.504652707297253755e+00 7.534271354214006067e+00
9.368340547803256868e+00 8.057785476558201765e+00
1.024693719475271791e+01 8.541862696773998564e+00
1.114183269510324514e+01 8.988901684843334294e+00
1.205444592478369437e+01 9.401573517375869216e+00
1.298622564783346611e+01 9.782632910375847146e+00
1.393865208171274794e+01 1.013479062749503079e+01
1.491323881145760843e+01 1.046063121088474723e+01
1.591153494371537391e+01 1.076258767317110276e+01
1.693512742951183370e+01 1.104290458058695101e+01
1.798564351209232370e+01 1.130366149209620552e+01
1.906475327497173922e+01 1.154678238567912452e+01
2.017417227750457087e+01 1.177402973318996260e+01
2.131566427280881726e+01 1.198698285011108133e+01
2.249104400733720865e+01 1.218704879911965300e+01
2.370218010394616570e+01 1.237547907674472469e+01
2.495099803175083508e+01 1.255341034740798989e+01
2.623948316686539428e+01 1.272188266895863684e+01
2.756968394860652793e+01 1.288184613543243451e+01
2.894371513604892243e+01 1.303414217455899937e+01
3.036376117005446673e+01 1.317953031281886744e+01
3.183207964609698948e+01 1.331865845866343356e+01
3.335100490339429058e+01 1.345208998094150843e+01
3.492295173604977521e+01 1.358027502189575308e+01
3.655041923210251298e+01 1.370356039304782669e+01
3.823599474658822572e+01 1.382216026219860261e+01
3.998235801492781860e+01 1.393633595778969436e+01
4.179228541318263268e+01 1.404648201415404074e+01
4.366865437194931587e+01 1.415317276731508578e+01
4.561444795091186677e+01 1.425697942099598592e+01
4.763275958132298626e+01 1.435843001375159922e+01
4.972679798395493123e+01 1.445777773829124868e+01
5.189989227033784402e+01 1.455519236123101301e+01
5.415549723539626115e+01 1.465086141133252085e+01
5.649719884989711005e+01 1.474506535472625401e+01
5.892871996144217661e+01 1.483795468003934026e+01
6.145392621306744019e+01 1.492971266315420920e+01
6.407683218885972565e+01 1.502058017339455809e+01
6.680160779636034363e+01 1.511071377359965062e+01
6.963258489590216982e+01 1.519992041096161017e+01
7.257426418742085161e+01 1.528812575444290012e+01
7.563132236568721112e+01 1.537543260835614234e+01
7.880861955533748642e+01 1.546222876217754560e+01
8.211120703752078498e+01 1.554872261566728753e+01
8.554433528044866364e+01 1.563521184395441566e+01
8.911346228661217594e+01 1.572180918964984286e+01
9.282426226993887042e+01 1.580901120943490135e+01
9.668263467668307953e+01 1.589701336281163435e+01
1.006947135643917619e+02 1.598597965873362803e+01
1.048668773538561396e+02 1.607627064928298921e+01
1.092057589695536706e+02 1.616808528341190154e+01
1.137182563847004957e+02 1.626073175596392772e+01
1.184115435876800007e+02 1.635382264398237950e+01
1.232930819872812407e+02 1.644773791237179239e+01
1.283706322748796254e+02 1.654302119401931037e+01
1.336522667624187193e+02 1.663993682740894187e+01
1.391463822158073071e+02 1.673880681673375648e+01
1.448617132041348725e+02 1.683953438203594288e+01
1.508073459859287766e+02 1.694224318030718024e+01
1.569927329545276677e+02 1.704758818551572830e+01
1.634277076655388043e+02 1.715509170841270858e+01
1.701225004702681645e+02 1.726203787306468129e+01
1.770877547799782121e+02 1.736933984589191482e+01
1.843345439868301980e+02 1.747839277756966680e+01
1.918743890684122846e+02 1.759078499337401524e+01
1.997192769038408358e+02 1.770412378508151008e+01
2.078816793305535953e+02 1.781861401975160675e+01
2.163745729720923237e+02 1.793597308353473707e+01
2.252114598683967301e+02 1.805615269298199266e+01
2.344063889414072435e+02 1.817915763907845772e+01
2.439739783301046998e+02 1.830494509632599076e+01
2.539294386304957527e+02 1.843163138561948600e+01
2.642885970774952966e+02 1.856024075594688938e+01
2.750679227071616424e+02 1.868763615119220844e+01
2.862845525393179287e+02 1.881813179242270451e+01
2.979563188222595045e+02 1.895151185204002431e+01
3.101017773830419060e+02 1.908739521045767873e+01
3.227402371288371796e+02 1.922516449821722873e+01
3.358917907471667945e+02 1.936486944613062988e+01
3.495773466556884159e+02 1.950908332715888349e+01
3.638186622559316561e+02 1.965076052428135256e+01
3.786383785502260935e+02 1.979122310364289561e+01
3.940600561868948830e+02 1.993354426839633220e+01
4.101082130039102935e+02 2.007522381024303826e+01
4.268083631399532010e+02 2.021520389000727391e+01
4.441870577595994405e+02 2.035546656190648207e+01
4.622719273639417565e+02 2.049725112733844412e+01
4.810917254655814190e+02 2.063707486968123561e+01
5.006763729826541294e+02 2.077798623039929993e+01
5.210570018613323100e+02 2.091307892647702715e+01
5.422659948867312778e+02 2.104602277381134101e+01
5.643370160076791535e+02 2.117703787751714728e+01
5.873050213374779105e+02 2.129978405002363218e+01
6.112062348905066074e+02 2.142292050148082794e+01
6.360780648773369421e+02 2.154721060633010410e+01
6.619589262918490249e+02 2.166425912364493556e+01
6.888879246559453122e+02 2.176490821596862446e+01
7.169043462718336741e+02 2.185921284035971723e+01
7.460468954367464676e+02 2.194934086160719033e+01
7.763526229314330749e+02 2.203128236744594304e+01
8.078555069382722422e+02 2.210440608149946584e+01
8.405846804752330854e+02 2.217151354536551722e+01
8.745623488707952902e+02 2.223234558420582729e+01
9.098015030904987270e+02 2.229564959475332486e+01
9.463036014038104895e+02 2.236406650376496685e+01
9.840564502502600135e+02 2.243502060732407699e+01
1.023032550371739376e+03 2.252157442600231363e+01
1.063188172756740641e+03 2.262512694800599888e+01
1.104463382444552735e+03 2.275020706734851572e+01
1.146783137260692911e+03 2.288311551097305241e+01
1.190059463898843205e+03 2.302428005827462343e+01
1.234194575358549628e+03 2.316120799376270512e+01
1.279084666701149217e+03 2.330382109036129279e+01
1.324624034864483974e+03 2.345032438291112342e+01
1.370709130638312899e+03 2.357959643877475386e+01
1.417242173422787573e+03 2.369438617745573339e+01
1.464134035954183901e+03 2.378453150475218081e+01
1.511306219854582878e+03 2.384998169418331670e+01
1.558691870507360818e+03 2.389927604830696950e+01
1.606235897875829551e+03 2.393219097246076643e+01
1.653894359924271384e+03 2.395363150370996053e+01
1.701633317074125898e+03 2.396680433217891348e+01
1.749427378597515826e+03 2.397541174039432477e+01
1.797258141587585442e+03 2.398074717207850881e+01
1.845112681283555730e+03 2.398521225813987812e+01
1.892982200341894895e+03 2.398726516508424211e+01
1.940860894722651892e+03 2.398816983840940509e+01
1.988745052436756851e+03 2.398858290284199768e+01
2.036632371934024150e+03 2.398916939826288086e+01
2.084521469631388300e+03 2.398924478853017561e+01
2.132411539057281971e+03 2.398946176652952644e+01
2.180302124389936125e+03 2.398941555955942206e+01
2.228192975800819568e+03 2.398959273372982892e+01
2.276083960506219228e+03 2.398959116222138022e+01
2.323975010065411880e+03 2.398976040141607413e+01
2.371866090267925301e+03 2.398977603990616458e+01
2.419757184530013546e+03 2.398991178179556982e+01
2.467648285055406632e+03 2.398991574179737896e+01
2.515539388289683302e+03 2.399004037380136367e+01
2.563430492661301287e+03 2.399004266740464075e+01
2.611321597496437789e+03 2.399015976481512169e+01
2.659212702514920693e+03 2.399016420047696485e+01
2.707103807603788482e+03 2.399026699104488358e+01
2.754994912718874730e+03 2.399022957470617357e+01
2.802886017843437912e+03 2.399032267307679334e+01
2.850777122971324388e+03 2.399029149068400457e+01
2.898668228100341821e+03 2.399040908416108664e+01
2.946559333229732147e+03 2.399043018864683674e+01
2.994450438359241616e+03 2.399056944669932889e+01
3.042341543488788830e+03 2.399056536140621532e+01
3.090232648618346047e+03 2.399064933418307177e+01
3.138123753747907813e+03 2.399063248379978930e+01
3.186014858877470033e+03 2.399067647958720784e+01
3.233905964007032253e+03 2.399062318922097603e+01
3.281797069136594018e+03 2.399062048781095768e+01
3.329688174266156238e+03 2.399057221082747304e+01
3.377579279395718459e+03 2.399056650930898371e+01
3.425470384525280224e+03 2.399052873991059442e+01
3.473361489654842444e+03 2.399056230524309896e+01
3.521252594784404664e+03 2.399051012370740565e+01
3.569143699913966884e+03 2.399052230952429099e+01
3.617034805043528650e+03 2.399047225106203030e+01
3.664925910173090870e+03 2.399046790289208175e+01
3.712817015302653090e+03 2.399039658992819213e+01
3.760708120432214855e+03 2.399036129982958343e+01
3.808599225561777075e+03 2.399029577886872033e+01
3.856490330691339750e+03 2.399025475687805198e+01
3.904381435820901970e+03 2.399017540518430991e+01
3.952272540950463735e+03 2.399011293972712622e+01
4.000163646080025956e+03 2.399001961929039695e+01
4.048054751209588176e+03 2.398990625546402455e+01
4.095945856339149941e+03 2.398982969926602138e+01
4.143836961468712616e+03 2.398975181759613662e+01
4.191728066598274381e+03 2.398970142777966785e+01
4.239619171727836147e+03 2.398961868404246900e+01
4.287510276857398821e+03 2.398955760740686927e+01
4.335401381986960587e+03 2.398947431558215015e+01
4.383292487116522352e+03 2.398939952146447396e+01
4.431183592246085027e+03 2.398932190374511109e+01
4.479074697375646792e+03 2.398924179135523360e+01
4.526965802505208558e+03 2.398913197224166183e+01
4.574856907634771233e+03 2.398898743228257402e+01
4.622748012764332998e+03 2.398882752141181740e+01
4.670639117893894763e+03 2.398866685972292601e+01
4.718530223023457438e+03 2.398851611549331153e+01
4.766421328153019203e+03 2.398842172327193722e+01
4.814312433282580969e+03 2.398831182244565952e+01
4.862203538412143644e+03 2.398821382098594057e+01
4.910094643541705409e+03 2.398806465221223405e+01
4.957985748671267174e+03 2.398792344924421371e+01
5.005876853800829849e+03 2.398776877887721071e+01
5.053767958930391615e+03 2.398763306007724694e+01
5.101659064059953380e+03 2.398749040513331465e+01
5.149550169189516055e+03 2.398735801530126821e+01
5.197441274319077820e+03 2.398718789067480728e+01
5.245332379448639585e+03 2.398703036594848825e+01
5.293223484578202260e+03 2.398687130912728449e+01
5.341114589707764026e+03 2.398673857596277159e+01
5.389005694837325791e+03 2.398657390410982515e+01
5.436896799966888466e+03 2.398642616372221070e+01
5.484787905096450231e+03 2.398622210408888833e+01
5.532679010226011997e+03 2.398606797963532600e+01
5.580570115355574671e+03 2.398586446136729933e+01
5.628461220485136437e+03 2.398569173844403934e+01
5.676352325614698202e+03 2.398549750260114877e+01
5.724243430744260877e+03 2.398535268797607500e+01
5.772134535873822642e+03 2.398520246270657807e+01
5.820025641003384408e+03 2.398505394570038618e+01
5.867916746132947083e+03 2.398485066221942574e+01
5.915807851262508848e+03 2.398466663997959003e+01
5.963698956392070613e+03 2.398446942008382621e+01
6.011590061521633288e+03 2.398428808236678123e+01
6.059481166651195053e+03 2.398410229739792854e+01
6.107372271780756819e+03 2.398395302615113067e+01
6.155263376910319494e+03 2.398378030868060762e+01
6.203154482039882168e+03 2.398358637181810593e+01
6.251045587169443934e+03 2.398335846480436828e+01
6.298936692299005699e+03 2.398315191738421603e+01
6.346827797428568374e+03 2.398295755665299822e+01
6.394718902558130139e+03 2.398275792426005992e+01
6.442610007687691905e+03 2.398256375068680413e+01
6.490501112817254580e+03 2.398241078994798769e+01
6.538392217946816345e+03 2.398223474897191920e+01
6.586283323076378110e+03 2.398206447495986993e+01
6.634174428205940785e+03 2.398184846546247329e+01
6.682065533335502550e+03 2.398165768177992163e+01
6.729956638465064316e+03 2.398145263626153323e+01
6.777847743594626991e+03 2.398125413323672461e+01
6.825738848724188756e+03 2.398107293886972968e+01
6.873629953853750521e+03 2.398089612867257614e+01
6.921521058983313196e+03 2.398069507456614602e+01
6.969412164112874962e+03 2.398047851711597289e+01
7.017303269242436727e+03 2.398024299268400128e+01
7.065194374371999402e+03 2.398004798306768848e+01
7.113085479501561167e+03 2.397982099608698547e+01
7.160976584631122932e+03 2.397966869672910661e+01
7.208867689760685607e+03 2.397947963301078644e+01
7.256758794890247373e+03 2.397932907871758701e+01
7.304649900019809138e+03 2.397910091747870354e+01
7.352541005149371813e+03 2.397889530567911009e+01
7.400432110278933578e+03 2.397867050130671274e+01
7.448323215408496253e+03 2.397848211652953765e+01
7.496214320538058018e+03 2.397824766974190069e+01
7.544105425667619784e+03 2.397802350257443038e+01
7.591996530797182459e+03 2.397786958294116744e+01
7.639887635926744224e+03 2.397757203123903125e+01
