# Columns: yplus uVDplus | Case=jet_M08_T75 | x*=20.00
0.000000000000000000e+00 0.000000000000000000e+00
4.062032326457848952e-01 3.962101631313116323e-01
1.190016192964691966e+00 1.190113644804294823e+00
1.977058565273753565e+00 1.983659036125407393e+00
2.768205304768469155e+00 2.771489699887396352e+00
3.564426349251628157e+00 3.545816706766645510e+00
4.366773825557573652e+00 4.297990193686925586e+00
5.176369289527340101e+00 5.019994058147647209e+00
5.994392094474523702e+00 5.705541090181796449e+00
6.822069574689261451e+00 6.350543058845727451e+00
7.660669354275478682e+00 6.953060517028373688e+00
8.511493792984669682e+00 7.512938423405355337e+00
9.375876378205996176e+00 8.031343132671651119e+00
1.025517976241485307e+01 8.510313167944049795e+00
1.115079511071330742e+01 8.952400551542663010e+00
1.206414244036451322e+01 9.360386087558051571e+00
1.299667168078395996e+01 9.737107657307131348e+00
1.394986424010884996e+01 1.008532689299772755e+01
1.492523492089292070e+01 1.040767532523152461e+01
1.592433407587450844e+01 1.070657486525189128e+01
1.694874993261218421e+01 1.098423430938406398e+01
1.800011104329485789e+01 1.124260630540316086e+01
1.908008883484140839e+01 1.148347014400561861e+01
2.019040024659079080e+01 1.170840397420026591e+01
2.133281045041220381e+01 1.191891371497045782e+01
2.250913565252826842e+01 1.211635947685067016e+01
2.372124597890312003e+01 1.230205796900970583e+01
2.497106844748635979e+01 1.247716118607662494e+01
2.626059003141542902e+01 1.264276189189680011e+01
2.759186081775787258e+01 1.279980212327914835e+01
2.896699726668641617e+01 1.294916676118364585e+01
3.038818557621255678e+01 1.309158117736347471e+01
3.185768515780479859e+01 1.322774636014358762e+01
3.337783222840777597e+01 1.335818810241778820e+01
3.495104352456910846e+01 1.348338371887488130e+01
3.657982014457753905e+01 1.360365178685596810e+01
3.826675152471985797e+01 1.371945755651745102e+01
4.001451955597819676e+01 1.383130163384202049e+01
4.182590284771222144e+01 1.393973239097938510e+01
4.370378114510447176e+01 1.404515274614432485e+01
4.565113990739217797e+01 1.414803344154108800e+01
4.767107505416343116e+01 1.424872012294825119e+01
4.976679788726398357e+01 1.434740681285660102e+01
5.194164019613901218e+01 1.444417416287815747e+01
5.419905955472695069e+01 1.453914668005649524e+01
5.654264481832559142e+01 1.463248313353579988e+01
5.897612182917040968e+01 1.472442060848262813e+01
6.150335933979475556e+01 1.481527689765209033e+01
6.412837516359002166e+01 1.490538546497259453e+01
6.685534256234318207e+01 1.499496436874832561e+01
6.968859688090660143e+01 1.508397114685109131e+01
7.263264243954878907e+01 1.517247596038659729e+01
7.569215969494256058e+01 1.526049798051082718e+01
7.887201268117580355e+01 1.534834943569902421e+01
8.217725674261441782e+01 1.543631267151028474e+01
8.561314657091138258e+01 1.552446281743545597e+01
8.918514455893844683e+01 1.561258370562895692e+01
9.289892948492284575e+01 1.570094566703951067e+01
9.676040554059392207e+01 1.578985981751706547e+01
1.007757117176934969e+02 1.587962817192000387e+01
1.049512315677717424e+02 1.596972939122921709e+01
1.092936033507861708e+02 1.606030594964545344e+01
1.138097305886363699e+02 1.615235261510426668e+01
1.185067930404139389e+02 1.624601949193020900e+01
1.233922581168152277e+02 1.633995679782070809e+01
1.284738927518637865e+02 1.643464114931345676e+01
1.337597757508168570e+02 1.653029396827141539e+01
1.392583106338854861e+02 1.662682891720939082e+01
1.449782389961880824e+02 1.672413486040197839e+01
1.509286544051774683e+02 1.682147583505562238e+01
1.571190168576342217e+02 1.691941324542515090e+01
1.635591678192119218e+02 1.701913640644478320e+01
1.702593458704425586e+02 1.712202462617033305e+01
1.772302029840773798e+02 1.722823171572711587e+01
1.844828214596401494e+02 1.733618007449649312e+01
1.920287315421162475e+02 1.744484076869498423e+01
1.998799297527873193e+02 1.755459489258794292e+01
2.080488979613536173e+02 1.766727505859942937e+01
2.165486232296659921e+02 1.778304153161137791e+01
2.253926184586146917e+02 1.790077332885833172e+01
2.345949438709988613e+02 1.801984766355638001e+01
2.441702293645324175e+02 1.814018504948144539e+01
2.541336977705236393e+02 1.826245546559547606e+01
2.645011890552091245e+02 1.839001417241720659e+01
2.752891855022295999e+02 1.852110172573776126e+01
2.865148379163121035e+02 1.865118207409160789e+01
2.981959928898931480e+02 1.878000288338576951e+01
3.103512211762113111e+02 1.890929176678050538e+01
3.229998472143942649e+02 1.904289410893510492e+01
3.361619798543867432e+02 1.918102338782546568e+01
3.498585443324375888e+02 1.932196403424863362e+01
3.641113155515844824e+02 1.946438271288053556e+01
3.789429527264277340e+02 1.960816174660349986e+01
3.943770354573180725e+02 1.975508655712741657e+01
4.104381013042126938e+02 1.990373456339453995e+01
4.271516849291945164e+02 2.004859845989085088e+01
4.445443588544185900e+02 2.019683422454053812e+01
4.626437758067675645e+02 2.034543675671891094e+01
4.814787124279757791e+02 2.049319595323844823e+01
5.010791137043651133e+02 2.064845621780837348e+01
5.214761366244370038e+02 2.080147712934472892e+01
5.427021900218022665e+02 2.095734948954539689e+01
5.647909649243440526e+02 2.111425914580795293e+01
5.877774455638277686e+02 2.126383122875817122e+01
6.116978850929868941e+02 2.140943215097727403e+01
6.365897218133076194e+02 2.155229688417336220e+01
6.624914016194336455e+02 2.169176811560010165e+01
6.894420614894874006e+02 2.182724956624743484e+01
7.174810193273151526e+02 2.196367922931447225e+01
7.466470105636267363e+02 2.208937142075414428e+01
7.769771157825715591e+02 2.220102609878842870e+01
8.085053404983507335e+02 2.230204578327649401e+01
8.412608411633380001e+02 2.239812194008065305e+01
8.752658409678303997e+02 2.248924404399671317e+01
9.105333413272136340e+02 2.257432725140815677e+01
9.470648016839768388e+02 2.267822776688371889e+01
9.848480186692313509e+02 2.278990820432146691e+01
1.023855470904649906e+03 2.290461621105890799e+01
1.064043394203400567e+03 2.301702363852194821e+01
1.105351805393491304e+03 2.313242155537519196e+01
1.147705601937016581e+03 2.324854917658814202e+01
1.191016739762520046e+03 2.335936714557464100e+01
1.235187353210339552e+03 2.346943539856559724e+01
1.280113553841814337e+03 2.357777020599301210e+01
1.325689553567951180e+03 2.367791914455785474e+01
1.371811719884217382e+03 2.377642852613994151e+01
1.418382193536705245e+03 2.385942308885399044e+01
1.465311775568316307e+03 2.393353365136449895e+01
1.512521904457562187e+03 2.399496893036568679e+01
1.559945671810413160e+03 2.404056187658270360e+01
1.607527943276124461e+03 2.407321100210676690e+01
1.655224741472299229e+03 2.409682719524434802e+01
1.703002099519607100e+03 2.411558553280619321e+01
1.750834606266039600e+03 2.412666039185129208e+01
1.798703844001565813e+03 2.413175519767282040e+01
1.846596877568815671e+03 2.413396493490069616e+01
1.894504902547733082e+03 2.413503890208374614e+01
1.942422110229636246e+03 2.413644181465748773e+01
1.990344785639556221e+03 2.413743256738164433e+01
2.038270625375955660e+03 2.413793200889541879e+01
2.086198244742824500e+03 2.413829369636962596e+01
2.134126836619874211e+03 2.413865636572142037e+01
2.182055944818676835e+03 2.413899664291196956e+01
2.229985319309740589e+03 2.413935021297259098e+01
2.277914827202540891e+03 2.413966471386111579e+01
2.325844400001302347e+03 2.414001769262045016e+01
2.373774003468034607e+03 2.414025964921884793e+01
2.421703621005650348e+03 2.414063170610995357e+01
2.469633244811609529e+03 2.414094558618630870e+01
2.517562871328630990e+03 2.414130875257539444e+01
2.565492498983908717e+03 2.414161552963049928e+01
2.613422127103077855e+03 2.414187012660267229e+01
2.661351755405741187e+03 2.414212738444568984e+01
2.709281383778845338e+03 2.414236108193991726e+01
2.757211012178189321e+03 2.414258307323219199e+01
2.805140640587017970e+03 2.414279914338095878e+01
2.853070268999172640e+03 2.414303307050073855e+01
2.900999897412459177e+03 2.414323716954556076e+01
2.948929525826119061e+03 2.414344575079296362e+01
2.996859154239897634e+03 2.414365575071042613e+01
3.044788782653714406e+03 2.414384444171047406e+01
3.092718411067541183e+03 2.414403983552788446e+01
3.140648039481372507e+03 2.414419507462924841e+01
3.188577667895203831e+03 2.414434760959577275e+01
3.236507296309035610e+03 2.414448557363832037e+01
3.284436924722866934e+03 2.414463285376027457e+01
3.332366553136698712e+03 2.414477456744516104e+01
3.380296181550530036e+03 2.414495160240142013e+01
3.428225809964361815e+03 2.414509461647774913e+01
3.476155438378193139e+03 2.414529130503031951e+01
3.524085066792024918e+03 2.414540571107992051e+01
3.572014695205856242e+03 2.414554900457029518e+01
3.619944323619688021e+03 2.414566229326585400e+01
3.667873952033519345e+03 2.414580506943417504e+01
3.715803580447351123e+03 2.414592199146927598e+01
3.763733208861182447e+03 2.414604389079267932e+01
3.811662837275014226e+03 2.414613744726409195e+01
3.859592465688846460e+03 2.414623097005415531e+01
3.907522094102677784e+03 2.414627809948916592e+01
3.955451722516509562e+03 2.414639012382379590e+01
4.003381350930340886e+03 2.414645871330271731e+01
4.051310979344172665e+03 2.414656817798264754e+01
4.099240607758003534e+03 2.414664562813864634e+01
4.147170236171835313e+03 2.414671147162870213e+01
4.195099864585667092e+03 2.414678369333191554e+01
4.243029492999498871e+03 2.414682286973661718e+01
4.290959121413329740e+03 2.414689059442670427e+01
4.338888749827161519e+03 2.414695808651435982e+01
4.386818378240993297e+03 2.414702331141636904e+01
4.434748006654825076e+03 2.414705023448737364e+01
4.482677635068655945e+03 2.414706851224496376e+01
4.530607263482487724e+03 2.414703102370503274e+01
4.578536891896319503e+03 2.414703543860148827e+01
4.626466520310151282e+03 2.414700593795580019e+01
4.674396148723982151e+03 2.414701291231608593e+01
4.722325777137813930e+03 2.414701947800269011e+01
4.770255405551645708e+03 2.414703776394469870e+01
4.818185033965477487e+03 2.414703423745669042e+01
4.866114662379308356e+03 2.414703952056807523e+01
4.914044290793140135e+03 2.414704819208647635e+01
4.961973919206971914e+03 2.414710131606070931e+01
5.009903547620803693e+03 2.414710603007187828e+01
5.057833176034634562e+03 2.414713529280166071e+01
5.105762804448466341e+03 2.414712632670092418e+01
5.153692432862298119e+03 2.414712938742809101e+01
5.201622061276128989e+03 2.414709156808016388e+01
5.249551689689960767e+03 2.414703448298155308e+01
5.297481318103792546e+03 2.414696088869379409e+01
5.345410946517624325e+03 2.414690320385118483e+01
5.393340574931455194e+03 2.414687231820585112e+01
5.441270203345286973e+03 2.414687079840035011e+01
5.489199831759118752e+03 2.414682205265847870e+01
5.537129460172950530e+03 2.414678115751990362e+01
5.585059088586781399e+03 2.414670841961708092e+01
5.632988717000613178e+03 2.414667612592869972e+01
5.680918345414444957e+03 2.414656062933867631e+01
5.728847973828276736e+03 2.414649908870639905e+01
5.776777602242107605e+03 2.414641971567077405e+01
5.824707230655939384e+03 2.414639743876635691e+01
5.872636859069771162e+03 2.414632440355558174e+01
5.920566487483602941e+03 2.414627610539412927e+01
5.968496115897433810e+03 2.414620458178924522e+01
6.016425744311265589e+03 2.414617016650463199e+01
6.064355372725097368e+03 2.414608636721706603e+01
6.112285001138928237e+03 2.414607032831175815e+01
6.160214629552760925e+03 2.414600443486151704e+01
6.208144257966592704e+03 2.414596723732839934e+01
6.256073886380423573e+03 2.414585678640453281e+01
6.304003514794255352e+03 2.414578146104362233e+01
6.351933143208087131e+03 2.414565738931750616e+01
6.399862771621918910e+03 2.414557239578642012e+01
6.447792400035749779e+03 2.414546284190684844e+01
6.495722028449581558e+03 2.414540137749562021e+01
6.543651656863413336e+03 2.414530642088549328e+01
6.591581285277245115e+03 2.414523865772356714e+01
6.639510913691075984e+03 2.414513499133831331e+01
6.687440542104907763e+03 2.414508305723634152e+01
6.735370170518739542e+03 2.414497492169946824e+01
6.783299798932571321e+03 2.414493660407654119e+01
6.831229427346402190e+03 2.414483373030745739e+01
6.879159055760233969e+03 2.414476630451381567e+01
6.927088684174065747e+03 2.414464005845080408e+01
6.975018312587896617e+03 2.414457707016588017e+01
7.022947941001728395e+03 2.414449076273306005e+01
7.070877569415560174e+03 2.414442885425517460e+01
7.118807197829391953e+03 2.414430057416490172e+01
7.166736826243222822e+03 2.414420936205956991e+01
7.214666454657054601e+03 2.414406336672884734e+01
7.262596083070886380e+03 2.414395260478525884e+01
7.310525711484718158e+03 2.414382007926123208e+01
7.358455339898549028e+03 2.414374123414611617e+01
7.406384968312380806e+03 2.414363280648434085e+01
7.454314596726212585e+03 2.414352940955145144e+01
7.502244225140044364e+03 2.414340000598785707e+01
7.550173853553875233e+03 2.414331659900850369e+01
7.598103481967707012e+03 2.414326813379517489e+01
7.646033110381538791e+03 2.414304826215811772e+01
