# Columns: yplus uVDplus | Case=jet_M16_T75 | x*=20.00
0.000000000000000000e+00 0.000000000000000000e+00
4.063365409548279072e-01 3.963227148508302045e-01
1.190406734037899428e+00 1.190504160440100545e+00
1.977707398943783668e+00 1.984641457077707116e+00
2.769113778011921490e+00 2.773753967403346454e+00
3.565596127360561418e+00 3.550485203127897726e+00
4.368206919112409992e+00 4.306485038243391905e+00
5.178068077182165219e+00 5.033888239043844415e+00
5.996359341925141528e+00 5.726336566927650473e+00
6.824308450419648509e+00 6.379474282922567241e+00
7.663183442780151289e+00 6.990981831826700521e+00
8.514287106168275443e+00 7.560327195909162690e+00
9.378953365598819758e+00 8.088359988689601821e+00
1.025854532074425052e+01 8.576895666329686918e+00
1.115445459326102551e+01 9.028349883380954566e+00
1.206810166643542104e+01 9.445422129500014918e+00
1.300093694552266577e+01 9.830915077434140059e+00
1.395444232483042057e+01 1.018756222017699820e+01
1.493013310404231220e+01 1.051797046647832978e+01
1.592956014469346826e+01 1.082454982631912443e+01
1.695431219556906299e+01 1.110952059114758583e+01
1.800601834331838802e+01 1.137486826940250850e+01
1.908635056339141656e+01 1.162241935345973687e+01
2.019702635859448847e+01 1.185378181444436585e+01
2.133981148009322482e+01 1.207042946607708522e+01
2.251652273015518446e+01 1.227367353784921100e+01
2.372903084848488930e+01 1.246477041680466336e+01
2.497926348544321939e+01 1.264486055764416861e+01
2.626920826625505967e+01 1.281505438692882315e+01
2.760091595078822024e+01 1.297629003617133669e+01
2.897650369379809376e+01 1.312947050539412785e+01
3.039815841076550740e+01 1.327536753121676227e+01
3.186814025465557521e+01 1.341477153794437349e+01
3.338878620911567907e+01 1.354831674225427562e+01
3.496251380382119578e+01 1.367669342127700283e+01
3.659182495787458578e+01 1.380037224744175539e+01
3.827930995736723219e+01 1.391983324735033989e+01
4.002765157342776803e+01 1.403538232140725306e+01
4.183962932730350559e+01 1.414745809019728462e+01
4.371812390925553871e+01 1.425634337469527146e+01
4.566612175829301634e+01 1.436251669764334693e+01
4.768671981002699312e+01 1.446622452690473359e+01
4.978313042019244961e+01 1.456785632209946080e+01
5.195868647166559384e+01 1.466752795188770087e+01
5.421684667309599348e+01 1.476547259664451239e+01
5.656120105757670302e+01 1.486154691681522877e+01
5.899547669009495365e+01 1.495578636346111878e+01
6.152354359283638985e+01 1.504817253303563440e+01
6.414942089776364753e+01 1.513934810428165711e+01
6.687728323625024984e+01 1.522977062908214130e+01
6.971146737592768261e+01 1.532010599603365719e+01
7.265647911529821101e+01 1.541044053151710180e+01
7.571700044707301913e+01 1.550091792558769477e+01
7.889789700162511110e+01 1.559110245104527870e+01
8.220422578238988365e+01 1.568112789236268512e+01
8.564124320551195524e+01 1.577086324709702403e+01
8.921441345651828669e+01 1.586052706917694266e+01
9.292941717730498397e+01 1.595054769249740900e+01
9.679216049724681170e+01 1.604180834498700392e+01
1.008087844227879089e+02 1.613436561734452468e+01
1.049856746004407597e+02 1.622787077577958570e+01
1.093294714687157239e+02 1.632203230722738496e+01
1.138470808151192699e+02 1.641727333942352018e+01
1.185456847550057375e+02 1.651287688331285608e+01
1.234327531497360724e+02 1.660940384732841579e+01
1.285160554822964514e+02 1.670746055267949615e+01
1.338036732092569707e+02 1.680733138163530782e+01
1.393040126087069837e+02 1.690783792585567014e+01
1.450258181445929893e+02 1.700964290203956253e+01
1.509781863687067585e+02 1.711329481729659818e+01
1.571705803824229406e+02 1.722002373915081108e+01
1.636128448811802230e+02 1.732813250917788039e+01
1.703152218056214053e+02 1.743754748711221225e+01
1.772883666242760512e+02 1.754963535969806898e+01
1.845433652736715544e+02 1.766471236945062984e+01
1.920917517828041809e+02 1.778196397900143921e+01
1.999455266099895994e+02 1.790007022719204954e+01
2.081171757212444788e+02 1.801988349249852206e+01
2.166196904405306327e+02 1.814168450238529573e+01
2.254665881034197810e+02 1.826343442519706173e+01
2.346719335470134524e+02 1.838700641454332541e+01
2.442503614702845596e+02 1.851100712930607983e+01
2.542170997003900368e+02 1.863579788152165406e+01
2.645879934019474717e+02 1.876253200422536338e+01
2.753795302677748964e+02 1.889069192739877678e+01
2.866088667311730092e+02 1.901997731951669124e+01
2.982938552414963738e+02 1.915041009223885382e+01
3.104530726465577004e+02 1.927977171265048639e+01
3.231058497274044043e+02 1.940709046053388676e+01
3.362723019333299135e+02 1.953295435994061435e+01
3.499733613678545794e+02 1.966058636463528941e+01
3.642308100801323008e+02 1.978781883211210513e+01
3.790673147210940215e+02 1.991439428417609747e+01
3.945064626294746404e+02 2.003915469324784837e+01
4.105727994179999314e+02 2.016084098581278639e+01
4.272918681287517870e+02 2.027636642197031236e+01
4.446902500044901672e+02 2.039286311874312929e+01
4.627956068472059883e+02 2.051156578336561509e+01
4.816367247425895926e+02 2.063449796255670776e+01
5.012435585043476181e+02 2.075367598399049740e+01
5.216472753461229104e+02 2.087074353387903969e+01
5.428802947374996393e+02 2.098569674637058569e+01
5.649763187631266419e+02 2.110267758453028719e+01
5.879703431359405386e+02 2.121526235383301895e+01
6.118986329062817049e+02 2.131899869308061923e+01
6.367986386621872725e+02 2.141604883673374360e+01
6.627088189155249438e+02 2.151518737102621515e+01
6.896683234884420699e+02 2.160166781641445155e+01
7.177164831881858618e+02 2.167252797289851074e+01
7.468920461577108654e+02 2.174206463309042192e+01
7.772321051503208764e+02 2.180178584714107615e+01
8.087706768401912996e+02 2.184925421460901518e+01
8.415369272482987526e+02 2.190349465119616212e+01
8.755530868581757886e+02 2.196327770812654734e+01
9.108321613520297433e+02 2.202130830249315707e+01
9.473756106513114901e+02 2.208609799351445346e+01
9.851712273822147381e+02 2.216292743942241472e+01
1.024191481134410196e+03 2.224827750859878961e+01
1.064392593358478052e+03 2.235359067849252668e+01
1.105714561197069770e+03 2.248469163497170697e+01
1.148082257465031034e+03 2.262646882882333088e+01
1.191407609196486646e+03 2.277614540426726819e+01
1.235592718614093883e+03 2.293246186942506171e+01
1.280533663184948182e+03 2.308859195965262501e+01
1.326124620102382551e+03 2.322870654999744033e+01
1.372261922851613690e+03 2.335782526856125330e+01
1.418847680063155167e+03 2.346183890608480382e+01
1.465792663506478448e+03 2.355246504260114904e+01
1.513018285877671360e+03 2.362455193499337724e+01
1.560457616824620573e+03 2.367369882422854133e+01
1.608055503902517557e+03 2.370755351801316380e+01
1.655767955296410264e+03 2.373029922953214310e+01
1.703560992979673756e+03 2.374313159627160630e+01
1.751409197460834093e+03 2.375033165298677673e+01
1.799294144985512048e+03 2.375515734203604268e+01
1.847202896151261029e+03 2.375785060464104959e+01
1.895126643648578920e+03 2.375924976184381876e+01
1.943059576862473705e+03 2.375991989690336581e+01
1.990997979598791744e+03 2.376026110917560175e+01
2.038939547700061894e+03 2.376034743688849815e+01
2.086882896015843016e+03 2.376049551610718780e+01
2.134827217160964665e+03 2.376051465964478027e+01
2.182772054797285818e+03 2.376061863367769078e+01
2.230717158813260994e+03 2.376067271613063880e+01
2.278662396274752155e+03 2.376079702056836851e+01
2.326607698663505744e+03 2.376085398201886179e+01
2.374553031730294606e+03 2.376098281626117270e+01
2.422498378872584908e+03 2.376102973687986974e+01
2.470443732285275928e+03 2.376111233894509311e+01
2.518389088409918713e+03 2.376112081701526790e+01
2.566334445673191567e+03 2.376117720335595251e+01
2.614279803400507717e+03 2.376116646271224297e+01
2.662225161311378088e+03 2.376119676414147719e+01
2.710170519292712925e+03 2.376121443129465405e+01
2.758115877300296233e+03 2.376125648774731758e+01
2.806061235317366936e+03 2.376128037698594753e+01
2.854006593337765025e+03 2.376135413400057672e+01
2.901951951359294981e+03 2.376131466739976972e+01
2.949897309381198738e+03 2.376136463086325534e+01
2.997842667403221185e+03 2.376125096489372623e+01
3.045788025425281830e+03 2.376126902359466442e+01
3.093733383447352480e+03 2.376114308968100630e+01
3.141678741469427678e+03 2.376117113517457113e+01
3.189624099491502875e+03 2.376106037325008202e+01
3.237569457513578527e+03 2.376104781954501632e+01
3.285514815535653725e+03 2.376092783974188194e+01
3.333460173557729377e+03 2.376088327265799549e+01
3.381405531579804574e+03 2.376080085762569283e+01
3.429350889601880226e+03 2.376075225578905403e+01
3.477296247623955423e+03 2.376070973128303621e+01
3.525241605646030621e+03 2.376066206057726760e+01
3.573186963668106273e+03 2.376055768765829512e+01
3.621132321690181470e+03 2.376045838885806916e+01
3.669077679712257122e+03 2.376029528394650114e+01
3.717023037734332320e+03 2.376019093378151226e+01
3.764968395756407972e+03 2.376006500164832147e+01
3.812913753778483169e+03 2.376002120153489372e+01
3.860859111800559276e+03 2.375995733559689427e+01
3.908804469822634474e+03 2.375987995632884520e+01
3.956749827844710126e+03 2.375977054413461431e+01
4.004695185866785323e+03 2.375964012086133081e+01
4.052640543888860975e+03 2.375947801879318533e+01
4.100585901910936627e+03 2.375934924964955997e+01
4.148531259933011825e+03 2.375917517361795817e+01
4.196476617955087022e+03 2.375905282388303874e+01
4.244421975977162219e+03 2.375886014732671114e+01
4.292367333999238326e+03 2.375873339503536741e+01
4.340312692021313524e+03 2.375854114617931145e+01
4.388258050043388721e+03 2.375839392376407844e+01
4.436203408065463918e+03 2.375819349322372531e+01
4.484148766087539116e+03 2.375805184371460044e+01
4.532094124109615223e+03 2.375783454449793197e+01
4.580039482131690420e+03 2.375769394472762386e+01
4.627984840153765617e+03 2.375748409270657646e+01
4.675930198175840815e+03 2.375736567479119188e+01
4.723875556197916012e+03 2.375718196551519767e+01
4.771820914219992119e+03 2.375704461072686868e+01
4.819766272242067316e+03 2.375684110858327713e+01
4.867711630264142514e+03 2.375665080477296343e+01
4.915656988286217711e+03 2.375643368666074551e+01
4.963602346308293818e+03 2.375624983155089254e+01
5.011547704330369015e+03 2.375600317107377180e+01
5.059493062352444213e+03 2.375579812794895673e+01
5.107438420374519410e+03 2.375556482135523240e+01
5.155383778396594607e+03 2.375542264128018743e+01
5.203329136418670714e+03 2.375520712426464698e+01
5.251274494440745912e+03 2.375503073739186277e+01
5.299219852462821109e+03 2.375479099196002863e+01
5.347165210484896306e+03 2.375459478361727150e+01
5.395110568506972413e+03 2.375433134777779287e+01
5.443055926529047611e+03 2.375412318766708353e+01
5.491001284551122808e+03 2.375385983006589896e+01
5.538946642573198005e+03 2.375365554223339615e+01
5.586892000595273203e+03 2.375340543182976205e+01
5.634837358617349309e+03 2.375321274557865792e+01
5.682782716639424507e+03 2.375296995219278173e+01
5.730728074661499704e+03 2.375276058224151399e+01
5.778673432683574902e+03 2.375249702519924000e+01
5.826618790705651008e+03 2.375228491622894467e+01
5.874564148727726206e+03 2.375201350496249830e+01
5.922509506749801403e+03 2.375179916832623661e+01
5.970454864771876601e+03 2.375153654482784660e+01
6.018400222793951798e+03 2.375135395714889697e+01
6.066345580816027905e+03 2.375110293010380857e+01
6.114290938838103102e+03 2.375091094852098905e+01
6.162236296860179209e+03 2.375063045637646297e+01
6.210181654882254406e+03 2.375039978586775646e+01
6.258127012904329604e+03 2.375012829622180277e+01
6.306072370926404801e+03 2.374992218403038891e+01
6.354017728948480908e+03 2.374964145893158474e+01
6.401963086970556105e+03 2.374939488156966050e+01
6.449908444992631303e+03 2.374910830314649957e+01
6.497853803014706500e+03 2.374888915965082958e+01
6.545799161036782607e+03 2.374861814070240484e+01
6.593744519058857804e+03 2.374837491335233608e+01
6.641689877080933002e+03 2.374811963255207914e+01
6.689635235103008199e+03 2.374790778533100877e+01
6.737580593125083396e+03 2.374763580597963042e+01
6.785525951147159503e+03 2.374740504562507937e+01
6.833471309169234701e+03 2.374712537025645887e+01
6.881416667191309898e+03 2.374693973643753964e+01
6.929362025213385095e+03 2.374667181778588443e+01
6.977307383235461202e+03 2.374644276777265972e+01
7.025252741257536400e+03 2.374615990833447299e+01
7.073198099279611597e+03 2.374588899479419268e+01
7.121143457301686794e+03 2.374560796781916494e+01
7.169088815323761992e+03 2.374535500389550435e+01
7.217034173345838099e+03 2.374510117745501958e+01
7.264979531367913296e+03 2.374487242439050760e+01
7.312924889389988493e+03 2.374459929435577266e+01
7.360870247412063691e+03 2.374435495910793392e+01
7.408815605434139798e+03 2.374406553128759612e+01
7.456760963456214995e+03 2.374384055890118717e+01
7.504706321478290192e+03 2.374355999817224117e+01
7.552651679500365390e+03 2.374329524206143560e+01
7.600597037522440587e+03 2.374307444400441724e+01
7.648542395544516694e+03 2.374271414176133987e+01
