# Columns: yplus uVDplus | Case=jet_M08_T05 | x*=5.00
0.000000000000000000e+00 0.000000000000000000e+00
4.266781351843701442e-01 4.140250712912814102e-01
1.249999628870868795e+00 1.250133114270990387e+00
2.076713314876287075e+00 2.088148146630675939e+00
2.907738251005147045e+00 2.914543702123901348e+00
3.744093265321036146e+00 3.715383139940674262e+00
4.586883517703482127e+00 4.480005463066102145e+00
5.437287096646858942e+00 5.202026457651605540e+00
6.296542801432234882e+00 5.878560557946579834e+00
7.165939830825342582e+00 6.509204438310109531e+00
8.046809704236439487e+00 7.095099992943608491e+00
8.940520427593217079e+00 7.638415814512788948e+00
9.848472703467130884e+00 8.141823374137374003e+00
1.077209786959844529e+01 8.608294273387697260e+00
1.171285721354910336e+01 9.040817320745620833e+00
1.267224232935154049e+01 9.442311732157444126e+00
1.365177623092940529e+01 9.815511915135580523e+00
1.465301499763074133e+01 1.016293550398479262e+01
1.567754978648448372e+01 1.048685789176526839e+01
1.672700909663123170e+01 1.078941905989861105e+01
1.780306121113344275e+01 1.107251253823851300e+01
1.890741677026959877e+01 1.133789161940731560e+01
2.004183145017305634e+01 1.158714848222953187e+01
2.120810873347637582e+01 1.182172268064353027e+01
2.240810276653020239e+01 1.204291854454322852e+01
2.364372130245390125e+01 1.225189642910727628e+01
2.491692873196327795e+01 1.244970063497874513e+01
2.622974920543214594e+01 1.263727621034984594e+01
2.758426985049712954e+01 1.281545505096193871e+01
2.898264409001813391e+01 1.298489594240275302e+01
3.042709506553396537e+01 1.314615063407489259e+01
3.191991917159720415e+01 1.329979469502463907e+01
3.346348970658294064e+01 1.344651957697438682e+01
3.506026064576564494e+01 1.358691470086610309e+01
3.671277054265868145e+01 1.372133790863012059e+01
3.842364656481755958e+01 1.384994462916932356e+01
4.019560867052235409e+01 1.397292702515011520e+01
4.203147393297943779e+01 1.409064628129490693e+01
4.393416101891693160e+01 1.420355808526853281e+01
4.590669482869393647e+01 1.431184087947754691e+01
4.795221130530064357e+01 1.441565912956202666e+01
5.007396241989426500e+01 1.451509919216202782e+01
5.227532134179728729e+01 1.461042841284016802e+01
5.455978780117689553e+01 1.470177984782457870e+01
5.693099365293169001e+01 1.478956939936631798e+01
5.939270865063042493e+01 1.487420671875717026e+01
6.194884643968324411e+01 1.495620634659680093e+01
6.460347077927212922e+01 1.503557908553289657e+01
6.736080200293353926e+01 1.511248599629873191e+01
7.022522372806342617e+01 1.518677013105570595e+01
7.320128982501118742e+01 1.525823380547777930e+01
7.629373165684334879e+01 1.532745489171542985e+01
7.950746560128530405e+01 1.539512756061479948e+01
8.284760086680049085e+01 1.546064948938605355e+01
8.631944761523249099e+01 1.552400772715361832e+01
8.992852540392426874e+01 1.558518694095111456e+01
9.368057196073426951e+01 1.564371393574781699e+01
9.758155230590209328e+01 1.570040850490823203e+01
1.016376682352639165e+02 1.575639217614106613e+01
1.058553681798950947e+02 1.581230671122120590e+01
1.102413574578541215e+02 1.586824360588563465e+01
1.148026089343274379e+02 1.592500434299130063e+01
1.195463741071210677e+02 1.598249453215824190e+01
1.244801946351241355e+02 1.603946892321357254e+01
1.296119143280715207e+02 1.609688014583577598e+01
1.349496916166672236e+02 1.615658368634132103e+01
1.405020125228939492e+02 1.621786594383558011e+01
1.462777041511281482e+02 1.628013946459913441e+01
1.522859487215096692e+02 1.634417506631960748e+01
1.585362981678763390e+02 1.641094797626937662e+01
1.650386893234702370e+02 1.647996548924371396e+01
1.718034597185595658e+02 1.655371222257100783e+01
1.788413640150900505e+02 1.663433199606454593e+01
1.861635911044939462e+02 1.672151693714029363e+01
1.937817818958393161e+02 1.681571027919881089e+01
2.017080478225987861e+02 1.691757712725763341e+01
2.099549900974604384e+02 1.702623360085495463e+01
2.185357197457911980e+02 1.714222168151625780e+01
2.274638784496031008e+02 1.726769560785785984e+01
2.367536602351603676e+02 1.740403023288189033e+01
2.464198340387049768e+02 1.755442756828671946e+01
2.564777671861783119e+02 1.772165283119901957e+01
2.669434498242675318e+02 1.790664652619977204e+01
2.778335203416216928e+02 1.809833391088032428e+01
2.891652918206640379e+02 1.830179911183673269e+01
3.009567795620857282e+02 1.851881449777712163e+01
3.132267297258585472e+02 1.875369412665405378e+01
3.259946491344890092e+02 1.900943792787602149e+01
3.392808362863340790e+02 1.928573008726754878e+01
3.531064136292366129e+02 1.958224650691838775e+01
3.674933611477544559e+02 1.989798188940886803e+01
3.824645513211672210e+02 2.022823795086940635e+01
3.980437855145387971e+02 2.057610151196969639e+01
4.142558318712455616e+02 2.094182687348558503e+01
4.311264647807630013e+02 2.132237123772083365e+01
4.486825059941866130e+02 2.171486678060789899e+01
4.669518674366045161e+02 2.211285613610765566e+01
4.859635956861600334e+02 2.251048145769660280e+01
5.057479178874085619e+02 2.290553819322419571e+01
5.263362884205595265e+02 2.328771881422420975e+01
5.477614347596538664e+02 2.364642668436068362e+01
5.700573993237991317e+02 2.397801030594271054e+01
5.932595713560990589e+02 2.428254455429352276e+01
6.174046984882090783e+02 2.455189375202109758e+01
6.425308612334282543e+02 2.478600660307321846e+01
6.686773849918981796e+02 2.499498305698310219e+01
6.958846535452179296e+02 2.517824974435333729e+01
7.241937765929172883e+02 2.533668257160548620e+01
7.536460538799125288e+02 2.546977920990804023e+01
7.842821733180975343e+02 2.557510216719058249e+01
8.161410845593333079e+02 2.565009326350742924e+01
8.492585071849014184e+02 2.569732159122094117e+01
8.836650672945658016e+02 2.572368016425787474e+01
9.193841082510367642e+02 2.573552103254300150e+01
9.564292868133592265e+02 2.573790012783383574e+01
9.948021359880425507e+02 2.573568430912206395e+01
1.034489837288521358e+03 2.573141195609527543e+01
1.075463482105905769e+03 2.572648581623508335e+01
1.117677100294897855e+03 2.572096837354742860e+01
1.161067685197964465e+03 2.571521923487541983e+01
1.205556348691512085e+03 2.570910266846269110e+01
1.251050608793114634e+03 2.570301390186052259e+01
1.297447666869458999e+03 2.569673733108044544e+01
1.344638397926668858e+03 2.569046644748420860e+01
1.392511681567591495e+03 2.568402394805679734e+01
1.440958661632982967e+03 2.567764777156170197e+01
1.489876546218169779e+03 2.567116739686987259e+01
1.539171640242423564e+03 2.566477017453197007e+01
1.588761422246553138e+03 2.565832395760203255e+01
1.638575611281274178e+03 2.565197327053254028e+01
1.688556293917864650e+03 2.564557102227697882e+01
1.738657276069219506e+03 2.563929163110600840e+01
1.788842878736340026e+03 2.563298385475361130e+01
1.839086409903800359e+03 2.562684047295944367e+01
1.889368523506530437e+03 2.562070057569628290e+01
1.939675632383273978e+03 2.561473144964628545e+01
1.989998488322226649e+03 2.560874818260768748e+01
2.040330989823476784e+03 2.560294632268095683e+01
2.090669234656651497e+03 2.559714621965747128e+01
2.141010803315962676e+03 2.559152195761674164e+01
2.191354241309018107e+03 2.558586659056098966e+01
2.241698700832178019e+03 2.558039372047691273e+01
2.292043702702579139e+03 2.557491088202171525e+01
2.342388984287852509e+03 2.556960780685703227e+01
2.392734405999051887e+03 2.556429514163309236e+01
2.443079895887834482e+03 2.555916275308279495e+01
2.493425417990423739e+03 2.555401819951729436e+01
2.543770954873147730e+03 2.554903057093072505e+01
2.594116498340174076e+03 2.554405627680667124e+01
2.644462044654915644e+03 2.553925365342659859e+01
2.694807592165288042e+03 2.553441892760481124e+01
2.745153140162934051e+03 2.552975811222105307e+01
2.795498688353323359e+03 2.552508345242783250e+01
2.845844236617704610e+03 2.552056373009707357e+01
2.896189784909648097e+03 2.551604082052146083e+01
2.946535333211554644e+03 2.551171410912512272e+01
2.996880881516954105e+03 2.550737132115389727e+01
3.047226429823542730e+03 2.550319841084026962e+01
3.097571978130523803e+03 2.549901286339502704e+01
3.147917526437629931e+03 2.549498926872229987e+01
3.198263074744775167e+03 2.549093122728030991e+01
3.248608623051931772e+03 2.548701376360948956e+01
3.298954171359092925e+03 2.548307351238385010e+01
3.349299719666254077e+03 2.547928436733811708e+01
3.399645267973415685e+03 2.547546424545846122e+01
3.449990816280576837e+03 2.547182822584479567e+01
3.500336364587737989e+03 2.546819336679540413e+01
3.550681912894899597e+03 2.546469629484711916e+01
3.601027461202060749e+03 2.546115725872840230e+01
3.651373009509221902e+03 2.545776337861236271e+01
3.701718557816383054e+03 2.545434581718690126e+01
3.752064106123544661e+03 2.545106327900057863e+01
3.802409654430705814e+03 2.544774331627578690e+01
3.852755202737866966e+03 2.544455964595352171e+01
3.903100751045028574e+03 2.544133910733068049e+01
3.953446299352189726e+03 2.543826846462292579e+01
4.003791847659350879e+03 2.543518098050095588e+01
4.054137395966512941e+03 2.543224179039713562e+01
4.104482944273674548e+03 2.542926940289964932e+01
4.154828492580835700e+03 2.542642463469618974e+01
4.205174040887996853e+03 2.542355926661089072e+01
4.255519589195158005e+03 2.542082353625915303e+01
4.305865137502319158e+03 2.541803215441227337e+01
4.356210685809481220e+03 2.541535086289259127e+01
4.406556234116642372e+03 2.541261247704318293e+01
4.456901782423803525e+03 2.540999267240320947e+01
4.507247330730964677e+03 2.540732766619634120e+01
4.557592879038125830e+03 2.540479247145328046e+01
4.607938427345286982e+03 2.540223218275091455e+01
4.658283975652449044e+03 2.539980729524528869e+01
4.708629523959610196e+03 2.539735163561791609e+01
4.758975072266771349e+03 2.539501170675777786e+01
4.809320620573932501e+03 2.539261554656664899e+01
4.859666168881093654e+03 2.539032238977014089e+01
4.910011717188254806e+03 2.538797991466127968e+01
4.960357265495415959e+03 2.538573683709034512e+01
5.010702813802578021e+03 2.538345937953661746e+01
5.061048362109739173e+03 2.538128506551867858e+01
5.111393910416900326e+03 2.537906839781881985e+01
5.161739458724061478e+03 2.537695796253528613e+01
5.212085007031222631e+03 2.537482849133215268e+01
5.262430555338383783e+03 2.537284857645354919e+01
5.312776103645545845e+03 2.537081172226094594e+01
5.363121651952706998e+03 2.536883572842448942e+01
5.413467200259868150e+03 2.536676112971252195e+01
5.463812748567029303e+03 2.536478163624755666e+01
5.514158296874190455e+03 2.536275688875937817e+01
5.564503845181351608e+03 2.536086053167642262e+01
5.614849393488513670e+03 2.535892788540520471e+01
5.665194941795674822e+03 2.535711205038246163e+01
5.715540490102835975e+03 2.535523415524206925e+01
5.765886038409997127e+03 2.535345662276101919e+01
5.816231586717158279e+03 2.535162903763059816e+01
5.866577135024319432e+03 2.534989630438751007e+01
5.916922683331481494e+03 2.534808031127874628e+01
5.967268231638642646e+03 2.534632383558822610e+01
6.017613779945803799e+03 2.534450504983982100e+01
6.067959328252964951e+03 2.534282791733401652e+01
6.118304876560126104e+03 2.534114631599142342e+01
6.168650424867287256e+03 2.533955678371533438e+01
6.218995973174448409e+03 2.533785339348391830e+01
6.269341521481610471e+03 2.533618868512882472e+01
6.319687069788771623e+03 2.533448916195435885e+01
6.370032618095932776e+03 2.533290337927908098e+01
6.420378166403093928e+03 2.533129016727214378e+01
6.470723714710255990e+03 2.532974569574246004e+01
6.521069263017417143e+03 2.532814429085385655e+01
6.571414811324578295e+03 2.532663730421339565e+01
6.621760359631740357e+03 2.532506374590513687e+01
6.672105907938901510e+03 2.532357350542154606e+01
6.722451456246062662e+03 2.532202360775844241e+01
6.772797004553223815e+03 2.532055699451468556e+01
6.823142552860384967e+03 2.531906498591080990e+01
6.873488101167546120e+03 2.531761805307451496e+01
6.923833649474707272e+03 2.531610587099186205e+01
6.974179197781869334e+03 2.531465860804200219e+01
7.024524746089030486e+03 2.531315525387249110e+01
7.074870294396191639e+03 2.531175280617060963e+01
7.125215842703352791e+03 2.531028492369009442e+01
7.175561391010513944e+03 2.530889782019765377e+01
7.225906939317675096e+03 2.530748528551455223e+01
7.276252487624837158e+03 2.530615130553382031e+01
7.326598035931998311e+03 2.530476836810146679e+01
7.376943584239159463e+03 2.530344057603432972e+01
7.427289132546320616e+03 2.530202131558801426e+01
7.477634680853481768e+03 2.530066296282718952e+01
7.527980229160642921e+03 2.529926666716193395e+01
7.578325777467804983e+03 2.529794142347536479e+01
7.628671325774966135e+03 2.529657170703858782e+01
7.679016874082127288e+03 2.529525582106611381e+01
7.729362422389288440e+03 2.529388501423096258e+01
7.779707970696449593e+03 2.529262595487811183e+01
7.830053519003610745e+03 2.529126312123253228e+01
7.880399067310772807e+03 2.528997083486195407e+01
7.930744615617933960e+03 2.528864050369143612e+01
7.981090163925095112e+03 2.528735972815638888e+01
8.031435712232256265e+03 2.528623223008713339e+01
