# Columns: yplus uVDplus | Case=jet_M16_T75 | x*=5.00
0.000000000000000000e+00 0.000000000000000000e+00
3.725408393692373199e-01 3.576272808727508634e-01
1.091398580219179015e+00 1.091508346454561185e+00
1.813218109053044813e+00 1.842807496865865424e+00
2.538801872815480198e+00 2.602528517622218374e+00
3.269039429772265581e+00 3.360651518029908580e+00
4.004895716148641149e+00 4.108224222818689597e+00
4.747399343538110550e+00 4.838080856772762672e+00
5.497631931283037510e+00 5.544772589908388838e+00
6.256719103479654542e+00 6.224616877574813856e+00
7.025823435188248034e+00 6.875271808185235756e+00
7.806139358545219231e+00 7.495626982075824785e+00
8.598889853751909840e+00 8.085356575817664648e+00
9.405324649161402206e+00 8.644832559929275462e+00
1.022671962288882419e+01 9.174829373193185589e+00
1.106437711420825565e+01 9.676560380624783519e+00
1.191962689570165068e+01 1.015132313491511340e+01
1.279382761000532298e+01 1.060045524093071734e+01
1.368836852674958315e+01 1.102526396115038310e+01
1.460467151967653621e+01 1.142707069143471443e+01
1.554419319863127491e+01 1.180713691921867081e+01
1.650842715635421243e+01 1.216678726317010195e+01
1.749890630725188956e+01 1.250722366647211636e+01
1.851720530649952323e+01 1.282968124382173158e+01
1.956494304473346801e+01 1.313542251959197671e+01
2.064378521768497521e+01 1.342570779100519296e+01
2.175544697245386061e+01 1.370155623653258381e+01
2.290169563344014847e+01 1.396381657261461307e+01
2.408435351169637428e+01 1.421304946093334465e+01
2.530530080190229825e+01 1.444984450870178172e+01
2.656647857144949754e+01 1.467490134594059370e+01
2.786989184633671357e+01 1.488880860068155876e+01
2.921761279876078987e+01 1.509226423978547338e+01
3.061178404146224352e+01 1.528587972470885425e+01
3.205462203405937061e+01 1.547016663606172671e+01
3.354842060678529236e+01 1.564556174973952629e+01
3.509555460722921083e+01 1.581249416510005545e+01
3.669848367587964333e+01 1.597124685955130907e+01
3.835975615647177506e+01 1.612202036444257658e+01
4.008201314735552501e+01 1.626503820022264435e+01
4.186799270032555853e+01 1.640056955695061092e+01
4.372053417358799265e+01 1.652913687050648761e+01
4.564258274578479302e+01 1.665155385624217033e+01
4.763719409825169038e+01 1.676839790418832621e+01
4.970753927295407948e+01 1.687978430897763360e+01
5.185690971382340564e+01 1.698572178948595379e+01
5.408872249950945843e+01 1.708654024249398162e+01
5.640652577586698158e+01 1.718243628665349476e+01
5.881400439681380021e+01 1.727317500298919128e+01
6.131498578252801934e+01 1.735880095975027260e+01
6.391344600429722789e+01 1.743970515794431364e+01
6.661351610569457193e+01 1.751585712976890719e+01
6.941948867013000779e+01 1.758742389839170528e+01
7.233582464521842326e+01 1.765459276867958494e+01
7.536716043481385441e+01 1.771756762437400567e+01
7.851831526998516608e+01 1.777690890166206827e+01
8.179429887065046501e+01 1.783256410881756793e+01
8.520031941005250076e+01 1.788373867925304239e+01
8.874179179473527768e+01 1.793052804824746005e+01
9.242434627318664297e+01 1.797398750325084649e+01
9.625383738683203205e+01 1.801419518852678436e+01
1.002363532776106467e+02 1.805217084228123170e+01
1.043782253669302946e+02 1.808776603351195789e+01
1.086860384213892559e+02 1.811997554966588098e+01
1.131666410212674378e+02 1.814820258807764830e+01
1.178271564484295055e+02 1.817413526196286355e+01
1.226749940109501722e+02 1.819941290427340164e+01
1.277178608224648855e+02 1.822403897678579199e+01
1.329637740549730438e+02 1.824591360987138700e+01
1.384210736845739973e+02 1.826684706821784232e+01
1.440984357503974991e+02 1.828605833852825668e+01
1.500048861478095148e+02 1.830337219461696918e+01
1.561498149778206823e+02 1.832043690985264917e+01
1.625429914755101777e+02 1.833757117478774035e+01
1.691945795411991753e+02 1.835272400938933757e+01
1.761151538990645236e+02 1.836754568589337566e+01
1.833157169088823082e+02 1.838153861413455203e+01
1.908077160576278573e+02 1.839477570213552227e+01
1.986030621587413236e+02 1.840924860243620387e+01
2.067141482879921739e+02 1.842335351405594679e+01
2.151538694860456076e+02 1.843349458604233604e+01
2.239356432590566897e+02 1.844521907957201989e+01
2.330734309098841379e+02 1.845979561500859845e+01
2.425817597338400731e+02 1.847585156935009465e+01
2.524757461142733064e+02 1.849751144093777100e+01
2.627711195547312855e+02 1.851576870361718008e+01
2.734842476859758449e+02 1.853698204754764234e+01
2.846321622877742925e+02 1.856856779539334923e+01
2.962325863672185733e+02 1.861202394989012987e+01
3.083039623374533562e+02 1.866421775736173672e+01
3.208654813433284403e+02 1.872453649729948566e+01
3.339371137839025323e+02 1.880112045462916370e+01
3.475396410861761183e+02 1.889602298808595293e+01
3.616946887897823331e+02 1.901459820626660857e+01
3.764247610070665360e+02 1.915841157254710936e+01
3.917532763218333116e+02 1.932460919885904005e+01
4.077046051696482891e+02 1.952325249161258824e+01
4.243041086733579732e+02 1.975584814152620083e+01
4.415781787309196034e+02 2.001988972965942537e+01
4.595542787632089698e+02 2.032391263973320861e+01
4.782609837536720647e+02 2.067479720480286431e+01
4.977280167894387546e+02 2.106320607132522227e+01
5.179862768954257035e+02 2.150120404934064311e+01
5.390678491315713927e+02 2.199941520876830126e+01
5.610059823222662772e+02 2.252767375810413242e+01
5.838350122264095035e+02 2.305618659214577093e+01
6.075901986959909209e+02 2.358396149046740220e+01
6.323074353958274969e+02 2.408290368177589258e+01
6.580227819229975239e+02 2.453025078340871801e+01
6.847717636714668288e+02 2.492629691950119764e+01
7.125883883271254717e+02 2.524366566874888562e+01
7.415038433394704498e+02 2.548270910939148237e+01
7.715448689418810773e+02 2.567182598235237734e+01
8.027318466707442894e+02 2.582660825783735348e+01
8.350767005035461352e+02 2.595646123916574410e+01
8.685807689375859582e+02 2.605707369988428113e+01
9.032328599071106510e+02 2.612411387359131254e+01
9.390077327528672413e+02 2.615596288024280369e+01
9.758652500618902650e+02 2.616203279378831326e+01
1.013750399516585730e+03 2.615281962875464572e+01
1.052594302387634343e+03 2.613769296206718451e+01
1.092316210887609031e+03 2.612104270522610605e+01
1.132826369563904109e+03 2.610433083801499876e+01
1.174029499297524808e+03 2.608720056193276449e+01
1.215828578744716197e+03 2.607024895692570965e+01
1.258128563511141238e+03 2.605308869604704114e+01
1.300839704019099145e+03 2.603609879532196203e+01
1.343880193301835789e+03 2.601897366284761759e+01
1.387177980295240332e+03 2.600209707282411031e+01
1.430671701358481187e+03 2.598521420698990525e+01
1.474310791169439653e+03 2.596863597263997647e+01
1.518054916787275033e+03 2.595212268221725438e+01
1.561872926195658238e+03 2.593597579595616054e+01
1.605741514085478457e+03 2.591994423390664082e+01
1.649643789037360193e+03 2.590421381652257438e+01
1.693567887840977846e+03 2.588862368570047678e+01
1.737505735705747838e+03 2.587330087178191107e+01
1.781452005295415802e+03 2.585817962947808368e+01
1.825403289498019149e+03 2.584338183665452959e+01
1.869357475796785138e+03 2.582877837409771615e+01
1.913313294246591568e+03 2.581445602108233217e+01
1.957270004613866831e+03 2.580033405849989236e+01
2.001227188514890031e+03 2.578647201434485225e+01
2.045184616640317472e+03 2.577285602380459650e+01
2.089142167112370771e+03 2.575948111527742057e+01
2.133099777111575804e+03 2.574634068749967142e+01
2.177057415237271016e+03 2.573343384072647311e+01
2.221015066267784732e+03 2.572073128600843006e+01
2.264972723047178988e+03 2.570828366018795208e+01
2.308930382312967140e+03 2.569605983713084285e+01
2.352888042622683770e+03 2.568408442197815589e+01
2.396845703357848834e+03 2.567232630067019272e+01
2.440803364261301340e+03 2.566079442845157033e+01
2.484761025229357529e+03 2.564946947383475617e+01
2.528718686221478947e+03 2.563834785362080027e+01
2.572676347222299228e+03 2.562746596030657642e+01
2.616634008226169499e+03 2.561677629937786094e+01
2.660591669231077958e+03 2.560629439575026112e+01
2.704549330236328842e+03 2.559598971275267942e+01
2.748506991241688866e+03 2.558592757243937754e+01
2.792464652247083450e+03 2.557603365925963601e+01
2.836422313252487584e+03 2.556632413969599327e+01
2.880379974257895810e+03 2.555674441565441768e+01
2.924337635263304037e+03 2.554734872990197303e+01
2.968295296268712718e+03 2.553808235979620278e+01
3.012252957274120945e+03 2.552902040642390702e+01
3.056210618279529172e+03 2.552010477504504493e+01
3.100168279284937853e+03 2.551139914559051292e+01
3.144125940290346080e+03 2.550280494796126973e+01
3.188083601295754306e+03 2.549441061393268626e+01
3.232041262301162988e+03 2.548613583784307224e+01
3.275998923306571214e+03 2.547806454016716771e+01
3.319956584311979441e+03 2.547009891423416050e+01
3.363914245317388122e+03 2.546232578177037453e+01
3.407871906322796349e+03 2.545461412198453743e+01
3.451829567328204575e+03 2.544706992861879158e+01
3.495787228333613257e+03 2.543958017299384977e+01
3.539744889339021938e+03 2.543229262710330119e+01
3.583702550344430620e+03 2.542510154420830304e+01
3.627660211349838846e+03 2.541808822055928019e+01
3.671617872355247073e+03 2.541113038413493186e+01
3.715575533360655754e+03 2.540433504207203086e+01
3.759533194366063981e+03 2.539760998509786560e+01
3.803490855371472207e+03 2.539106687531157291e+01
3.847448516376880889e+03 2.538455762457968490e+01
3.891406177382289115e+03 2.537822524214069020e+01
3.935363838387697342e+03 2.537194244065512194e+01
3.979321499393106023e+03 2.536582355192561522e+01
4.023279160398514250e+03 2.535971864927504527e+01
4.067236821403922477e+03 2.535373963827250066e+01
4.111194482409330703e+03 2.534779383296706357e+01
4.155152143414739839e+03 2.534198095483689528e+01
4.199109804420148066e+03 2.533622144606965421e+01
4.243067465425556293e+03 2.533064095334306387e+01
4.287025126430964519e+03 2.532511129724326793e+01
4.330982787436372746e+03 2.531969543480818174e+01
4.374940448441780973e+03 2.531426813222008576e+01
4.418898109447190109e+03 2.530896030891590698e+01
4.462855770452598335e+03 2.530368198213214370e+01
4.506813431458006562e+03 2.529855780688888700e+01
4.550771092463414789e+03 2.529345924355430597e+01
4.594728753468823015e+03 2.528849864035358053e+01
4.638686414474231242e+03 2.528351302475534013e+01
4.682644075479640378e+03 2.527865583320385312e+01
4.726601736485048605e+03 2.527379883361717816e+01
4.770559397490456831e+03 2.526908132859197664e+01
4.814517058495865058e+03 2.526431805246788898e+01
4.858474719501273285e+03 2.525970794177026235e+01
4.902432380506681511e+03 2.525509631569536140e+01
4.946390041512090647e+03 2.525061574020749333e+01
4.990347702517498874e+03 2.524609382867665630e+01
5.034305363522907101e+03 2.524170128696813009e+01
5.078263024528315327e+03 2.523730822779455352e+01
5.122220685533723554e+03 2.523303347356216264e+01
5.166178346539131780e+03 2.522870766030724710e+01
5.210136007544540917e+03 2.522450795807080581e+01
5.254093668549949143e+03 2.522025937429500075e+01
5.298051329555357370e+03 2.521611709402687040e+01
5.342008990560765596e+03 2.521193321883959726e+01
5.385966651566173823e+03 2.520793576760647881e+01
5.429924312571582050e+03 2.520390153014651347e+01
5.473881973576991186e+03 2.519997570579891644e+01
5.517839634582399412e+03 2.519599103054820333e+01
5.561797295587807639e+03 2.519218489018425444e+01
5.605754956593215866e+03 2.518835613011105679e+01
5.649712617598625002e+03 2.518463483723747487e+01
5.693670278604033228e+03 2.518079855221970931e+01
5.737627939609441455e+03 2.517707182199034577e+01
5.781585600614849682e+03 2.517325055913897103e+01
5.825543261620258818e+03 2.516955869269770574e+01
5.869500922625667044e+03 2.516582713356499568e+01
5.913458583631075271e+03 2.516225766506245520e+01
5.957416244636483498e+03 2.515862934152666597e+01
6.001373905641891724e+03 2.515510466724699512e+01
6.045331566647299951e+03 2.515151958949220656e+01
6.089289227652709087e+03 2.514807085074322757e+01
6.133246888658117314e+03 2.514453441481132145e+01
6.177204549663525540e+03 2.514110629468754254e+01
6.221162210668933767e+03 2.513759115243444242e+01
6.265119871674341994e+03 2.513421468077172349e+01
6.309077532679750220e+03 2.513073803945350804e+01
6.353035193685159356e+03 2.512736627678653534e+01
6.396992854690567583e+03 2.512391197402244103e+01
6.440950515695975810e+03 2.512059918841655914e+01
6.484908176701384036e+03 2.511719719536941042e+01
6.528865837706792263e+03 2.511390050419828412e+01
6.572823498712200490e+03 2.511051177963524950e+01
6.616781159717609626e+03 2.510728131472105673e+01
6.660738820723017852e+03 2.510397515887477837e+01
6.704696481728426079e+03 2.510078643727393555e+01
6.748654142733834306e+03 2.509743687998306427e+01
6.792611803739242532e+03 2.509418081502074571e+01
6.836569464744650759e+03 2.509085998491869063e+01
6.880527125750059895e+03 2.508761199526767527e+01
6.924484786755468122e+03 2.508434756985242942e+01
6.968442447760876348e+03 2.508120787783678551e+01
7.012400108766284575e+03 2.507827198255379031e+01
