# Columns: yplus uVDplus | Case=jet_M16_T05 | x*=5.00
0.000000000000000000e+00 0.000000000000000000e+00
4.302548796539760745e-01 4.179900738423519835e-01
1.260478087668954084e+00 1.260628475164308426e+00
2.094121923969253452e+00 2.103799409861312419e+00
2.932113150609154673e+00 2.934595544553647350e+00
3.775479136253089063e+00 3.740240869112564592e+00
4.625334305081145736e+00 4.511132801368158418e+00
5.482866621232030724e+00 5.241267061590401788e+00
6.349325268555674917e+00 5.927633228982160496e+00
7.226010252873939166e+00 6.569542857295607163e+00
8.114264255417419136e+00 7.167816019596124022e+00
9.015466749792208745e+00 7.724257973282977474e+00
9.931030180336597013e+00 8.241193940259583073e+00
1.086239788336524192e+01 8.721294954368078223e+00
1.181104339607692921e+01 9.167355760408447907e+00
1.277847081619309932e+01 9.582193694885054569e+00
1.376621592471210676e+01 9.968441885930012347e+00
1.477584784523653916e+01 1.032855242370454540e+01
1.580897107309798422e+01 1.066480918121247434e+01
1.686722775877001368e+01 1.097936952094867280e+01
1.795230017014750246e+01 1.127413509164435901e+01
1.906591328741213687e+01 1.155072061081192203e+01
2.020983750412565527e+01 1.181066192527571879e+01
2.138589142109987762e+01 1.205539598192578588e+01
2.259594472756697670e+01 1.228631443946737711e+01
2.384192116890103819e+01 1.250462263665415463e+01
2.512580160285248709e+01 1.271130474475060801e+01
2.644962714778121793e+01 1.290719367846227428e+01
2.781550242723380606e+01 1.309311358072673315e+01
2.922559891571768631e+01 1.327001323808685740e+01
3.068215839085480923e+01 1.343875087696110526e+01
3.218749649734403562e+01 1.359997509235510194e+01
3.374400642837374420e+01 1.375413257225285513e+01
3.535416273032758028e+01 1.390159933502013168e+01
3.702052523682791474e+01 1.404271761702642429e+01
3.874574313837040052e+01 1.417761790303761593e+01
4.053255919401850349e+01 1.430663932315214559e+01
4.238381409185401338e+01 1.443024564010820576e+01
4.430245096511556824e+01 1.454879113485704067e+01
4.629152007120482182e+01 1.466244604722016831e+01
4.835418364099929533e+01 1.477149692102908318e+01
5.049372090618093267e+01 1.487619989883673810e+01
5.271353331257322594e+01 1.497681353968381046e+01
5.501714992777475288e+01 1.507347468399183121e+01
5.740823305168667900e+01 1.516664613310468823e+01
5.989058403885312742e+01 1.525635872737344201e+01
6.246814934187170110e+01 1.534229436111224842e+01
6.514502678548102210e+01 1.542451067763106565e+01
6.792547208130092429e+01 1.550354816444365547e+01
7.081390559358167991e+01 1.558001926716222307e+01
7.381491936671828569e+01 1.565424752599009572e+01
7.693328442570340542e+01 1.572590303812697954e+01
8.017395836112380891e+01 1.579507320877755738e+01
8.354209321075994410e+01 1.586249574503677628e+01
8.704304365031831026e+01 1.592824591436618675e+01
9.068237550631891963e+01 1.599192800046106022e+01
9.446587460467050335e+01 1.605305175369343829e+01
9.839955596900256296e+01 1.611200632265572708e+01
1.024896733833764131e+02 1.616919870787022262e+01
1.067427293345788968e+02 1.622462649953435232e+01
1.111654853498044275e+02 1.627840559417241906e+01
1.157649727461612770e+02 1.632991498932500107e+01
1.205485038090902634e+02 1.637948301576142995e+01
1.255236834174688312e+02 1.642737485214608029e+01
1.306984211338811122e+02 1.647407438355441300e+01
1.360809437792754011e+02 1.651972637587563497e+01
1.416798085120008182e+02 1.656483714364967952e+01
1.475039164320155010e+02 1.660915617869843075e+01
1.535625267318944509e+02 1.665365004648680625e+01
1.598652714171353466e+02 1.669855278323480974e+01
1.664221706191631824e+02 1.674547178746734488e+01
1.732436485253799106e+02 1.679450202335524267e+01
1.803405499515837107e+02 1.684432491067632753e+01
1.877241575831049261e+02 1.689522363530986482e+01
1.954062099120694427e+02 1.694837557514588156e+01
2.033989198993053549e+02 1.700455888598739307e+01
2.117149943905624525e+02 1.706273841130670732e+01
2.203676543179115583e+02 1.712357834030213155e+01
2.293706557184410713e+02 1.718923466299180447e+01
2.387383116036659487e+02 1.725954959282901413e+01
2.484855147144168654e+02 1.733637834510168929e+01
2.586277611973868602e+02 1.742062941239992924e+01
2.691811752409774954e+02 1.751079213272437940e+01
2.801625347096151017e+02 1.760999436163432108e+01
2.915892978173027359e+02 1.771745197143098594e+01
3.034796308828452425e+02 1.783524627638293580e+01
3.158524372109529281e+02 1.796425716990418664e+01
3.287273871453295442e+02 1.810771798807311939e+01
3.421249493419657028e+02 1.826572028740688580e+01
3.560664233133161360e+02 1.844072479575775247e+01
3.705739732970836826e+02 1.863579814550154623e+01
3.856706635072701488e+02 1.885506330599712754e+01
4.013804948302972662e+02 1.909678957076744865e+01
4.177284430351787705e+02 1.936051049718737715e+01
4.347404985721570938e+02 1.964419786260084777e+01
4.524437080328852971e+02 1.993845963080763539e+01
4.708662173216866904e+02 2.025435810078992560e+01
4.900373165074746566e+02 2.059320340053448462e+01
5.099874861219909121e+02 2.094974491193190858e+01
5.307484442202647870e+02 2.131690805907437181e+01
5.523531926232092246e+02 2.168611490628697780e+01
5.748360591196855012e+02 2.206111590681211965e+01
5.982327296126658212e+02 2.242517593375207952e+01
6.225802597807327174e+02 2.277375537453379195e+01
6.479170493573515159e+02 2.309739016638243569e+01
6.742827533984298043e+02 2.339663563090604015e+01
7.017180942135004216e+02 2.366242188183098349e+01
7.302645261152297280e+02 2.389486575397931745e+01
7.599636950547773040e+02 2.408368510117473704e+01
7.908566300214246212e+02 2.422458151407570526e+01
8.229826071729877413e+02 2.432479149227223303e+01
8.563776455197654514e+02 2.439335328973209016e+01
8.910726278930577564e+02 2.443684861681892073e+01
9.270910933376044341e+02 2.446202657666976776e+01
9.644468130939139883e+02 2.447258835533510180e+01
1.003141333019336003e+03 2.447487494015708975e+01
1.043161727172886685e+03 2.447284892811751078e+01
1.084478844611470322e+03 2.446933206018157847e+01
1.127046329832655829e+03 2.446488364879183663e+01
1.170800648008621238e+03 2.446045918828531640e+01
1.215662249714814834e+03 2.445542340289373939e+01
1.261537877713665921e+03 2.445054030175407078e+01
1.308323871634610896e+03 2.444530499731692075e+01
1.355910191714100165e+03 2.444016673120930960e+01
1.404184786058301597e+03 2.443467282958028264e+01
1.453037885991876692e+03 2.442934143709739558e+01
1.502365837929306508e+03 2.442372298422032273e+01
1.552074161365594136e+03 2.441827209463178150e+01
1.602079643083175142e+03 2.441260118999827355e+01
1.652311412983765649e+03 2.440708559195709526e+01
1.702711072163717972e+03 2.440140764451377109e+01
1.753232039301540908e+03 2.439589207360468137e+01
1.803838336309410579e+03 2.439027858331173704e+01
1.854503047418887490e+03 2.438480425656382167e+01
1.905206664391296727e+03 2.437930105590760377e+01
1.955935486167340741e+03 2.437390213980030751e+01
2.006680187009587144e+03 2.436848248993269550e+01
2.057434614270656766e+03 2.436315613972102412e+01
2.108194833008678870e+03 2.435780603846422920e+01
2.158958403435705804e+03 2.435260690938641659e+01
2.209723858866671435e+03 2.434734535347037720e+01
2.260490344390992050e+03 2.434229627963410181e+01
2.311257376808925983e+03 2.433712688223415199e+01
2.362024691286517736e+03 2.433218121121786481e+01
2.412792147064679284e+03 2.432714548492338125e+01
2.463559671591940514e+03 2.432230613879162107e+01
2.514327228603049207e+03 2.431742528882611154e+01
2.565094800518191278e+03 2.431269267188027428e+01
2.615862379072830663e+03 2.430793501580017590e+01
2.666629960499056324e+03 2.430334372564574608e+01
2.717397543130936356e+03 2.429871307303168138e+01
2.768165126254174083e+03 2.429427945203165251e+01
2.818932709571771284e+03 2.428979517337363347e+01
2.869700292963980246e+03 2.428551704112553722e+01
2.920467876383982912e+03 2.428119525103359777e+01
2.971235459814031401e+03 2.427706163339050249e+01
3.022003043247603273e+03 2.427288288018072038e+01
3.072770626682373404e+03 2.426888527428541309e+01
3.123538210117539620e+03 2.426483446030082547e+01
3.174305793552831346e+03 2.426094827813493993e+01
3.225073376988163091e+03 2.425701662011008253e+01
3.275840960423506203e+03 2.425324908372867938e+01
3.326608543858853864e+03 2.424941146683728732e+01
3.377376127294201524e+03 2.424571367497509655e+01
3.428143710729549184e+03 2.424195819099842808e+01
3.478911294164897299e+03 2.423836912425043977e+01
3.529678877600244959e+03 2.423475765680223404e+01
3.580446461035592620e+03 2.423133013758353727e+01
3.631214044470940735e+03 2.422787513134684900e+01
3.681981627906288395e+03 2.422457002827235328e+01
3.732749211341636055e+03 2.422121376606723686e+01
3.783516794776984170e+03 2.421801909988453971e+01
3.834284378212331831e+03 2.421479459214560848e+01
3.885051961647679491e+03 2.421171729555143770e+01
3.935819545083027606e+03 2.420857071776697467e+01
3.986587128518375266e+03 2.420556312227262552e+01
4.037354711953722926e+03 2.420249257651407504e+01
4.088122295389071496e+03 2.419955896041440369e+01
4.138889878824419611e+03 2.419656500143918265e+01
4.189657462259767271e+03 2.419372295488687996e+01
4.240425045695114932e+03 2.419083167523183064e+01
4.291192629130462592e+03 2.418808007954150696e+01
4.341960212565810252e+03 2.418528232085897756e+01
4.392727796001158822e+03 2.418265089272617985e+01
4.443495379436506482e+03 2.417999114949336459e+01
4.494262962871854143e+03 2.417746595080112826e+01
4.545030546307201803e+03 2.417488048791051725e+01
4.595798129742549463e+03 2.417241045294681712e+01
4.646565713177897123e+03 2.416986928125961853e+01
4.697333296613244784e+03 2.416742922776594682e+01
4.748100880048593353e+03 2.416492145781524670e+01
4.798868463483941014e+03 2.416252176628168513e+01
4.849636046919288674e+03 2.416008284936392059e+01
4.900403630354636334e+03 2.415776867581515219e+01
4.951171213789983995e+03 2.415541783289027933e+01
5.001938797225331655e+03 2.415318460050801619e+01
5.052706380660680225e+03 2.415090887717004264e+01
5.103473964096027885e+03 2.414877249200771914e+01
5.154241547531375545e+03 2.414658909560267830e+01
5.205009130966723205e+03 2.414451223153500692e+01
5.255776714402070866e+03 2.414235992359877869e+01
5.306544297837418526e+03 2.414028677534948031e+01
5.357311881272767096e+03 2.413814714403731898e+01
5.408079464708114756e+03 2.413612078231309255e+01
5.458847048143462416e+03 2.413406611204918306e+01
5.509614631578810076e+03 2.413210665937410582e+01
5.560382215014157737e+03 2.413007717991511925e+01
5.611149798449505397e+03 2.412813933562782154e+01
5.661917381884853057e+03 2.412617367885421515e+01
5.712684965320201627e+03 2.412430370997593343e+01
5.763452548755549287e+03 2.412237266634427613e+01
5.814220132190896948e+03 2.412054331523412287e+01
5.864987715626244608e+03 2.411866632199558680e+01
5.915755299061592268e+03 2.411690598476377190e+01
5.966522882496939928e+03 2.411506943738055142e+01
6.017290465932288498e+03 2.411335391660489691e+01
6.068058049367636158e+03 2.411157352508000073e+01
6.118825632802983819e+03 2.410986474172534955e+01
6.169593216238331479e+03 2.410808356958150256e+01
6.220360799673679139e+03 2.410637191744572050e+01
6.271128383109026800e+03 2.410461547693374484e+01
6.321895966544375369e+03 2.410296029154300257e+01
6.372663549979723030e+03 2.410125833511476046e+01
6.423431133415070690e+03 2.409967136424859291e+01
6.474198716850418350e+03 2.409798903813802440e+01
6.524966300285766920e+03 2.409639593342475195e+01
6.575733883721114580e+03 2.409474872643366439e+01
6.626501467156462240e+03 2.409320769561133346e+01
6.677269050591809901e+03 2.409159805630133988e+01
6.728036634027158470e+03 2.409004432598487000e+01
6.778804217462506131e+03 2.408843010569487930e+01
6.829571800897853791e+03 2.408691989397243205e+01
6.880339384333201451e+03 2.408532371821892326e+01
6.931106967768549111e+03 2.408380696258578979e+01
6.981874551203896772e+03 2.408222292107187101e+01
7.032642134639245342e+03 2.408075888174093393e+01
7.083409718074593002e+03 2.407924455312180712e+01
7.134177301509940662e+03 2.407779723919181336e+01
7.184944884945288322e+03 2.407627880571984491e+01
7.235712468380635983e+03 2.407483869867099102e+01
7.286480051815983643e+03 2.407332323665302098e+01
7.337247635251331303e+03 2.407189704455207391e+01
7.388015218686679873e+03 2.407040007916263136e+01
7.438782802122027533e+03 2.406900401333599504e+01
7.489550385557375193e+03 2.406751585174133012e+01
7.540317968992722854e+03 2.406610579807172812e+01
7.591085552428070514e+03 2.406464050722605563e+01
7.641853135863418174e+03 2.406326141353127568e+01
7.692620719298766744e+03 2.406179864180305117e+01
7.743388302734114404e+03 2.406040275491245239e+01
7.794155886169462065e+03 2.405891361539289619e+01
7.844923469604809725e+03 2.405755841765494552e+01
7.895691053040157385e+03 2.405611332037927852e+01
7.946458636475505045e+03 2.405477431397350685e+01
7.997226219910853615e+03 2.405336154278615979e+01
8.047993803346201275e+03 2.405200112859332862e+01
8.098761386781548936e+03 2.405075854268799773e+01
