# Columns: yplus uVDplus | Case=jet_M16_T05 | x*=10.00
0.000000000000000000e+00 0.000000000000000000e+00
4.312724278016848434e-01 4.205321172563135090e-01
1.263459104745080275e+00 1.263589096108971743e+00
2.099074499722781262e+00 2.105429035832965923e+00
2.939047566571326708e+00 2.937861201763189101e+00
3.784408103670953150e+00 3.750110856418261918e+00
4.636273170802911459e+00 4.531525889677745944e+00
5.495833541628274865e+00 5.273675156012106235e+00
6.364341354303302722e+00 5.971176232051965016e+00
7.243099689149595122e+00 6.621585523152207386e+00
8.133454402824369822e+00 7.224707381404589235e+00
9.036788231373915181e+00 7.781976566179544363e+00
9.954516959552137223e+00 8.295764560307315350e+00
1.088808733714850518e+01 8.768997588038370594e+00
1.183897638626137905e+01 9.204816443409576721e+00
1.280869176178708102e+01 9.606428798370087563e+00
1.379877287682945664e+01 9.976901334006015531e+00
1.481079256595147697e+01 1.031922111944879283e+01
1.584635911909887973e+01 1.063609461694675140e+01
1.690711857041338462e+01 1.093008364188298387e+01
1.799475716633529032e+01 1.120352147803308540e+01
1.911100396660579293e+01 1.145855048697503697e+01
2.025763355174830593e+01 1.169698367569373154e+01
2.143646882354594041e+01 1.192048786344295408e+01
2.264938389302573540e+01 1.213051110273371513e+01
2.389830705519881704e+01 1.232844297394595579e+01
2.518522385252282803e+01 1.251541607553770952e+01
2.651218023058055095e+01 1.269245828818492861e+01
2.788128579033054422e+01 1.286040191965618185e+01
2.929471714179401687e+01 1.301994277866453409e+01
3.075472136437280923e+01 1.317170139962026276e+01
3.226361957924050472e+01 1.331636964637954712e+01
3.382381063946155564e+01 1.345460794648448655e+01
3.543777494369508929e+01 1.358710195056445968e+01
3.710807837954238408e+01 1.371437668409023303e+01
3.883737640280602221e+01 1.383694803944706919e+01
4.062841825914506444e+01 1.395532523742904019e+01
4.248405135483795192e+01 1.406996006626334150e+01
4.440722578360168882e+01 1.418120960081314763e+01
4.640099901666375359e+01 1.428941639579485567e+01
4.846854076354358654e+01 1.439492144300066379e+01
5.061313801127067080e+01 1.449787766548461754e+01
5.283820025005115184e+01 1.459858620104308891e+01
5.514726489369041218e+01 1.469744217574117151e+01
5.754400290338936941e+01 1.479474891940165726e+01
6.003222462385461000e+01 1.489062366635983992e+01
6.261588584100155686e+01 1.498523554603805863e+01
6.529909407088013040e+01 1.507873331872810851e+01
6.808611508982220073e+01 1.517121115698343203e+01
7.098137971619181030e+01 1.526276509700643480e+01
7.398949085451938856e+01 1.535381615032559566e+01
7.711523081322023643e+01 1.544518755910351082e+01
8.036356890752935556e+01 1.553730654900098074e+01
8.373966935974095804e+01 1.563014071605546462e+01
8.724889950931181204e+01 1.572309114518575690e+01
9.089683834588159073e+01 1.581538788457350719e+01
9.468928537877486917e+01 1.590698162498677526e+01
9.863226985708710970e+01 1.599806087020027690e+01
1.027320603550114697e+02 1.608930042716341902e+01
1.069951747376458684e+02 1.618108130078399753e+01
1.114283905231235963e+02 1.627303675226491464e+01
1.160387556575419694e+02 1.636511337428007451e+01
1.208335997198179967e+02 1.645756232350448656e+01
1.258205455742856316e+02 1.655039451840907461e+01
1.310075214895591387e+02 1.664409572108110069e+01
1.364027737429295541e+02 1.673733489110873052e+01
1.420148797303332344e+02 1.683049482848304024e+01
1.478527616027336080e+02 1.692312179680133610e+01
1.539257004505962243e+02 1.701427453531434608e+01
1.602433510590078356e+02 1.710358921758003703e+01
1.668157572568961200e+02 1.719146338585502676e+01
1.736533678847538056e+02 1.727960766747058230e+01
1.807670534062513070e+02 1.736843299758747250e+01
1.881681231901481510e+02 1.745783601075986269e+01
1.958683434899773204e+02 1.754544615457723111e+01
2.038799561500875939e+02 1.763185838185689747e+01
2.122156980677817728e+02 1.771926847207100408e+01
2.208888214424923717e+02 1.780444371552686889e+01
2.299131148441870778e+02 1.788951876112917105e+01
2.393029251344986506e+02 1.797547774056608461e+01
2.490731802754291095e+02 1.806210237105391769e+01
2.592394130618912413e+02 1.814931226798709929e+01
2.698177858158181834e+02 1.823465369030943606e+01
2.808251160811045679e+02 1.832031282156082597e+01
2.922789033602412019e+02 1.840736795730263253e+01
3.041973569351808919e+02 1.849449380711637403e+01
3.165994248167455112e+02 1.858221135515114142e+01
3.295048238687895719e+02 1.866997517892207270e+01
3.429340711554541485e+02 1.875492331396007017e+01
3.569085165623110925e+02 1.884186872597537743e+01
3.714503767452463308e+02 1.893122122782893868e+01
3.865827704648787631e+02 1.902753072126552425e+01
4.023297553694675912e+02 1.913167550647676052e+01
4.187163662954508823e+02 1.924192255384625483e+01
4.357686551602052418e+02 1.935900112565372666e+01
4.535137325202812804e+02 1.948259378617828474e+01
4.719798108447622553e+02 1.960959560324742412e+01
4.911962494732585469e+02 1.974475063976132105e+01
5.111936010236404400e+02 1.989636580461852589e+01
5.320036585637952840e+02 2.005628725149378866e+01
5.536595019635861945e+02 2.022925108924499682e+01
5.761955401967248918e+02 2.042123828674119324e+01
5.996475435629589583e+02 2.062905223250335496e+01
6.240526553771508134e+02 2.085132628971988211e+01
6.494493661877213526e+02 2.110302343374270251e+01
6.758774248343570434e+02 2.137533337517957577e+01
7.033776499344139665e+02 2.164910094494612736e+01
7.319915938395600961e+02 2.192443565259254967e+01
7.617610009931801187e+02 2.220285382239138627e+01
7.927269974176729193e+02 2.248082586760745016e+01
8.249289521585434386e+02 2.274148770266481634e+01
8.584029694106616262e+02 2.297285939152838807e+01
8.931800050428898885e+02 2.316524846832538387e+01
9.292836537695550305e+02 2.332062271154078559e+01
9.667277194000007512e+02 2.343055082091765939e+01
1.005513751447512504e+03 2.350459002314894263e+01
1.045628793401395569e+03 2.354484298452761237e+01
1.087043625376888258e+03 2.356121982329994680e+01
1.129711782241296760e+03 2.356885957087036587e+01
1.173569578907616688e+03 2.357159089683124975e+01
1.218537277817765471e+03 2.357159068757628262e+01
1.264521401181812053e+03 2.357097489037610316e+01
1.311418043473534908e+03 2.357045189297468823e+01
1.359116904686531143e+03 2.356983452899462961e+01
1.407505667925448961e+03 2.356928196509785778e+01
1.456474304913216656e+03 2.356857371858005123e+01
1.505918916924704035e+03 2.356786527580121060e+01
1.555744800009540086e+03 2.356709028471075840e+01
1.605868544151798233e+03 2.356647314500096968e+01
1.656219111646176771e+03 2.356572208374402067e+01
1.706737965476251247e+03 2.356498522387640193e+01
1.757378414156207782e+03 2.356424486580990774e+01
1.808104394510432940e+03 2.356343902960268721e+01
1.858888927114985336e+03 2.356266210558888829e+01
1.909712457594416037e+03 2.356184322229430350e+01
1.960561252486570083e+03 2.356113589517277518e+01
2.011425963998746965e+03 2.356029298899762381e+01
2.062300424932622263e+03 2.355952920204491008e+01
2.113180691040230613e+03 2.355861077398665060e+01
2.164064316763552597e+03 2.355782064398003683e+01
2.214949831948826613e+03 2.355691115035203964e+01
2.265836379663615844e+03 2.355606735582152922e+01
2.316723475565415811e+03 2.355510548127774939e+01
2.367610854193941577e+03 2.355424453087519510e+01
2.418498374457210957e+03 2.355329003478101768e+01
2.469385963632171297e+03 2.355238270394064415e+01
2.520273585367803207e+03 2.355143705879788385e+01
2.571161222042716417e+03 2.355048688412493263e+01
2.622048865372828914e+03 2.354949515839753005e+01
2.672936511581319337e+03 2.354854927643481588e+01
2.723824158998314942e+03 2.354750338105317553e+01
2.774711806907830578e+03 2.354652622954313301e+01
2.825599455012165436e+03 2.354542800750884624e+01
2.876487103191288497e+03 2.354440328895373469e+01
2.927374751398270746e+03 2.354335947693235553e+01
2.978262399615322920e+03 2.354233083737915422e+01
3.029150047835906662e+03 2.354128264419123795e+01
3.080037696057691392e+03 2.354019942604076832e+01
3.130925344279873116e+03 2.353913058463378860e+01
3.181812992502181260e+03 2.353805361416280562e+01
3.232700640724528967e+03 2.353693583387445898e+01
3.283588288946888042e+03 2.353587396505974283e+01
3.334475937169251665e+03 2.353477458773384612e+01
3.385363585391615743e+03 2.353372892863623989e+01
3.436251233613979821e+03 2.353261360144527359e+01
3.487138881836343444e+03 2.353156868446145467e+01
3.538026530058707522e+03 2.353042222935946626e+01
3.588914178281071145e+03 2.352936554522185020e+01
3.639801826503435223e+03 2.352816276120480410e+01
3.690689474725799300e+03 2.352709239799091279e+01
3.741577122948162923e+03 2.352591074492711698e+01
3.792464771170527001e+03 2.352483751458670369e+01
3.843352419392890624e+03 2.352366550198753004e+01
3.894240067615254702e+03 2.352255794354849883e+01
3.945127715837618780e+03 2.352139578141542842e+01
3.996015364059982403e+03 2.352026636212764998e+01
4.046903012282346481e+03 2.351910182796272508e+01
4.097790660504711013e+03 2.351793386956200749e+01
4.148678308727075091e+03 2.351676589036294729e+01
4.199565956949439169e+03 2.351563322835897551e+01
4.250453605171802337e+03 2.351444824577182757e+01
4.301341253394166415e+03 2.351336451093122903e+01
4.352228901616530493e+03 2.351217367479452491e+01
4.403116549838894571e+03 2.351108887544160808e+01
4.454004198061258649e+03 2.350987604961723676e+01
4.504891846283621817e+03 2.350876975576836259e+01
4.555779494505985895e+03 2.350756659136383320e+01
4.606667142728349972e+03 2.350640307184096045e+01
4.657554790950714050e+03 2.350520927695909634e+01
4.708442439173078128e+03 2.350408738673141684e+01
4.759330087395441296e+03 2.350295986271043702e+01
4.810217735617805374e+03 2.350187184463617029e+01
4.861105383840169452e+03 2.350074159306119270e+01
4.911993032062533530e+03 2.349967060238628136e+01
4.962880680284897608e+03 2.349852400968947563e+01
5.013768328507260776e+03 2.349741885248993611e+01
5.064655976729624854e+03 2.349625504952798849e+01
5.115543624951988932e+03 2.349514258019860691e+01
5.166431273174353009e+03 2.349398828482583923e+01
5.217318921396717087e+03 2.349288617488413777e+01
5.268206569619080256e+03 2.349175520681932383e+01
5.319094217841444333e+03 2.349067524295510978e+01
5.369981866063808411e+03 2.348955362158913118e+01
5.420869514286172489e+03 2.348847175213654381e+01
5.471757162508536567e+03 2.348733517351813660e+01
5.522644810730899735e+03 2.348624211592751720e+01
5.573532458953263813e+03 2.348510281971655900e+01
5.624420107175627891e+03 2.348402055030686597e+01
5.675307755397991968e+03 2.348289849527476747e+01
5.726195403620356046e+03 2.348183833983200230e+01
5.777083051842719215e+03 2.348075501985170632e+01
5.827970700065083292e+03 2.347973739960037065e+01
5.878858348287447370e+03 2.347867463481494710e+01
5.929745996509811448e+03 2.347765493644775603e+01
5.980633644732175526e+03 2.347657949867862470e+01
6.031521292954538694e+03 2.347555712888428303e+01
6.082408941176902772e+03 2.347449278987548027e+01
6.133296589399266850e+03 2.347347572554792094e+01
6.184184237621630928e+03 2.347241935305234861e+01
6.235071885843995005e+03 2.347141332362071608e+01
6.285959534066358174e+03 2.347035649656022827e+01
6.336847182288722252e+03 2.346934532132362961e+01
6.387734830511086329e+03 2.346828262064488158e+01
6.438622478733450407e+03 2.346727370676553903e+01
6.489510126955814485e+03 2.346621388180523837e+01
6.540397775178178563e+03 2.346523108345893149e+01
6.591285423400542641e+03 2.346420036842020806e+01
6.642173071622906718e+03 2.346325873426349062e+01
6.693060719845270796e+03 2.346227538106111510e+01
6.743948368067633965e+03 2.346136469568643790e+01
6.794836016289998042e+03 2.346038816323640930e+01
6.845723664512362120e+03 2.345944034122130617e+01
6.896611312734726198e+03 2.345840792578863798e+01
6.947498960957090276e+03 2.345746693455171794e+01
6.998386609179453444e+03 2.345647532308023742e+01
7.049274257401817522e+03 2.345557972237929079e+01
7.100161905624181600e+03 2.345461580534379209e+01
7.151049553846545678e+03 2.345369876416505406e+01
7.201937202068909755e+03 2.345270303021851888e+01
7.252824850291272924e+03 2.345178663653270945e+01
7.303712498513637001e+03 2.345083665789535488e+01
7.354600146736001079e+03 2.344999416196328568e+01
7.405487794958365157e+03 2.344908315511887409e+01
7.456375443180729235e+03 2.344822411913223448e+01
7.507263091403092403e+03 2.344731027803634404e+01
7.558150739625456481e+03 2.344644917648925286e+01
7.609038387847820559e+03 2.344552023440318322e+01
7.659926036070184637e+03 2.344464216345152607e+01
7.710813684292548714e+03 2.344372431496830345e+01
7.761701332514911883e+03 2.344290947600699226e+01
7.812588980737275961e+03 2.344203843501718509e+01
7.863476628959640038e+03 2.344124443214693798e+01
7.914364277182004116e+03 2.344037809670364325e+01
7.965251925404368194e+03 2.343957159292949655e+01
8.016139573626731362e+03 2.343869999333852761e+01
8.067027221849095440e+03 2.343786592041408667e+01
8.117914870071459518e+03 2.343706911263841164e+01
