# Columns: yplus uVDplus | Case=jet_M12_T75 | x*=10.00
0.000000000000000000e+00 0.000000000000000000e+00
4.144407245336201306e-01 4.037414140988326294e-01
1.214148814145693978e+00 1.214266656958275403e+00
2.017151805761131289e+00 2.024689384736194864e+00
2.824342397999771492e+00 2.826871184402297565e+00
3.636710198263608973e+00 3.610283944129750289e+00
4.455328669717095735e+00 4.364501526815659282e+00
5.281342112498701447e+00 5.081124865452824046e+00
6.115953796308138735e+00 5.754560341434186377e+00
6.960415944839285274e+00 6.382054227000184099e+00
7.816021888646519145e+00 6.963134949692547870e+00
8.684100398344234861e+00 7.499032370910057921e+00
9.566012003429262833e+00 7.992043557333164294e+00
1.046314698993036885e+01 8.445206364198657667e+00
1.137692473471733834e+01 8.861864137393187235e+00
1.230879405192086473e+01 9.245445055272943691e+00
1.326023427441962710e+01 9.599197735129839870e+00
1.423275685217849329e+01 9.926190048501073449e+00
1.522790730679217752e+01 1.022918061111146137e+01
1.624726743097063064e+01 1.051063206713805442e+01
1.729245766031652565e+01 1.077272617190951109e+01
1.836513957281562881e+01 1.101747714204938333e+01
1.946701849065052059e+01 1.124666010007569206e+01
2.059984617138103147e+01 1.146189771638896993e+01
2.176542358321618664e+01 1.166461537948834071e+01
2.296560376365620826e+01 1.185604584700185349e+01
2.420229476339408947e+01 1.203734474657617248e+01
2.547746267883438875e+01 1.220954370560160029e+01
2.679313477741499128e+01 1.237357707659595007e+01
2.815140272040628489e+01 1.253023910926694207e+01
2.955442588817981076e+01 1.268021824078182291e+01
3.100443481317608274e+01 1.282425549727490299e+01
3.250373472600571745e+01 1.296306351045562444e+01
3.405470922031196324e+01 1.309723902870297607e+01
3.565982404221721680e+01 1.322725243453236743e+01
3.732163101037679809e+01 1.335350249106567944e+01
3.904277207287133677e+01 1.347625267068952759e+01
4.082598350738753368e+01 1.359582239364947398e+01
4.267410027136457984e+01 1.371248903498149829e+01
4.459006050902193863e+01 1.382657647841169890e+01
4.657691022243419354e+01 1.393829354290909350e+01
4.863780811407850990e+01 1.404798147173435652e+01
5.077603060855391703e+01 1.415604469648296870e+01
5.299497706145554332e+01 1.426283204569222640e+01
5.529817516368539287e+01 1.436869214080978274e+01
5.768928654979074366e+01 1.447382246316845134e+01
6.017211261924718713e+01 1.457825606252749928e+01
6.275060057994009810e+01 1.468202198668482161e+01
6.542884972345343897e+01 1.478535635568391982e+01
6.821111794214175461e+01 1.488869434840894890e+01
7.110182849834593810e+01 1.499224062064411633e+01
7.410557705651565641e+01 1.509611018921411585e+01
7.722713898941688626e+01 1.520001318497819121e+01
8.047147697004072597e+01 1.530377449062976503e+01
8.384374886128284743e+01 1.540754694268478708e+01
8.734931591593702649e+01 1.551108360901386796e+01
9.099375130003816992e+01 1.561457235549151612e+01
9.478284895310673619e+01 1.571802261720451988e+01
9.872263279937928360e+01 1.582133771061586280e+01
1.028193663246700424e+02 1.592472291980763899e+01
1.070795625340881116e+02 1.602733931410992341e+01
1.115099943064422519e+02 1.612865269220751330e+01
1.161177051617932534e+02 1.622758648020620598e+01
1.209100204592735963e+02 1.632414513424735603e+01
1.258945590429757146e+02 1.641916220637151724e+01
1.310792453544240459e+02 1.651258854781194430e+01
1.364723220308875398e+02 1.660562781684885536e+01
1.420823630095606802e+02 1.669853801320903486e+01
1.479182871584466739e+02 1.678923867878410192e+01
1.539893724556137897e+02 1.687774789425864697e+01
1.603052707393654543e+02 1.696496908058664843e+01
1.668760230527760484e+02 1.705194037654819894e+01
1.737120756069853371e+02 1.713709523876286411e+01
1.808242963886313817e+02 1.722020254141103734e+01
1.882239924378236822e+02 1.730202188706622479e+01
1.959229278241257930e+02 1.738322544165596995e+01
2.039333423491253541e+02 1.746428492883343964e+01
2.122679710053245969e+02 1.754503257831105856e+01
2.209400642222879867e+02 1.762249135411256873e+01
2.299634089322341310e+02 1.769754109939093212e+01
2.393523504885617967e+02 1.777193225632594675e+01
2.491218154721573512e+02 1.784882606228700652e+01
2.592873354217427959e+02 1.792216339067557129e+01
2.698650715259944946e+02 1.799432566270687417e+01
2.808718403166998883e+02 1.806650155162424554e+01
2.923251404038310852e+02 1.813897074135318732e+01
3.042431802951137456e+02 1.821460873480018350e+01
3.166449073445045883e+02 1.828598974014563439e+01
3.295500378760248736e+02 1.835935775071867226e+01
3.429790885317661377e+02 1.843400326382053933e+01
3.569534088958158691e+02 1.850900826855699677e+01
3.714952154496452863e+02 1.858358966856050998e+01
3.866276269194524389e+02 1.865553900837290513e+01
4.023747010819071761e+02 1.873470492035739454e+01
4.187614730999763424e+02 1.881942886201475318e+01
4.358139954592235199e+02 1.890145374165643588e+01
4.535593795522952973e+02 1.899192579531378300e+01
4.720258388822945221e+02 1.909290741351287224e+01
4.912427336593119094e+02 1.920329738245891704e+01
5.112406161311632218e+02 1.931974833389633872e+01
5.320512751263240716e+02 1.944255052666549943e+01
5.537077767048441501e+02 1.957341797311079645e+01
5.762444951229673507e+02 1.970939424447481514e+01
5.996971240660091098e+02 1.985546060100026011e+01
6.241026518730027419e+02 2.001286624154062110e+01
6.494992760656469954e+02 2.018287701850458049e+01
6.759262221920199636e+02 2.036993849460456474e+01
7.034234208983241388e+02 2.056874522816802653e+01
7.320309874255216300e+02 2.077615463032538301e+01
7.617884427293269027e+02 2.099166543036973565e+01
7.927336193598675891e+02 2.122318160405258070e+01
8.249012124372485459e+02 2.146875872543000341e+01
8.583209696844701284e+02 2.172452282970962756e+01
8.930155649611866693e+02 2.198893562091435427e+01
9.289982633415762621e+02 2.226179989102061896e+01
9.662705538645091110e+02 2.253016195367986896e+01
1.004819985686078667e+03 2.278296238859554990e+01
1.044618479315386367e+03 2.302151054686578746e+01
1.085621383061254846e+03 2.322495103638328118e+01
1.127767497338692692e+03 2.338723392787449029e+01
1.170980196587580167e+03 2.350510514762833836e+01
1.215169651269812448e+03 2.357570943867865765e+01
1.260236011084757592e+03 2.361353131952246542e+01
1.306073280815418229e+03 2.363307576399610355e+01
1.352573527071004492e+03 2.364084693641139268e+01
1.399631015758796138e+03 2.364257472299205531e+01
1.447145903113819941e+03 2.364314187927527655e+01
1.495027181292128262e+03 2.364327541839384850e+01
1.543194695604468279e+03 2.364321051016771591e+01
1.591580180805587361e+03 2.364308199727513937e+01
1.640127384462139617e+03 2.364275844991785291e+01
1.688791437363939394e+03 2.364236284522954179e+01
1.737537683809238160e+03 2.364177095877268542e+01
1.786340197327237092e+03 2.364120056584614815e+01
1.835180186710786302e+03 2.364055704882898468e+01
1.884044454487386020e+03 2.363977774867955617e+01
1.932924017690053006e+03 2.363899194181153618e+01
1.981812949813921932e+03 2.363801528929305817e+01
2.030707460547163464e+03 2.363703597489687169e+01
2.079605199777013240e+03 2.363599187482514452e+01
2.128504754726881401e+03 2.363479730024395664e+01
2.177405301908695947e+03 2.363370712557736653e+01
2.226306375882874363e+03 2.363240846634056069e+01
2.275207721549517828e+03 2.363121516987088100e+01
2.324109203323183920e+03 2.362978457017486633e+01
2.373010751319054634e+03 2.362843530783523249e+01
2.421912330604818635e+03 2.362684993714675130e+01
2.470813924246813713e+03 2.362536925902628582e+01
2.519715524284268668e+03 2.362370114566224188e+01
2.568617127087764402e+03 2.362216238682965397e+01
2.617518731052599833e+03 2.362046180781739224e+01
2.666420335490733578e+03 2.361881486630375804e+01
2.715321940116082715e+03 2.361700315406407213e+01
2.764223544813301032e+03 2.361526198525577769e+01
2.813125149537291691e+03 2.361335478592128467e+01
2.862026754270958918e+03 2.361154093435958856e+01
2.910928359008019925e+03 2.360954003023545411e+01
2.959829963746235535e+03 2.360765071809191085e+01
3.008731568484832223e+03 2.360558069904706002e+01
3.057633173223549875e+03 2.360364392984918425e+01
3.106534777962306634e+03 2.360149117896846960e+01
3.155436382701073398e+03 2.359948967597927805e+01
3.204337987439845165e+03 2.359730778088062308e+01
3.253239592178616931e+03 2.359527853601430536e+01
3.302141196917388697e+03 2.359306585386222110e+01
3.351042801656160464e+03 2.359095304558691097e+01
3.399944406394932230e+03 2.358866752655026033e+01
3.448846011133703996e+03 2.358651784964492037e+01
3.497747615872475762e+03 2.358419828070155688e+01
3.546649220611247529e+03 2.358200375656136671e+01
3.595550825350019295e+03 2.357965904925028156e+01
3.644452430088791061e+03 2.357743521129327036e+01
3.693354034827562828e+03 2.357504651011614527e+01
3.742255639566334594e+03 2.357279096846120936e+01
3.791157244305106360e+03 2.357037037987053552e+01
3.840058849043878126e+03 2.356810369394837323e+01
3.888960453782649893e+03 2.356564961026820981e+01
3.937862058521422568e+03 2.356336948276611309e+01
3.986763663260194335e+03 2.356089999713576333e+01
4.035665267998966101e+03 2.355856567309108129e+01
4.084566872737737867e+03 2.355609133621928208e+01
4.133468477476509179e+03 2.355378761500470830e+01
4.182370082215281400e+03 2.355132465183828572e+01
4.231271686954053621e+03 2.354900236109154221e+01
4.280173291692824932e+03 2.354651392342784533e+01
4.329074896431597153e+03 2.354421906633228190e+01
4.377976501170368465e+03 2.354175195704387491e+01
4.426878105909140686e+03 2.353944050382683173e+01
4.475779710647911998e+03 2.353697700285293593e+01
4.524681315386684219e+03 2.353464169590997201e+01
4.573582920125455530e+03 2.353214494234487120e+01
4.622484524864227751e+03 2.352978013079200537e+01
4.671386129602999063e+03 2.352728191635286592e+01
4.720287734341771284e+03 2.352492511804624087e+01
4.769189339080542595e+03 2.352242732628696231e+01
4.818090943819314816e+03 2.352009614790916814e+01
4.866992548558086128e+03 2.351763048932282629e+01
4.915894153296858349e+03 2.351530264813334625e+01
4.964795758035629660e+03 2.351283065195177002e+01
5.013697362774401881e+03 2.351049641688006986e+01
5.062598967513173193e+03 2.350806007190961822e+01
5.111500572251945414e+03 2.350575359980296852e+01
5.160402176990716725e+03 2.350334756952092974e+01
5.209303781729488946e+03 2.350107339127482575e+01
5.258205386468260258e+03 2.349869718082427994e+01
5.307106991207032479e+03 2.349643410462693893e+01
5.356008595945803791e+03 2.349403493254518338e+01
5.404910200684576012e+03 2.349175205225225227e+01
5.453811805423347323e+03 2.348936232788210177e+01
5.502713410162119544e+03 2.348711167890988705e+01
5.551615014900890856e+03 2.348474087146901823e+01
5.600516619639663077e+03 2.348248745040391938e+01
5.649418224378434388e+03 2.348011444048732344e+01
5.698319829117206609e+03 2.347786583292431217e+01
5.747221433855977921e+03 2.347551896473995470e+01
5.796123038594750142e+03 2.347335943794648117e+01
5.845024643333521453e+03 2.347112202388123237e+01
5.893926248072293674e+03 2.346899873479429388e+01
5.942827852811064986e+03 2.346672002289254166e+01
5.991729457549837207e+03 2.346455061527306185e+01
6.040631062288608518e+03 2.346229310028584081e+01
6.089532667027380739e+03 2.346013496362898465e+01
6.138434271766152051e+03 2.345785788308619146e+01
6.187335876504924272e+03 2.345571994736730304e+01
6.236237481243695584e+03 2.345354237623014626e+01
6.285139085982468714e+03 2.345148923215313985e+01
6.334040690721240026e+03 2.344932137038058784e+01
6.382942295460012247e+03 2.344725034393584195e+01
6.431843900198783558e+03 2.344510230242322280e+01
6.480745504937555779e+03 2.344308945342623929e+01
6.529647109676327091e+03 2.344099158545649786e+01
6.578548714415099312e+03 2.343900458768194639e+01
6.627450319153870623e+03 2.343691251109965634e+01
6.676351923892642844e+03 2.343489988970150506e+01
6.725253528631414156e+03 2.343279256540528621e+01
6.774155133370186377e+03 2.343079516212381108e+01
6.823056738108957688e+03 2.342874490028587431e+01
6.871958342847729909e+03 2.342681235418945462e+01
6.920859947586501221e+03 2.342483455635246514e+01
6.969761552325273442e+03 2.342298036387803606e+01
7.018663157064044753e+03 2.342105115268712723e+01
7.067564761802816975e+03 2.341918113343902519e+01
7.116466366541588286e+03 2.341721207661369064e+01
7.165367971280360507e+03 2.341533014541531443e+01
7.214269576019131819e+03 2.341341844174151277e+01
7.263171180757904040e+03 2.341159752526575488e+01
7.312072785496675351e+03 2.340970807493796713e+01
7.360974390235447572e+03 2.340787468147717476e+01
7.409875994974218884e+03 2.340597127938216460e+01
7.458777599712991105e+03 2.340417891506933046e+01
7.507679204451763326e+03 2.340236318130702386e+01
7.556580809190534637e+03 2.340064442616742113e+01
7.605482413929306858e+03 2.339890217517600846e+01
7.654384018668078170e+03 2.339716683053582713e+01
7.703285623406850391e+03 2.339539499729118077e+01
7.752187228145621702e+03 2.339373735742547211e+01
7.801088832884393923e+03 2.339204461205881103e+01
