# Columns: yplus uVDplus | Case=jet_M08_T05 | x*=20.00
0.000000000000000000e+00 0.000000000000000000e+00
4.114938180606569351e-01 4.014118023160487825e-01
1.205515533708369835e+00 1.205613347261512924e+00
2.002808722754421122e+00 2.009302465836732665e+00
2.804259736229753219e+00 2.807039567405828606e+00
3.610851144871559892e+00 3.591004612969682874e+00
4.423648778917892876e+00 4.352550234310470501e+00
5.243788801890122642e+00 5.083776570306613785e+00
6.072465927564143051e+00 5.778502535284021135e+00
6.910923475619602740e+00 6.432676551949032984e+00
7.760445580303765745e+00 7.044221753166963751e+00
8.622351563925173323e+00 7.612817794049099085e+00
9.497992281851290741e+00 8.139441713427855163e+00
1.038874813439586653e+01 8.626047106054302915e+00
1.129602840586142776e+01 9.075136820635762547e+00
1.222127160849594496e+01 9.489556340566728920e+00
1.316594655628992427e+01 9.872210273403787539e+00
1.413155395194952746e+01 1.022596979305077802e+01
1.511962832754232444e+01 1.055350313210220925e+01
1.613174022834311216e+01 1.085729339924153081e+01
1.716949856774671446e+01 1.113958880860330503e+01
1.823455310898559389e+01 1.140244810644737683e+01
1.932859704844319637e+01 1.164770948174304088e+01
2.045336968769858643e+01 1.187705501765149130e+01
2.161065918906465910e+01 1.209199475031004134e+01
2.280230541390357146e+01 1.229390428008712810e+01
2.403020284559554298e+01 1.248399686611914738e+01
2.529630360049471705e+01 1.266334995761305571e+01
2.660262053102814761e+01 1.283288998705858219e+01
2.795123042557904469e+01 1.299348358689734617e+01
2.934427731011090401e+01 1.314593831948595870e+01
3.078397585672499659e+01 1.329099949328275621e+01
3.227261490454672099e+01 1.342932467419940146e+01
3.381256109852892422e+01 1.356150976772404348e+01
3.540626265195327704e+01 1.368815005561945952e+01
3.705625323861030296e+01 1.380984189723085720e+01
3.876515602084496948e+01 1.392713166895257793e+01
4.053568781987179648e+01 1.404053664584852790e+01
4.237066343498928944e+01 1.415048002668508431e+01
4.427300011856024042e+01 1.425732716983819515e+01
4.624572221387258963e+01 1.436141520324479970e+01
4.829196596325365221e+01 1.446305103732471764e+01
5.041498449408215521e+01 1.456255195349527654e+01
5.261815299062445916e+01 1.466014945285583693e+01
5.490497405991766300e+01 1.475605771617986051e+01
5.727908330022950167e+01 1.485045460018355534e+01
5.974425508094886084e+01 1.494356534348438359e+01
6.230440854309465948e+01 1.503556767439876829e+01
6.496361382998385636e+01 1.512670564357122238e+01
6.772609855796333989e+01 1.521705824830606701e+01
7.059625453749282542e+01 1.530672257930072178e+01
7.357864475526493209e+01 1.539587239035073551e+01
7.667801062846142202e+01 1.548465590932343439e+01
7.989927954267935206e+01 1.557327052372403919e+01
8.324757268551039147e+01 1.566213315739118350e+01
8.672821318822789749e+01 1.575162845360483743e+01
9.034673458852401495e+01 1.584156109748335339e+01
9.410888962775297273e+01 1.593169101433042378e+01
9.802065939666445615e+01 1.602178299075017875e+01
1.020882628441684119e+02 1.611179306883757079e+01
1.063181666642472010e+02 1.620205712697732992e+01
1.107170955767347920e+02 1.629292841435220396e+01
1.152920430183058045e+02 1.638415584336015129e+01
1.200502822606723043e+02 1.647575757813844533e+01
1.249993779736633570e+02 1.656761710255832298e+01
1.301471982515705008e+02 1.666004888399963235e+01
1.355019271218792198e+02 1.675435848232957170e+01
1.410720775562718927e+02 1.685120886658005901e+01
1.468665050045876512e+02 1.694989434267077755e+01
1.528944214732563864e+02 1.705060023196175933e+01
1.591654101705867390e+02 1.715256286323106494e+01
1.656894407421935398e+02 1.725535247953693485e+01
1.724768851207845159e+02 1.735957429994921952e+01
1.795385340155047231e+02 1.746574948943363026e+01
1.868856140670537798e+02 1.757299287503007079e+01
1.945298056958490918e+02 1.768235788007460840e+01
2.024832616716100233e+02 1.779534685598737198e+01
2.107586264338848991e+02 1.791199488137286977e+01
2.193690561942370323e+02 1.802967541103477345e+01
2.283282398520485685e+02 1.814911034751080976e+01
2.376504207571932170e+02 1.827163448061430273e+01
2.473504193541783707e+02 1.839820072584164024e+01
2.574436567437567760e+02 1.852807202687314359e+01
2.679461791994704072e+02 1.866182399490719845e+01
2.788746836781147067e+02 1.879620566407493243e+01
2.902465443647103029e+02 1.893364182559120934e+01
3.020798402942594976e+02 1.907406210503803479e+01
3.143933840943838049e+02 1.922283444337516656e+01
3.272067518949597229e+02 1.937347680334140065e+01
3.405403144532228339e+02 1.952748398361225668e+01
3.544152695457191840e+02 1.968739525408163260e+01
3.688536756822506391e+02 1.984903663353723857e+01
3.838784872018788406e+02 2.001636185259053491e+01
3.995135908169609138e+02 2.018631302722114285e+01
4.157838436763847199e+02 2.035997083070233771e+01
4.327151130178997391e+02 2.053820593878797851e+01
4.503343174569137659e+02 2.072136959836237224e+01
4.686694698826662489e+02 2.091022908112098122e+01
4.877497217376532603e+02 2.110552223587353993e+01
5.076054080260378782e+02 2.130351286612833661e+01
5.282680915398594834e+02 2.150058827152559360e+01
5.497706032208971010e+02 2.170324331293278775e+01
5.721470729051139870e+02 2.191111137372695694e+01
5.954329404756626900e+02 2.212350671230420929e+01
6.196649312636978948e+02 2.233113763396974250e+01
6.448809711850717576e+02 2.254913935287456184e+01
6.711200068721699381e+02 2.276238981700776520e+01
6.984216850418589502e+02 2.297138107419972641e+01
7.268258356931924027e+02 2.317817208414674823e+01
7.563716987656783886e+02 2.336685591479280433e+01
7.870968377987504709e+02 2.354373023481032945e+01
8.190357012107104993e+02 2.370687332586612328e+01
8.522178252015296493e+02 2.385175968010082670e+01
8.866657224069771246e+02 2.397558143007580611e+01
9.223925635790984643e+02 2.407973718745036606e+01
9.593998271688604973e+02 2.416068562061281000e+01
9.976751508648546860e+02 2.423137335792836566e+01
1.037190654837143484e+03 2.428538056640321940e+01
1.077902004893169078e+03 2.432364358350174172e+01
1.119748436611384022e+03 2.435282418467330245e+01
1.162653869282465848e+03 2.437095560265521854e+01
1.206529112106810999e+03 2.437946378402439152e+01
1.251275024775542306e+03 2.438401565296230800e+01
1.296786365757226349e+03 2.438617952523059529e+01
1.342955969128141305e+03 2.438656971691495556e+01
1.389678852624391084e+03 2.438681369099520069e+01
1.436855882426284097e+03 2.438687362236407452e+01
1.484396697806791281e+03 2.438698679565028726e+01
1.532221714021548451e+03 2.438706170940129425e+01
1.580263151229563164e+03 2.438715556503522919e+01
1.628465156983904535e+03 2.438721183649834146e+01
1.676783181119688606e+03 2.438730168773270179e+01
1.725182814356683821e+03 2.438739890404641031e+01
1.773638314575869117e+03 2.438749110788496566e+01
1.822131024186138802e+03 2.438760668547003974e+01
1.870647839556439749e+03 2.438770877087578626e+01
1.919179841593732363e+03 2.438782820737592516e+01
1.967721145933931439e+03 2.438790738294471794e+01
2.016267989216455362e+03 2.438802461107977493e+01
2.064818038039162275e+03 2.438810735607180291e+01
2.113369889671097553e+03 2.438820980054310184e+01
2.161922726479652283e+03 2.438827264363027325e+01
2.210476086334781485e+03 2.438835055538915952e+01
2.259029715950489845e+03 2.438841317837863443e+01
2.307583480705422971e+03 2.438853921041926398e+01
2.356137311211683937e+03 2.438860774269942411e+01
2.404691172785348954e+03 2.438871695019301100e+01
2.453245048613164727e+03 2.438878381702924258e+01
2.501798930790964732e+03 2.438887168737380051e+01
2.550352815715137694e+03 2.438890501232255659e+01
2.598906701792392141e+03 2.438900073122263734e+01
2.647460588339579772e+03 2.438903763008232417e+01
2.696014475072651294e+03 2.438915430556015806e+01
2.744568361877081770e+03 2.438918958388585878e+01
2.793122248708093593e+03 2.438930009301513024e+01
2.841676135548713319e+03 2.438935490544862361e+01
2.890230022392702722e+03 2.438948271923939970e+01
2.938783909237838088e+03 2.438952372093356402e+01
2.987337796083352259e+03 2.438962142948250644e+01
3.035891682928986484e+03 2.438964271270789297e+01
3.084445569774659361e+03 2.438974698934981333e+01
3.132999456620342244e+03 2.438979849829376434e+01
3.181553343466030583e+03 2.438990733785861664e+01
3.230107230311718467e+03 2.438995834506204829e+01
3.278661117157406352e+03 2.439004962370753660e+01
3.327215004003094236e+03 2.439005705395510404e+01
3.375768890848782121e+03 2.439012920770163717e+01
3.424322777694470005e+03 2.439012086115861422e+01
3.472876664540157890e+03 2.439016860025376232e+01
3.521430551385845774e+03 2.439015809533725232e+01
3.569984438231533659e+03 2.439020670559563086e+01
3.618538325077221543e+03 2.439018773862235534e+01
3.667092211922909428e+03 2.439023181783406358e+01
3.715646098768597767e+03 2.439021005122418373e+01
3.764199985614285652e+03 2.439025445054546637e+01
3.812753872459973536e+03 2.439020284565599184e+01
3.861307759305661421e+03 2.439022395926192743e+01
3.909861646151349760e+03 2.439018975167042314e+01
3.958415532997037644e+03 2.439024621002324267e+01
4.006969419842725983e+03 2.439022221039423854e+01
4.055523306688413868e+03 2.439028408174091567e+01
4.104077193534101752e+03 2.439026512876090180e+01
4.152631080379789637e+03 2.439030608777683540e+01
4.201184967225477521e+03 2.439028460925727515e+01
4.249738854071165406e+03 2.439031888957090644e+01
4.298292740916853290e+03 2.439027709778941500e+01
4.346846627762541175e+03 2.439030180301586626e+01
4.395400514608229059e+03 2.439026608417447051e+01
4.443954401453916944e+03 2.439031170349587185e+01
4.492508288299604828e+03 2.439030167453444520e+01
4.541062175145292713e+03 2.439036642051573622e+01
4.589616061990980597e+03 2.439037625216401040e+01
4.638169948836668482e+03 2.439040053541285502e+01
4.686723835682356366e+03 2.439035355132926952e+01
4.735277722528044251e+03 2.439031543729517537e+01
4.783831609373733045e+03 2.439021214637240575e+01
4.832385496219420929e+03 2.439019064889636113e+01
4.880939383065108814e+03 2.439015871347518782e+01
4.929493269910796698e+03 2.439018692006404976e+01
4.978047156756484583e+03 2.439015740078190930e+01
5.026601043602172467e+03 2.439015573495279554e+01
5.075154930447860352e+03 2.439007775089005037e+01
5.123708817293548236e+03 2.439005426804018839e+01
5.172262704139236121e+03 2.438994870700287620e+01
5.220816590984924005e+03 2.438993342711436796e+01
5.269370477830611890e+03 2.438984360347560099e+01
5.317924364676299774e+03 2.438980465261156283e+01
5.366478251521987659e+03 2.438973148979624384e+01
5.415032138367675543e+03 2.438971914210734226e+01
5.463586025213363428e+03 2.438966037591016445e+01
5.512139912059051312e+03 2.438969124890866169e+01
5.560693798904739197e+03 2.438968318149601444e+01
5.609247685750427081e+03 2.438971839384676699e+01
5.657801572596114966e+03 2.438967480512290820e+01
5.706355459441802850e+03 2.438966514463854551e+01
5.754909346287490735e+03 2.438961487310605492e+01
5.803463233133178619e+03 2.438957862326815729e+01
5.852017119978867413e+03 2.438947846199463143e+01
5.900571006824555297e+03 2.438942736950536272e+01
5.949124893670243182e+03 2.438935014113068078e+01
5.997678780515931066e+03 2.438930522820772140e+01
6.046232667361618951e+03 2.438922082062293129e+01
6.094786554207306835e+03 2.438919227180357652e+01
6.143340441052994720e+03 2.438911821239470257e+01
6.191894327898682604e+03 2.438909968827676877e+01
6.240448214744371398e+03 2.438903377906817127e+01
6.289002101590059283e+03 2.438900535435674044e+01
6.337555988435747167e+03 2.438891690535731271e+01
6.386109875281435052e+03 2.438887713650652955e+01
6.434663762127122936e+03 2.438879400738757042e+01
6.483217648972810821e+03 2.438878380889132202e+01
6.531771535818498705e+03 2.438870936311431592e+01
6.580325422664186590e+03 2.438869204530024959e+01
6.628879309509874474e+03 2.438861282166174860e+01
6.677433196355562359e+03 2.438856847450222887e+01
6.725987083201250243e+03 2.438848131094998095e+01
6.774540970046938128e+03 2.438847940641106860e+01
6.823094856892626012e+03 2.438844908394236199e+01
6.871648743738313897e+03 2.438844293734360136e+01
6.920202630584001781e+03 2.438837070094782078e+01
6.968756517429689666e+03 2.438829978839615720e+01
7.017310404275377550e+03 2.438818450625739231e+01
7.065864291121065435e+03 2.438812958338839465e+01
7.114418177966753319e+03 2.438805516334235790e+01
7.162972064812441204e+03 2.438806072353584398e+01
7.211525951658129998e+03 2.438800495091754428e+01
7.260079838503817882e+03 2.438797358792328751e+01
7.308633725349505767e+03 2.438786835941652953e+01
7.357187612195193651e+03 2.438781135375473852e+01
7.405741499040881536e+03 2.438772401695423042e+01
7.454295385886569420e+03 2.438769470898050784e+01
7.502849272732257305e+03 2.438763026786675425e+01
7.551403159577945189e+03 2.438760900853625913e+01
7.599957046423633074e+03 2.438757419892037603e+01
7.648510933269320958e+03 2.438759633017797768e+01
7.697064820115008843e+03 2.438752650042756187e+01
7.745618706960696727e+03 2.438746840105645930e+01
