# Columns: yplus uVDplus | Case=jet_M16_T75 | x*=10.00
0.000000000000000000e+00 0.000000000000000000e+00
4.147555368925651686e-01 4.040694499040095033e-01
1.215071090914517038e+00 1.215188461112946428e+00
2.018684049772712097e+00 2.026454682232222471e+00
2.826487790187721227e+00 2.830348760267043851e+00
3.639472671274926352e+00 3.616911692358188990e+00
4.458712971609646303e+00 4.375996218218266343e+00
5.285353860549530047e+00 5.099114779433897127e+00
6.120599521807198684e+00 5.780340028889341397e+00
6.965703130275271882e+00 6.416521461614633104e+00
7.821958998931952678e+00 7.006844455227475343e+00
8.690696907736006338e+00 7.552318500472661178e+00
9.573278419652920590e+00 8.055087961204272062e+00
1.047109487678341821e+01 8.518012145519396228e+00
1.138556673416685427e+01 8.944213529121524786e+00
1.231814390646427348e+01 9.336905297429861861e+00
1.327030685026697476e+01 9.699182968745990507e+00
1.424356816364883294e+01 1.003401546799223709e+01
1.523947454219464070e+01 1.034414751125850351e+01
1.625960898015625133e+01 1.063217583383504738e+01
1.730559314403166482e+01 1.090035006162568720e+01
1.837908987395405802e+01 1.115069746722930866e+01
1.948180578748184644e+01 1.138491604834818993e+01
2.061549397282336216e+01 1.160460202993765932e+01
2.178195676621691845e+01 1.181114411930326114e+01
2.298304861274426614e+01 1.200582028179963423e+01
2.422067901246836286e+01 1.218970684167139140e+01
2.549681555525570076e+01 1.236384402647893666e+01
2.681348704847209419e+01 1.252915513499926092e+01
2.817278674222990276e+01 1.268659267582659567e+01
2.957687565718259393e+01 1.283699925475561621e+01
3.102798602010025419e+01 1.298119858252238501e+01
3.252842481266438313e+01 1.311985134831128263e+01
3.408057743911429327e+01 1.325354086230038320e+01
3.568691151857207444e+01 1.338268694563121031e+01
3.734998080807410759e+01 1.350783105952945462e+01
3.907242926254507864e+01 1.362943012074500082e+01
4.085699523816924028e+01 1.374798150144570208e+01
4.270651584584125260e+01 1.386380110941067834e+01
4.462393146161749513e+01 1.397725905113026457e+01
4.661229040133913770e+01 1.408856836797040124e+01
4.867475376685802502e+01 1.419818780962254223e+01
5.081460047157047200e+01 1.430643233823773564e+01
5.303523245324824842e+01 1.441346710748981863e+01
5.534018008245448073e+01 1.451924807120964189e+01
5.773310777514217307e+01 1.462382545880665496e+01
6.021781981835916753e+01 1.472726940790399652e+01
6.279826641832028855e+01 1.482993248818851129e+01
6.547854998046288699e+01 1.493217088849819696e+01
6.826293163146924314e+01 1.503445142160844483e+01
7.115583799362431705e+01 1.513682856268921917e+01
7.416186822227983555e+01 1.523930045755262519e+01
7.728580131761157190e+01 1.534181264321477300e+01
8.053260372229520669e+01 1.544479989776234774e+01
8.390743721717865355e+01 1.554805106760080768e+01
8.741566712750456247e+01 1.565193258686486644e+01
9.106287085272755633e+01 1.575620354759521646e+01
9.485484673348905460e+01 1.586059085263159574e+01
9.879762326984477738e+01 1.596452590925419734e+01
1.028974687054009109e+02 1.606765967526947847e+01
1.071609009925952876e+02 1.617047577816364878e+01
1.115946981549674319e+02 1.627366787303163420e+01
1.162059090628901146e+02 1.637766616473564696e+01
1.210018646398948761e+02 1.648262780095010882e+01
1.259901895174066908e+02 1.658811316626703203e+01
1.311788141564166779e+02 1.669462228270416304e+01
1.365759874553643556e+02 1.680155346161232188e+01
1.421902898642727848e+02 1.690730956411863062e+01
1.480306470259858997e+02 1.701019078144452479e+01
1.541063439661953396e+02 1.711120091967687529e+01
1.604270398548151491e+02 1.721086056316624280e+01
1.670027833621730622e+02 1.730882195959074110e+01
1.738440286344312256e+02 1.740569443239103009e+01
1.809616519136337445e+02 1.750191571770107046e+01
1.883669688288047723e+02 1.759656759827422690e+01
1.960717523855854267e+02 1.768686526906699186e+01
2.040882516830107249e+02 1.777401701210749252e+01
2.124292113871810557e+02 1.786044057085362979e+01
2.211078919927889501e+02 1.794788197106872474e+01
2.301380909047127545e+02 1.803464185931058950e+01
2.395341643731918282e+02 1.811664454552437675e+01
2.493110503174581254e+02 1.819562214524127697e+01
2.594842920741098169e+02 1.827307316650112767e+01
2.700700631079862433e+02 1.834772824797222768e+01
2.810851927248418178e+02 1.842238264210731558e+01
2.925471928267270982e+02 1.849602830269872911e+01
3.044742857526901503e+02 1.856457513313065633e+01
3.168854332492434196e+02 1.862893249457235001e+01
3.298003666170793053e+02 1.869055208805769297e+01
3.432396180828883416e+02 1.874697179487811738e+01
3.572245534480662172e+02 1.879968828364673072e+01
3.717774060698940843e+02 1.885516873282132622e+01
3.869213122357321026e+02 1.890544757714671320e+01
4.026803479967222188e+02 1.895696824386950752e+01
4.190795675327332788e+02 1.901570657419933141e+01
4.361450431189972505e+02 1.908166744380119795e+01
4.539039067421828122e+02 1.915139737567577427e+01
4.723843933365865837e+02 1.921999566821535410e+01
4.916158854145404007e+02 1.929125297112961590e+01
5.116289584315823618e+02 1.937106203963428896e+01
5.324554253632264817e+02 1.945192601470185778e+01
5.541283773867554601e+02 1.954041168003854168e+01
5.766822148693627241e+02 1.964185231589306468e+01
6.001526586095610583e+02 1.975351671966424760e+01
6.245767250430105832e+02 1.987798263286628853e+01
6.499926407065408966e+02 2.001352324355483603e+01
6.764396609442578665e+02 2.016138600006062020e+01
7.039577467339895520e+02 2.032788611424826897e+01
7.325870437885433830e+02 2.050920462607217232e+01
7.623671030840557705e+02 2.070507133460682070e+01
7.933357859085497239e+02 2.092570447435954861e+01
8.255278137368101170e+02 2.116443416278841738e+01
8.589729568884363289e+02 2.141588950961590143e+01
8.936939064463205113e+02 2.167580496507035193e+01
9.297039375608932232e+02 2.194541403147918146e+01
9.670045404021099102e+02 2.222015204986691828e+01
1.005583254668307518e+03 2.249176204854888539e+01
1.045411979539190270e+03 2.274592322994828564e+01
1.086446029405813078e+03 2.295539077468248834e+01
1.128624158195509381e+03 2.311065217419785611e+01
1.171869682142795682e+03 2.322294494439528378e+01
1.216092703474359041e+03 2.329261646287298149e+01
1.261193296042512429e+03 2.333162350352566250e+01
1.307065384115477173e+03 2.335366019503270607e+01
1.353600952315430050e+03 2.336373024533312659e+01
1.400694186233221899e+03 2.336733103230829656e+01
1.448245166261787745e+03 2.336817847355535704e+01
1.496162815426923089e+03 2.336832767183725323e+01
1.544366918153257075e+03 2.336781275309616390e+01
1.592789157340732345e+03 2.336747824168672238e+01
1.641373237826222066e+03 2.336669636484057122e+01
1.690074256316543597e+03 2.336611094113674625e+01
1.738857530785211566e+03 2.336513961000661510e+01
1.787697115067480354e+03 2.336437998392955251e+01
1.836574203682255074e+03 2.336328480051054868e+01
1.885475589132134019e+03 2.336239543718727418e+01
1.934392281626603562e+03 2.336119588826399252e+01
1.983318350158979456e+03 2.336013971822697144e+01
2.032250001538282504e+03 2.335880226318470676e+01
2.081184883866584642e+03 2.335769998051533847e+01
2.130121583294140237e+03 2.335634291837445531e+01
2.179059275707348661e+03 2.335510355020454298e+01
2.227997495313076797e+03 2.335355157867429909e+01
2.276935986817650246e+03 2.335212944025125381e+01
2.325874614532633586e+03 2.335049221780203510e+01
2.374813308520124338e+03 2.334903581988242749e+01
2.423752033821277109e+03 2.334733009570620865e+01
2.472690773489565345e+03 2.334580034065503540e+01
2.521629519558171978e+03 2.334397075195090565e+01
2.570568268394920324e+03 2.334233570571720762e+01
2.619507018393890576e+03 2.334043210557389969e+01
2.668445768866518392e+03 2.333872297192095502e+01
2.717384519526503937e+03 2.333679727653069946e+01
2.766323270258413686e+03 2.333498349071165379e+01
2.815262021017115785e+03 2.333300242867974106e+01
2.864200771785501729e+03 2.333108081096613873e+01
2.913139522557284181e+03 2.332903622270000099e+01
2.962078273330221691e+03 2.332710272482476199e+01
3.011017024103541189e+03 2.332505744413097659e+01
3.059955774876981650e+03 2.332305553338798987e+01
3.108894525650460764e+03 2.332093733205667263e+01
3.157833276423950338e+03 2.331883621437409815e+01
3.206772027197444459e+03 2.331663263060097790e+01
3.255710777970939034e+03 2.331451359727965311e+01
3.304649528744433610e+03 2.331224556458446173e+01
3.353588279517928186e+03 2.331015549515052498e+01
3.402527030291422307e+03 2.330786830945471522e+01
3.451465781064916882e+03 2.330575816038043513e+01
3.500404531838411458e+03 2.330349771681563453e+01
3.549343282611905579e+03 2.330135861405561926e+01
3.598282033385400155e+03 2.329906548729138649e+01
3.647220784158894730e+03 2.329684701754727882e+01
3.696159534932388851e+03 2.329449458178004662e+01
3.745098285705883427e+03 2.329225637462717913e+01
3.794037036479378003e+03 2.328991196309419465e+01
3.842975787252872124e+03 2.328765626363469821e+01
3.891914538026366699e+03 2.328531256795081461e+01
3.940853288799861730e+03 2.328304924371998652e+01
3.989792039573356305e+03 2.328068548375997793e+01
4.038730790346850881e+03 2.327839566629791079e+01
4.087669541120345457e+03 2.327597582217816807e+01
4.136608291893840033e+03 2.327367463048177143e+01
4.185547042667333699e+03 2.327125637744222431e+01
4.234485793440828274e+03 2.326896302781571890e+01
4.283424544214322850e+03 2.326657693030739438e+01
4.332363294987817426e+03 2.326427458649079938e+01
4.381302045761312002e+03 2.326190750565760368e+01
4.430240796534806577e+03 2.325959006776983884e+01
4.479179547308301153e+03 2.325720577376284126e+01
4.528118298081794819e+03 2.325489414866907012e+01
4.577057048855289395e+03 2.325252687292463705e+01
4.625995799628783971e+03 2.325025064692329124e+01
4.674934550402278546e+03 2.324789480663345032e+01
4.723873301175773122e+03 2.324561282989882116e+01
4.772812051949267698e+03 2.324326074796872277e+01
4.821750802722761364e+03 2.324095857824102751e+01
4.870689553496255940e+03 2.323858586196749698e+01
4.919628304269750515e+03 2.323627897190456792e+01
4.968567055043245091e+03 2.323389734328213407e+01
5.017505805816739667e+03 2.323158725700226768e+01
5.066444556590234242e+03 2.322920507915036126e+01
5.115383307363728818e+03 2.322694328831661892e+01
5.164322058137222484e+03 2.322463275401863569e+01
5.213260808910717060e+03 2.322240810355249963e+01
5.262199559684211636e+03 2.322012257632147580e+01
5.311138310457706211e+03 2.321792090378672668e+01
5.360077061231200787e+03 2.321566434945793134e+01
5.409015812004695363e+03 2.321347195802922059e+01
5.457954562778189938e+03 2.321120194551280846e+01
5.506893313551683605e+03 2.320898611681230861e+01
5.555832064325178180e+03 2.320670374563861316e+01
5.604770815098672756e+03 2.320449080964097277e+01
5.653709565872167332e+03 2.320223552727087224e+01
5.702648316645661907e+03 2.320003687390715896e+01
5.751587067419156483e+03 2.319779148820216363e+01
5.800525818192650149e+03 2.319563992641844763e+01
5.849464568966144725e+03 2.319345910802476496e+01
5.898403319739639301e+03 2.319134944212231275e+01
5.947342070513133876e+03 2.318918399862114654e+01
5.996280821286628452e+03 2.318709280087816182e+01
6.045219572060123028e+03 2.318495639175205625e+01
6.094158322833617603e+03 2.318284793134036903e+01
6.143097073607111270e+03 2.318068840475113390e+01
6.192035824380605845e+03 2.317863350044846271e+01
6.240974575154100421e+03 2.317654966804536798e+01
6.289913325927595906e+03 2.317453009581675616e+01
6.338852076701090482e+03 2.317245555456987915e+01
6.387790827474584148e+03 2.317044445225596405e+01
6.436729578248078724e+03 2.316836058437186097e+01
6.485668329021573300e+03 2.316629632294399599e+01
6.534607079795067875e+03 2.316422538319368130e+01
6.583545830568562451e+03 2.316229863616571905e+01
6.632484581342057027e+03 2.316033786977281750e+01
6.681423332115551602e+03 2.315840468431558818e+01
6.730362082889045269e+03 2.315639194505108378e+01
6.779300833662539844e+03 2.315446571342696203e+01
6.828239584436034420e+03 2.315252463553506601e+01
6.877178335209528996e+03 2.315064195263511237e+01
6.926117085983023571e+03 2.314875145267246026e+01
6.975055836756518147e+03 2.314690814166880983e+01
7.023994587530011813e+03 2.314499114654541856e+01
7.072933338303506389e+03 2.314308537531157128e+01
7.121872089077000965e+03 2.314115351073737159e+01
7.170810839850495540e+03 2.313931475241260927e+01
7.219749590623990116e+03 2.313748051575257136e+01
7.268688341397484692e+03 2.313567852544763070e+01
7.317627092170979267e+03 2.313387394374917960e+01
7.366565842944472934e+03 2.313208581591802826e+01
7.415504593717967509e+03 2.313026938093717533e+01
7.464443344491462085e+03 2.312848522338404678e+01
7.513382095264956661e+03 2.312673208525801627e+01
7.562320846038451236e+03 2.312502834538898000e+01
7.611259596811945812e+03 2.312332656709991596e+01
7.660198347585439478e+03 2.312154069362320996e+01
7.709137098358934054e+03 2.311976008040473474e+01
7.758075849132428630e+03 2.311809935270760619e+01
7.807014599905923205e+03 2.311648532736589701e+01
