# Columns: yplus uVDplus | Case=jet_M08_T05 | x*=10.00
0.000000000000000000e+00 0.000000000000000000e+00
4.241204116772259169e-01 4.134431180583317822e-01
1.242506501918621664e+00 1.242622811590357479e+00
2.064264449970745652e+00 2.070956372433396808e+00
2.890307804343040576e+00 2.890429700845215333e+00
3.721649285730860512e+00 3.690552991622195744e+00
4.559387429129143854e+00 4.460829516726511734e+00
5.404693260976848990e+00 5.192754947229557771e+00
6.258798154568612659e+00 5.880680635308052295e+00
7.122983580563858830e+00 6.521883037048828768e+00
7.998573076575290486e+00 7.115965107461034833e+00
8.886926448014495605e+00 7.664292534570544824e+00
9.789436000936682092e+00 8.169264921881788766e+00
1.070752449292325004e+01 8.633901073594415720e+00
1.164264445184296726e+01 9.061402745920116075e+00
1.259627853036285927e+01 9.455042257691324892e+00
1.356994061269451990e+01 9.817937474022564004e+00
1.456517745026313904e+01 1.015305520538488437e+01
1.558357066190152729e+01 1.046309747564284720e+01
1.662673898470674061e+01 1.075057696453591838e+01
1.769634070121284708e+01 1.101777501230678880e+01
1.879407619725946432e+01 1.126680025453739020e+01
1.992169062457349682e+01 1.149951200565886289e+01
2.108097665480483940e+01 1.171759246692015566e+01
2.227377731961763985e+01 1.192255578767365343e+01
2.350198893609882234e+01 1.211568162222289047e+01
2.476756411941747160e+01 1.229803534738566739e+01
2.607251488617122703e+01 1.247054164804579734e+01
2.741891585270312248e+01 1.263413257323710681e+01
2.880890753317253328e+01 1.278965773495699310e+01
3.024469974248887993e+01 1.293791273086426052e+01
3.172857510945992132e+01 1.307957759431281985e+01
3.326289270571571421e+01 1.321532924313343926e+01
3.485009179616773878e+01 1.334571895147614917e+01
3.649269571696184755e+01 1.347138426222953633e+01
3.819331588708885050e+01 1.359270674344608665e+01
3.995465596002983943e+01 1.371005874487911846e+01
4.177951612203641929e+01 1.382365398431152315e+01
4.367079754387927437e+01 1.393374734164818207e+01
4.563150699314218173e+01 1.404060654047428436e+01
4.766476161439459247e+01 1.414471694107467314e+01
4.977379388484177269e+01 1.424642872082655742e+01
5.196195675333142106e+01 1.434609483802737095e+01
5.423272897088654076e+01 1.444369164193061472e+01
5.658972062123939395e+01 1.453945866840432366e+01
5.903667886015840338e+01 1.463362748863843876e+01
6.157749387269318220e+01 1.472666653956083493e+01
6.421620505780775545e+01 1.481891429113055203e+01
6.695700745023506784e+01 1.491071808213003180e+01
6.980425838976194086e+01 1.500216460244624983e+01
7.276248444854677189e+01 1.509366186326066739e+01
7.583638862748435372e+01 1.518493411092675949e+01
7.903085783305739653e+01 1.527562949335558251e+01
8.235097064656208943e+01 1.536584915640722038e+01
8.580200539805915128e+01 1.545594431590203399e+01
8.938944855788656696e+01 1.554587464696377985e+01
9.311900345907397991e+01 1.563532540752985334e+01
9.699659936452725617e+01 1.572418762401161629e+01
1.010284008933966646e+02 1.581288345221418190e+01
1.052208178216159382e+02 1.590190126725878095e+01
1.095805152721920734e+02 1.599109301133629835e+01
1.141144243114478627e+02 1.607964087174938328e+01
1.188297529680614844e+02 1.616791536914724503e+01
1.237339976924226619e+02 1.625687055614021403e+01
1.288349552745225992e+02 1.634649266046921667e+01
1.341407352393251813e+02 1.643698105030373569e+01
1.396597727393259447e+02 1.652875299159117972e+01
1.454008419647947221e+02 1.662114074123088514e+01
1.513730700930220507e+02 1.671392690000346093e+01
1.575859517987463789e+02 1.680847279807003147e+01
1.640493643488297550e+02 1.690472707859239776e+01
1.707735833051806651e+02 1.700279640423922700e+01
1.777692988608878579e+02 1.710282797190452797e+01
1.850476328355364899e+02 1.720484308133423923e+01
1.926201563567262838e+02 1.730790660610502840e+01
2.004989082559015117e+02 1.741207470497036169e+01
2.086964142077386555e+02 1.751625090757623227e+01
2.172257066435192030e+02 1.762082150539926317e+01
2.261003454701469195e+02 1.772817863464911170e+01
2.353344396277480826e+02 1.783869303394277850e+01
2.449426695201269695e+02 1.795242954929561918e+01
2.549403103537383117e+02 1.807010577578664368e+01
2.653432564222815699e+02 1.819102214942349960e+01
2.761680463755293431e+02 1.831529835830640351e+01
2.874318895125744575e+02 1.844105548299917530e+01
2.991526931413279726e+02 1.857207578599984998e+01
3.113490910478429896e+02 1.871304192271714939e+01
3.240404731209132478e+02 1.886240508016677353e+01
3.372470161794797150e+02 1.901672448122405967e+01
3.509897160528008158e+02 1.917859841937949028e+01
3.652904209663437314e+02 1.934814701796521419e+01
3.801718662902344477e+02 1.952400454069745450e+01
3.956577107121744916e+02 1.971226559831881886e+01
4.117725739028219891e+02 1.991213016853005868e+01
4.285420757469887008e+02 2.012310589760420143e+01
4.459928772126934291e+02 2.035017455777752104e+01
4.641527229068960878e+02 2.058987873848949235e+01
4.830504852879303712e+02 2.083943153729445541e+01
5.027162103036325220e+02 2.109613869408288522e+01
5.231811637808247042e+02 2.136169692180576973e+01
5.444778770085953283e+02 2.163834920831050113e+01
5.666401883386570262e+02 2.192575945848907182e+01
5.897032748731771790e+02 2.222195283009448019e+01
6.137036639600107719e+02 2.252371833739600149e+01
6.386792078386926050e+02 2.281576615232928162e+01
6.646689961731213998e+02 2.309513023009565202e+01
6.917131706641829396e+02 2.336292441592308577e+01
7.198525945791755021e+02 2.361394715778290632e+01
7.491283200915565885e+02 2.383530598780521714e+01
7.795807912093961249e+02 2.402071037644010687e+01
8.112487241007370358e+02 2.416927610895041667e+01
8.441676242257115064e+02 2.427526713832859073e+01
8.783679340958260582e+02 2.434829222414489180e+01
9.138728571419251239e+02 2.439203107209253218e+01
9.506959682575661645e+02 2.441271966317012243e+01
9.888387912596456317e+02 2.442157848600518122e+01
1.028288584502058939e+03 2.442554530780855160e+01
1.069016612668668586e+03 2.442715277373892135e+01
1.110977181182366166e+03 2.442807216233807210e+01
1.154107661079238142e+03 2.442852510019921297e+01
1.198329637130811079e+03 2.442874396968257145e+01
1.243551181738211426e+03 2.442893998560086288e+01
1.289670112494877458e+03 2.442914158935802860e+01
1.336577958557073089e+03 2.442928932978547607e+01
1.384164265639237556e+03 2.442936952984874210e+01
1.432320830120737128e+03 2.442939855082434519e+01
1.480945476283314974e+03 2.442942685523512480e+01
1.529945070701716531e+03 2.442937583872073048e+01
1.579237586591913669e+03 2.442927726124912624e+01
1.628753164304007669e+03 2.442914706245473511e+01
1.678434237571518679e+03 2.442896636101614760e+01
1.728234889217950240e+03 2.442880386457438391e+01
1.778119654122183420e+03 2.442855255507527801e+01
1.828062000274167303e+03 2.442835195866870635e+01
1.878042697578883690e+03 2.442812339943895239e+01
1.928048240323360005e+03 2.442786353704046576e+01
1.978069435734228591e+03 2.442754932353288666e+01
2.028100218887039091e+03 2.442719629298977679e+01
2.078136710943351773e+03 2.442685493253360818e+01
2.128176506901113953e+03 2.442646223341318645e+01
2.178218160986893508e+03 2.442603184136823202e+01
2.228260830479211108e+03 2.442559447050959420e+01
2.278304039067667873e+03 2.442510839992344174e+01
2.328347525694245178e+03 2.442465309468560619e+01
2.378391151606763742e+03 2.442411032046824104e+01
2.428434845288174074e+03 2.442362799004364149e+01
2.478478570990285334e+03 2.442302895293646614e+01
2.528522311383931992e+03 2.442249386938797073e+01
2.578566058322411664e+03 2.442187990587830626e+01
2.628609808091535342e+03 2.442129226369513262e+01
2.678653559049122578e+03 2.442063415246621361e+01
2.728697310491063035e+03 2.441995017736069329e+01
2.778741062124591281e+03 2.441928825723673668e+01
2.828784813831667634e+03 2.441858382884399248e+01
2.878828565566141151e+03 2.441787890454683918e+01
2.928872317310517701e+03 2.441718048588383994e+01
2.978916069058366702e+03 2.441645349024474498e+01
3.028959820807397591e+03 2.441574838873665598e+01
3.079003572556818199e+03 2.441499587588470987e+01
3.129047324306363407e+03 2.441430281745646624e+01
3.179091076055947724e+03 2.441353014717850556e+01
3.229134827805542955e+03 2.441274201772552033e+01
3.279178579555142733e+03 2.441189682368951708e+01
3.329222331304742966e+03 2.441105335154231426e+01
3.379266083054343198e+03 2.441017221904223433e+01
3.429309834803942977e+03 2.440931423032611391e+01
3.479353586553543209e+03 2.440842064819208801e+01
3.529397338303142988e+03 2.440756558448349267e+01
3.579441090052743220e+03 2.440667381302526096e+01
3.629484841802343453e+03 2.440582555916169483e+01
3.679528593551943231e+03 2.440495157035421414e+01
3.729572345301543464e+03 2.440410962869573552e+01
3.779616097051143242e+03 2.440320437574927226e+01
3.829659848800743475e+03 2.440235846945024534e+01
3.879703600550343708e+03 2.440143953831740120e+01
3.929747352299943486e+03 2.440056681619924106e+01
3.979791104049543719e+03 2.439964595358451760e+01
4.029834855799144407e+03 2.439874319181081219e+01
4.079878607548744640e+03 2.439780148447612618e+01
4.129922359298344418e+03 2.439686520083506949e+01
4.179966111047944651e+03 2.439591547406331529e+01
4.230009862797544884e+03 2.439498748680297524e+01
4.280053614547145116e+03 2.439400866604330531e+01
4.330097366296744440e+03 2.439307186871051414e+01
4.380141118046344673e+03 2.439209767867823686e+01
4.430184869795944905e+03 2.439118655749376430e+01
4.480228621545545138e+03 2.439023336707555245e+01
4.530272373295145371e+03 2.438934247157859048e+01
4.580316125044744695e+03 2.438841749684554472e+01
4.630359876794344927e+03 2.438752555043010162e+01
4.680403628543945160e+03 2.438656942488779578e+01
4.730447380293545393e+03 2.438563940133357377e+01
4.780491132043145626e+03 2.438465088354537613e+01
4.830534883792744949e+03 2.438370029538746309e+01
4.880578635542345182e+03 2.438272366837753680e+01
4.930622387291945415e+03 2.438178838370026114e+01
4.980666139041545648e+03 2.438079496799279156e+01
5.030709890791145881e+03 2.437985024593259809e+01
5.080753642540745204e+03 2.437887815668597824e+01
5.130797394290345437e+03 2.437797280508159048e+01
5.180841146039945670e+03 2.437702470481552552e+01
5.230884897789545903e+03 2.437614581112401524e+01
5.280928649539146136e+03 2.437525324935373661e+01
5.330972401288746369e+03 2.437436871966523100e+01
5.381016153038345692e+03 2.437340946439030986e+01
5.431059904787945925e+03 2.437247652641598350e+01
5.481103656537546158e+03 2.437149674025591040e+01
5.531147408287146391e+03 2.437056593590561704e+01
5.581191160036746624e+03 2.436962625212779088e+01
5.631234911786345947e+03 2.436878462854345173e+01
5.681278663535946180e+03 2.436789984522092567e+01
5.731322415285546413e+03 2.436700339631067891e+01
5.781366167035146646e+03 2.436605894563348684e+01
5.831409918784746878e+03 2.436519063980871991e+01
5.881453670534346202e+03 2.436430610299155575e+01
5.931497422283946435e+03 2.436344759409141503e+01
5.981541174033546667e+03 2.436254004558277231e+01
6.031584925783146900e+03 2.436164591302035376e+01
6.081628677532747133e+03 2.436068790035600173e+01
6.131672429282346457e+03 2.435977894889587247e+01
6.181716181031946689e+03 2.435888910653820005e+01
6.231759932781546922e+03 2.435808532739170573e+01
6.281803684531147155e+03 2.435725773034764785e+01
6.331847436280747388e+03 2.435646553306017026e+01
6.381891188030346711e+03 2.435562188591243427e+01
6.431934939779947854e+03 2.435478362554163567e+01
6.481978691529548087e+03 2.435388812685085114e+01
6.532022443279148320e+03 2.435306770606872462e+01
6.582066195028747643e+03 2.435223922136364294e+01
6.632109946778347876e+03 2.435146607812548680e+01
6.682153698527948109e+03 2.435064185377423840e+01
6.732197450277548342e+03 2.434985275716522679e+01
6.782241202027148574e+03 2.434900636367655125e+01
6.832284953776747898e+03 2.434818975335503310e+01
6.882328705526348131e+03 2.434734937735825966e+01
6.932372457275948364e+03 2.434656096770096312e+01
6.982416209025548596e+03 2.434573919923480290e+01
7.032459960775148829e+03 2.434497603070855121e+01
7.082503712524749062e+03 2.434423087162781130e+01
7.132547464274348386e+03 2.434356273097826673e+01
7.182591216023948618e+03 2.434280860083248044e+01
7.232634967773548851e+03 2.434204788350139026e+01
7.282678719523149084e+03 2.434125951164640256e+01
7.332722471272749317e+03 2.434054484878059910e+01
7.382766223022348640e+03 2.433980595344267783e+01
7.432809974771948873e+03 2.433907693110259629e+01
7.482853726521549106e+03 2.433829107973688366e+01
7.532897478271149339e+03 2.433754824453743026e+01
7.582941230020749572e+03 2.433678686848185535e+01
7.632984981770348895e+03 2.433610461245973511e+01
7.683028733519949128e+03 2.433541181396120479e+01
7.733072485269549361e+03 2.433480344488825509e+01
7.783116237019149594e+03 2.433412147852580532e+01
7.833159988768749827e+03 2.433347746359433117e+01
7.883203740518349150e+03 2.433278268873441519e+01
7.933247492267949383e+03 2.433208843321018122e+01
7.983291244017549616e+03 2.433148276515733599e+01
