# Columns: yplus uVDplus | Case=jet_M08_T75 | x*=10.00
0.000000000000000000e+00 0.000000000000000000e+00
4.129360036437639270e-01 4.020414122614674457e-01
1.209740571963183964e+00 1.209858395098322603e+00
2.009828079398198408e+00 2.018077990655118281e+00
2.814087983424178319e+00 2.817973584718241220e+00
3.623506298449375329e+00 3.598338453128161696e+00
4.439152590187164016e+00 4.348289749750677835e+00
5.262167004135263504e+00 5.059292101640228800e+00
6.093748441250292025e+00 5.725928185883939925e+00
6.935144578744474764e+00 6.345821095033345571e+00
7.787644051442767612e+00 6.918976509019391763e+00
8.652570805556987210e+00 7.447087385493841083e+00
9.531280430873565024e+00 7.932830168176573160e+00
1.042515816567304832e+01 8.379403494977667677e+00
1.133561823345611330e+01 8.790159161119794007e+00
1.226410418810570668e+01 9.168362541291701362e+00
1.321208999144753271e+01 9.517121869536033785e+00
1.418108160578513477e+01 9.839363238928612532e+00
1.517261894134713174e+01 1.013782984060462411e+01
1.618827804778688773e+01 1.041496622382032378e+01
1.722967347734871169e+01 1.067298483790209751e+01
1.829846077528327086e+01 1.091390732470296676e+01
1.939633907221483966e+01 1.113957143878670664e+01
2.052505376555077987e+01 1.135162891993634204e+01
2.168639928467725753e+01 1.155153645525131445e+01
2.288222193922227632e+01 1.174048705806621129e+01
2.411442285226875981e+01 1.191953425216599705e+01
2.538496098186309169e+01 1.208948315835285570e+01
2.669585623498970861e+01 1.225111209888188846e+01
2.804919267866915078e+01 1.240520079547686905e+01
2.944712185315358255e+01 1.255256015288322757e+01
3.089186619243044873e+01 1.269389914706614597e+01
3.238572255744867334e+01 1.282996413856109896e+01
3.393106588767507503e+01 1.296109417869481995e+01
3.553035297678245996e+01 1.308761916175544293e+01
3.718612637847071767e+01 1.320989339586198774e+01
3.890101844862976321e+01 1.332842218269789392e+01
4.067775553027060909e+01 1.344386092800168697e+01
4.251916228787755614e+01 1.355688117981691221e+01
4.442816619807220491e+01 1.366798632797516255e+01
4.640780220372892728e+01 1.377741822735070265e+01
4.846121753894033901e+01 1.388521443536705213e+01
5.059167673250409081e+01 1.399149803165331818e+01
5.280256679788513452e+01 1.409648415239894170e+01
5.509740261790490479e+01 1.420060803617790768e+01
5.747983253271736004e+01 1.430396168563408743e+01
5.995364413995657316e+01 1.440674851866521600e+01
6.252277031627593828e+01 1.450903741967301563e+01
6.519129546985315926e+01 1.461095439915578886e+01
6.796346203380049644e+01 1.471243305765830911e+01
7.084367721080334945e+01 1.481368364646461266e+01
7.383651997971107050e+01 1.491436344241695089e+01
7.694674837521753830e+01 1.501498605271223852e+01
8.017930705220588550e+01 1.511591418273925314e+01
8.353933514678264771e+01 1.521716168306171824e+01
8.703217444649946799e+01 1.531834587402972581e+01
9.066337788275002652e+01 1.541987588546973775e+01
9.443871835884547750e+01 1.552179901795203065e+01
9.836419792780145599e+01 1.562386831199174075e+01
1.024460573344287582e+02 1.572516520629442027e+01
1.066907859368967451e+02 1.582534719431319736e+01
1.111051320235440869e+02 1.592505857363906863e+01
1.156961135413371977e+02 1.602451657585974587e+01
1.204710292530335636e+02 1.612386131067298578e+01
1.254374703407870584e+02 1.622129856598278508e+01
1.306033324746428832e+02 1.631588553253980933e+01
1.359768283651090428e+02 1.640917344999334304e+01
1.415665008197596819e+02 1.650075169915288242e+01
1.473812363246283041e+02 1.659079048552581526e+01
1.534302791719830168e+02 1.667997541885259238e+01
1.597232461569429063e+02 1.676772954698494900e+01
1.662701418663018842e+02 1.685393860220104045e+01
1.730813745838649425e+02 1.693876241195427212e+01
1.801677728375838399e+02 1.702170190692480389e+01
1.875406026147988143e+02 1.710325176270225001e+01
1.952115852729551477e+02 1.718336453337632008e+01
2.031929161742694703e+02 1.726307471909392888e+01
2.114972840739702065e+02 1.734185426683039211e+01
2.201378912929370699e+02 1.741772404873643509e+01
2.291284747068095839e+02 1.749273461863363721e+01
2.384833275849327663e+02 1.757036792650809431e+01
2.482173223138614446e+02 1.765067253142877135e+01
2.583459340415495262e+02 1.773178050671955219e+01
2.688852652798185545e+02 1.781121908966650125e+01
2.798520715042297979e+02 1.789010754937100955e+01
2.912637877920895448e+02 1.797062733146247027e+01
3.031385565410134859e+02 1.804940826644207874e+01
3.154952563122996025e+02 1.812534454330526756e+01
3.283535318453905347e+02 1.820481088460611474e+01
3.417338252920631589e+02 1.828608962248934589e+01
3.556574087219059948e+02 1.837005064763615891e+01
3.701464179544238391e+02 1.845903340410112747e+01
3.852238877780446842e+02 1.854386524427849281e+01
4.009137886222329143e+02 1.862492654397008707e+01
4.172410647541276489e+02 1.871000052990775586e+01
4.342316740698447006e+02 1.880232706868444126e+01
4.519126295279810392e+02 1.890432570093361164e+01
4.703120421961282318e+02 1.902072021195614226e+01
4.894591656854863118e+02 1.914968109099206117e+01
5.093844413170177177e+02 1.929036447690798539e+01
5.301195425026584189e+02 1.944537928814174066e+01
5.516974152486402545e+02 1.961570829084915246e+01
5.741523090076865401e+02 1.980518065874987954e+01
5.975197878711062458e+02 2.001228481431906303e+01
6.218367058833928240e+02 2.023077565931850685e+01
6.471411218814937456e+02 2.045622620941376368e+01
6.734721189962531298e+02 2.069029576212209776e+01
7.008694828966209798e+02 2.093915387392233995e+01
7.293731831760941304e+02 2.120296700463432771e+01
7.590225973006090499e+02 2.148270584979240994e+01
7.898554204606537041e+02 2.176780509732162017e+01
8.219062218078435080e+02 2.205932218484921137e+01
8.552046410593350174e+02 2.235742055480832846e+01
8.897732697522011449e+02 2.263874224868945362e+01
9.256253247987647228e+02 2.291233392360927468e+01
9.627622898316029705e+02 2.316391903589973467e+01
1.001171759212417555e+03 2.338148278516074896e+01
1.040825755399259151e+03 2.357726266240953095e+01
1.081679788819026044e+03 2.373292942862418187e+01
1.123672882085676520e+03 2.384436357075057700e+01
1.166728687845537252e+03 2.391937727821636983e+01
1.210757702706980808e+03 2.396752185758602138e+01
1.255660438898500388e+03 2.399518350602065908e+01
1.301331286042733836e+03 2.401251415811012890e+01
1.347662702625504835e+03 2.402241403676380216e+01
1.394549338445658350e+03 2.402792727219755520e+01
1.441891712243616212e+03 2.402992942511843211e+01
1.489599146600014819e+03 2.403039124803088100e+01
1.537591777845349725e+03 2.403062289166139465e+01
1.585801588586798289e+03 2.403073346961604173e+01
1.634172530628210552e+03 2.403061947947195875e+01
1.682659897667227824e+03 2.403047850805478802e+01
1.731229159827473950e+03 2.403008991139867945e+01
1.779854484770072304e+03 2.402974470871968649e+01
1.828517149513606000e+03 2.402915874854298295e+01
1.877204004501986674e+03 2.402863080439623289e+01
1.925906099382927323e+03 2.402785460508944837e+01
1.974617529169079944e+03 2.402710442541307501e+01
2.023334517310200681e+03 2.402611674520357710e+01
2.072054722226141621e+03 2.402517263981251716e+01
2.120776736269718640e+03 2.402408305727851001e+01
2.169499738942718523e+03 2.402298915152453773e+01
2.218223266495444022e+03 2.402174003714621975e+01
2.266947064754193889e+03 2.402055501823357275e+01
2.315670998625798347e+03 2.401911045226988506e+01
2.364394998479172955e+03 2.401781063597922738e+01
2.413119029508835865e+03 2.401623440314356372e+01
2.461843074842605802e+03 2.401482606269994236e+01
2.510567126548616216e+03 2.401314673474786687e+01
2.559291181010624314e+03 2.401162919780824367e+01
2.608015236629755691e+03 2.400983382637018693e+01
2.656739292720466892e+03 2.400820986817073788e+01
2.705463348997713638e+03 2.400631788353988583e+01
2.754187405346568994e+03 2.400456516511840732e+01
2.802911461722098920e+03 2.400260603424652217e+01
2.851635518107270855e+03 2.400071789243524734e+01
2.900359574495823836e+03 2.399872796734945979e+01
2.949083630885527327e+03 2.399678800987651783e+01
2.997807687275610533e+03 2.399472510684886473e+01
3.046531743665814702e+03 2.399276349917568396e+01
3.095255800056057069e+03 2.399057367129469753e+01
3.143979856446309896e+03 2.398853317295888488e+01
3.192703912836567724e+03 2.398622705122014764e+01
3.241427969226825553e+03 2.398413095128939077e+01
3.290152025617082927e+03 2.398181953953516299e+01
3.338876082007340756e+03 2.397968922049553697e+01
3.387600138397598585e+03 2.397734835786872054e+01
3.436324194787855959e+03 2.397519602000932082e+01
3.485048251178113787e+03 2.397279133804736162e+01
3.533772307568371616e+03 2.397060166874682352e+01
3.582496363958629445e+03 2.396812878177271600e+01
3.631220420348886819e+03 2.396585700002099983e+01
3.679944476739144648e+03 2.396332713193740815e+01
3.728668533129402476e+03 2.396101976068365147e+01
3.777392589519660305e+03 2.395849443908145915e+01
3.826116645909917679e+03 2.395617651983727114e+01
3.874840702300175508e+03 2.395364051817790241e+01
3.923564758690433791e+03 2.395133278940676291e+01
3.972288815080691620e+03 2.394878773205597255e+01
4.021012871470949449e+03 2.394646389249147589e+01
4.069736927861206823e+03 2.394388177614683855e+01
4.118460984251464652e+03 2.394151869878727013e+01
4.167185040641722480e+03 2.393891655585535005e+01
4.215909097031980309e+03 2.393653286443266737e+01
4.264633153422238138e+03 2.393394008020415598e+01
4.313357209812495057e+03 2.393155852138712802e+01
4.362081266202752886e+03 2.392897922404311828e+01
4.410805322593010715e+03 2.392658758440232702e+01
4.459529378983268543e+03 2.392399170099855610e+01
4.508253435373526372e+03 2.392157971117909199e+01
4.556977491763784201e+03 2.391897194840554164e+01
4.605701548154042030e+03 2.391656946148058793e+01
4.654425604544299858e+03 2.391397610956296305e+01
4.703149660934556778e+03 2.391159298663293242e+01
4.751873717324814606e+03 2.390902069237728256e+01
4.800597773715072435e+03 2.390664241106906474e+01
4.849321830105330264e+03 2.390407567439508441e+01
4.898045886495588093e+03 2.390167839670867522e+01
4.946769942885845921e+03 2.389911810140864290e+01
4.995493999276103750e+03 2.389675984779799833e+01
5.044218055666360669e+03 2.389422402511695864e+01
5.092942112056618498e+03 2.389185048686287161e+01
5.141666168446876327e+03 2.388931290052937229e+01
5.190390224837134156e+03 2.388697529023123778e+01
5.239114281227391984e+03 2.388448692979765653e+01
5.287838337617649813e+03 2.388214619155892393e+01
5.336562394007907642e+03 2.387967420416105924e+01
5.385286450398164561e+03 2.387734741203711408e+01
5.434010506788422390e+03 2.387486075409183783e+01
5.482734563178680219e+03 2.387249977138986878e+01
5.531458619568938047e+03 2.387003458307627213e+01
5.580182675959195876e+03 2.386775840470736298e+01
5.628906732349453705e+03 2.386536715703168454e+01
5.677630788739711534e+03 2.386312176297001741e+01
5.726354845129968453e+03 2.386075092631114458e+01
5.775078901520226282e+03 2.385848909083735592e+01
5.823802957910484110e+03 2.385609937035778572e+01
5.872527014300741939e+03 2.385387146205223630e+01
5.921251070690999768e+03 2.385157544086315795e+01
5.969975127081257597e+03 2.384939543234015602e+01
6.018699183471515425e+03 2.384706307326786145e+01
6.067423239861772345e+03 2.384484921139909730e+01
6.116147296252030173e+03 2.384254839053757280e+01
6.164871352642288002e+03 2.384036933323217866e+01
6.213595409032545831e+03 2.383807702742461032e+01
6.262319465422804569e+03 2.383593532093747314e+01
6.311043521813061489e+03 2.383371630586120204e+01
6.359767578203319317e+03 2.383165113211686759e+01
6.408491634593577146e+03 2.382947016747377234e+01
6.457215690983834975e+03 2.382742280750693808e+01
6.505939747374092804e+03 2.382525420370445346e+01
6.554663803764350632e+03 2.382317332430206847e+01
6.603387860154608461e+03 2.382099923115874773e+01
6.652111916544866290e+03 2.381897618386979687e+01
6.700835972935123209e+03 2.381686579882731181e+01
6.749560029325381038e+03 2.381488674178376996e+01
6.798284085715638867e+03 2.381280047261098431e+01
6.847008142105896695e+03 2.381086107692178544e+01
6.895732198496154524e+03 2.380880160351707175e+01
6.944456254886412353e+03 2.380684285596661809e+01
6.993180311276670182e+03 2.380480008806781100e+01
7.041904367666927101e+03 2.380290731265376891e+01
7.090628424057184930e+03 2.380091858694938978e+01
7.139352480447442758e+03 2.379904270078096928e+01
7.188076536837700587e+03 2.379707298059793530e+01
7.236800593227958416e+03 2.379525119452698334e+01
7.285524649618216245e+03 2.379334171224089545e+01
7.334248706008474073e+03 2.379156133203182932e+01
7.382972762398730993e+03 2.378969147743635304e+01
7.431696818788988821e+03 2.378791605867002090e+01
7.480420875179246650e+03 2.378601690281784542e+01
7.529144931569504479e+03 2.378420913045180995e+01
7.577868987959762308e+03 2.378236844812264295e+01
7.626593044350020136e+03 2.378059844287552949e+01
7.675317100740277965e+03 2.377875772903806961e+01
7.724041157130534884e+03 2.377708668195250752e+01
7.772765213520792713e+03 2.377542335312785227e+01
