# Columns: yplus uVDplus | Case=jet_M12_T05 | x*=5.00
0.000000000000000000e+00 0.000000000000000000e+00
4.348309552634680442e-01 4.223498241925709440e-01
1.273884194853420748e+00 1.274040029032417642e+00
2.116394443614550536e+00 2.125394023733300664e+00
2.963298320394013530e+00 2.961631117239660327e+00
3.815634120674063379e+00 3.768604603781922524e+00
4.674528121351749554e+00 4.536307391653650711e+00
5.541180921434031070e+00 5.259301488890281817e+00
6.416854990755538779e+00 5.935529836151750338e+00
7.302864161651704933e+00 6.565248645771888825e+00
8.200565395750912145e+00 7.150126567093482599e+00
9.111352838370887497e+00 7.692654773057626905e+00
1.003665395622942391e+01 8.195631517841448499e+00
1.097792743657946879e+01 8.661968726471366509e+00
1.193666248876660774e+01 9.094536430433805663e+00
1.291437920769260650e+01 9.496149369777347360e+00
1.391262970851099823e+01 9.869541938985253893e+00
1.493299980360254153e+01 1.021734457202316371e+01
1.597711105328123793e+01 1.054186504946694569e+01
1.704662307349306261e+01 1.084526008837471878e+01
1.814323602428344984e+01 1.112951117061369288e+01
1.926869323226106445e+01 1.139645064314937173e+01
2.042478392041918411e+01 1.164768319760256965e+01
2.161334603172054969e+01 1.188465091687058539e+01
2.283626914091100701e+01 1.210862036173081790e+01
2.409549745380495622e+01 1.232067691424644984e+01
2.539303289602507618e+01 1.252162469364429853e+01
2.673093829471918781e+01 1.271218630798969507e+01
2.811134065764596457e+01 1.289307597710192965e+01
2.953643455453383737e+01 1.306505222436296521e+01
3.100848560595084180e+01 1.322876967509744439e+01
3.252983408517234665e+01 1.338499731122381675e+01
3.410289863874822913e+01 1.353426052249924361e+01
3.573018013167436635e+01 1.367697438675323340e+01
3.741426562327762895e+01 1.381358649216129386e+01
3.915783248013389795e+01 1.394467220066436042e+01
4.096365263255709266e+01 1.407052558939535913e+01
4.283459698142625172e+01 1.419126629237925918e+01
4.477363996235651200e+01 1.430694300743638081e+01
4.678386427446989870e+01 1.441776878080339941e+01
4.886846578128420759e+01 1.452428019325159703e+01
5.103075859151084614e+01 1.462713206092870166e+01
5.327418032783963753e+01 1.472696672635824733e+01
5.560229759208649369e+01 1.482421876653315707e+01
5.801881163539299280e+01 1.491918354833526017e+01
6.052756424249157874e+01 1.501166793177816849e+01
6.313254383939218428e+01 1.510123346234756170e+01
6.583789183419932556e+01 1.518756050333871066e+01
6.864790920114126038e+01 1.527036862889957725e+01
7.156706331827794543e+01 1.534935431466476885e+01
7.459999506975809425e+01 1.542478841815499280e+01
7.775152622391776447e+01 1.549644821259978222e+01
8.102666709894874941e+01 1.556487407482774898e+01
8.443062452832482734e+01 1.563082518196563697e+01
8.796881013864843624e+01 1.569511449714230800e+01
9.164684895307910040e+01 1.575757158641005340e+01
9.547058833401952427e+01 1.581839522257783948e+01
9.944610727927876326e+01 1.587600956916908856e+01
1.035797260864896145e+02 1.593063809740944947e+01
1.078780164011460556e+02 1.598356408596356992e+01
1.123478116642339018e+02 1.603562676773481144e+01
1.169962179760660490e+02 1.608681969600656103e+01
1.218306253935919159e+02 1.613678352487165668e+01
1.268587196791429079e+02 1.618604553935394108e+01
1.320884945192913165e+02 1.623382053440320050e+01
1.375282642332486205e+02 1.628139992580975104e+01
1.431866769910072037e+02 1.633033686554962216e+01
1.490727285622392060e+02 1.638062669285129402e+01
1.551957766178107363e+02 1.643268794082194262e+01
1.615655556066490135e+02 1.648431006802459819e+01
1.681921922316118980e+02 1.653729575699927068e+01
1.750862215489653124e+02 1.659276095152772967e+01
1.822586037170622149e+02 1.665030353386107365e+01
1.897207414208509135e+02 1.670899568437466698e+01
1.974844979999140833e+02 1.677172647285680895e+01
2.055622163088586376e+02 1.683976614224020096e+01
2.139667383400408198e+02 1.691193021976034316e+01
2.227114256398223233e+02 1.698849915929379861e+01
2.318101805508159430e+02 1.707117178440145722e+01
2.412774683138918306e+02 1.715737795000846688e+01
2.511283400650815167e+02 1.725139513291407312e+01
2.613784567639419265e+02 1.735703394490077756e+01
2.720441140914218181e+02 1.747401924219725800e+01
2.831422683568178513e+02 1.759990481745971636e+01
2.946905634550190598e+02 1.774143273319646852e+01
3.067073589169293655e+02 1.789905517430244331e+01
3.192117590977425721e+02 1.807168269801548277e+01
3.322236435496672584e+02 1.826123916411879122e+01
3.457636986278344011e+02 1.846838045007879003e+01
3.598534503806059206e+02 1.868779903961887356e+01
3.745152987785776304e+02 1.892580301092250039e+01
3.897725533405512124e+02 1.918601427196048448e+01
4.056494702199451581e+02 1.947010690610871464e+01
4.221712908213600031e+02 1.977843141527750603e+01
4.393642820225025503e+02 2.009934759087183664e+01
4.572557780753273278e+02 2.043907081148185867e+01
4.758742242364540402e+02 2.079465717956914972e+01
4.952492220961206044e+02 2.116583428204130257e+01
5.154115763688367906e+02 2.155116897600970205e+01
5.363933424543660067e+02 2.194296216601102145e+01
5.582278731721454506e+02 2.233353377640334614e+01
5.809498614122001072e+02 2.272072600095740214e+01
6.045953726232040708e+02 2.309854813462572665e+01
6.292018565980076801e+02 2.344770793972444167e+01
6.548081214793520530e+02 2.375463132411786660e+01
6.814542440836931974e+02 2.402579390054940944e+01
7.091813798321367130e+02 2.425813954291767516e+01
7.380314239343100553e+02 2.445278572596566491e+01
7.680464652765499523e+02 2.460857982234837138e+01
7.992679692214741181e+02 2.472797353777889029e+01
8.317356296575884471e+02 2.481546524247545804e+01
8.654858486837338205e+02 2.487404357326126814e+01
9.005498375927285224e+02 2.490965933608092442e+01
9.369513857842847528e+02 2.492817524355289649e+01
9.747044109661350149e+02 2.493550494138862561e+01
1.013810475436953311e+03 2.493652372850291954e+01
1.054256515778911080e+03 2.493372140563723605e+01
1.096013071007293547e+03 2.492927373140934222e+01
1.139033292594966497e+03 2.492409243607286129e+01
1.183252969974704456e+03 2.491884167272099049e+01
1.228591707655591790e+03 2.491318341007024983e+01
1.274955256541068138e+03 2.490749416362347901e+01
1.322238853756645540e+03 2.490162836291583659e+01
1.370331289185335208e+03 2.489576717256232996e+01
1.419119319179387503e+03 2.488972196801137571e+01
1.468492007593246399e+03 2.488363305835644823e+01
1.518344598409632226e+03 2.487744728981408926e+01
1.568581606254213966e+03 2.487134840218071119e+01
1.619118932875942846e+03 2.486511734970506282e+01
1.669884954421159819e+03 2.485903678238322101e+01
1.720820650871126645e+03 2.485285497896600404e+01
1.771878945477898242e+03 2.484686790601058348e+01
1.823023477500349827e+03 2.484076367556771459e+01
1.874227044901140516e+03 2.483484464513256995e+01
1.925469931957196650e+03 2.482886370690818367e+01
1.976738291888425238e+03 2.482304590773953379e+01
2.028022699771349153e+03 2.481718417780917463e+01
2.079316937520680767e+03 2.481150666506302471e+01
2.130617028343561742e+03 2.480577630018130009e+01
2.181920506503113756e+03 2.480022283149442330e+01
2.233225889715001358e+03 2.479460367512473695e+01
2.284532313976040768e+03 2.478918439118194783e+01
2.335839290947307745e+03 2.478369717595220578e+01
2.387146552978143063e+03 2.477841494603004335e+01
2.438453957812383123e+03 2.477308950842906299e+01
2.489761432126920226e+03 2.476796484945464272e+01
2.541068939270794090e+03 2.476282335222689568e+01
2.592376461477216708e+03 2.475789770968836834e+01
2.643683990393752538e+03 2.475293006955206110e+01
2.694991522212415930e+03 2.474813563521679072e+01
2.746299055249556659e+03 2.474330686747902064e+01
2.797606588783281495e+03 2.473866612392562203e+01
2.848914122513432176e+03 2.473399663134459203e+01
2.900221656318988607e+03 2.472954086800062967e+01
2.951529190152634328e+03 2.472503961115981141e+01
3.002836723996433193e+03 2.472071578900276734e+01
3.054144257843791820e+03 2.471634751264008756e+01
3.105451791692362349e+03 2.471217659406676503e+01
3.156759325541333055e+03 2.470794316577003968e+01
3.208066859390430636e+03 2.470388810595021667e+01
3.259374393239568690e+03 2.469981808710836546e+01
3.310681927088717657e+03 2.469592595277573466e+01
3.361989460937871627e+03 2.469195576580027307e+01
3.413296994787025596e+03 2.468815191476813453e+01
3.464604528636180021e+03 2.468429767622077620e+01
3.515912062485333990e+03 2.468059708198772029e+01
3.567219596334487960e+03 2.467685812295848180e+01
3.618527130183641930e+03 2.467330861658856378e+01
3.669834664032796354e+03 2.466972373198192514e+01
3.721142197881950324e+03 2.466628858666154755e+01
3.772449731731104293e+03 2.466281021906304005e+01
3.823757265580258718e+03 2.465951358010118355e+01
3.875064799429412687e+03 2.465614418492430104e+01
3.926372333278566657e+03 2.465293067489428225e+01
3.977679867127720627e+03 2.464965715139442892e+01
4.028987400976875051e+03 2.464654730129905147e+01
4.080294934826029021e+03 2.464339063473071434e+01
4.131602468675183445e+03 2.464042554464985813e+01
4.182910002524337870e+03 2.463742422626683037e+01
4.234217536373492294e+03 2.463457716657212515e+01
4.285525070222645809e+03 2.463168189342172809e+01
4.336832604071800233e+03 2.462895059582148249e+01
4.388140137920954658e+03 2.462612891343155397e+01
4.439447671770108172e+03 2.462340048202613829e+01
4.490755205619262597e+03 2.462057281349280657e+01
4.542062739468417021e+03 2.461786542806283151e+01
4.593370273317570536e+03 2.461511069486292058e+01
4.644677807166724961e+03 2.461252696157963982e+01
4.695985341015879385e+03 2.460992689583280679e+01
4.747292874865032900e+03 2.460746658223073879e+01
4.798600408714187324e+03 2.460494650160492469e+01
4.849907942563341749e+03 2.460256176615965984e+01
4.901215476412495264e+03 2.460012924060389494e+01
4.952523010261649688e+03 2.459782197843954776e+01
5.003830544110803203e+03 2.459544778836990986e+01
5.055138077959957627e+03 2.459319276425317824e+01
5.106445611809112052e+03 2.459085551496897537e+01
5.157753145658265566e+03 2.458862475894114041e+01
5.209060679507419991e+03 2.458632400626603953e+01
5.260368213356574415e+03 2.458416195753828859e+01
5.311675747205727930e+03 2.458196032567665767e+01
5.362983281054882355e+03 2.457990295513146961e+01
5.414290814904036779e+03 2.457776510147802895e+01
5.465598348753190294e+03 2.457572685397906653e+01
5.516905882602344718e+03 2.457361955280198273e+01
5.568213416451499143e+03 2.457163734725380877e+01
5.619520950300652657e+03 2.456958864829932665e+01
5.670828484149807082e+03 2.456762629290604139e+01
5.722136017998961506e+03 2.456562251241325967e+01
5.773443551848115021e+03 2.456375037895652724e+01
5.824751085697269446e+03 2.456183971411971712e+01
5.876058619546422960e+03 2.456000919754782430e+01
5.927366153395577385e+03 2.455810736356366775e+01
5.978673687244731809e+03 2.455627982899839878e+01
6.029981221093885324e+03 2.455438240294445507e+01
6.081288754943039748e+03 2.455258120978462344e+01
6.132596288792194173e+03 2.455075036580087300e+01
6.183903822641347688e+03 2.454901507194844257e+01
6.235211356490502112e+03 2.454722327945890825e+01
6.286518890339656537e+03 2.454552484648847255e+01
6.337826424188810051e+03 2.454379067620621058e+01
6.389133958037964476e+03 2.454214264583632499e+01
6.440441491887118900e+03 2.454043662903339396e+01
6.491749025736272415e+03 2.453882411002168595e+01
6.543056559585426839e+03 2.453714939358188118e+01
6.594364093434581264e+03 2.453551990310415931e+01
6.645671627283735688e+03 2.453380746474147500e+01
6.696979161132890113e+03 2.453220699864483834e+01
6.748286694982043628e+03 2.453057790242281300e+01
6.799594228831198052e+03 2.452904354336423864e+01
6.850901762680352476e+03 2.452743478288553547e+01
6.902209296529505991e+03 2.452590814875595981e+01
6.953516830378660416e+03 2.452432055405917666e+01
7.004824364227813930e+03 2.452279274616865123e+01
7.056131898076968355e+03 2.452120909118669800e+01
7.107439431926122779e+03 2.451974026254669070e+01
7.158746965775276294e+03 2.451821706989526817e+01
7.210054499624430719e+03 2.451677371336529276e+01
7.261362033473585143e+03 2.451522950136924450e+01
7.312669567322738658e+03 2.451376341132818482e+01
7.363977101171893082e+03 2.451224845550879294e+01
7.415284635021047507e+03 2.451081282120097171e+01
7.466592168870201021e+03 2.450932188828019775e+01
7.517899702719355446e+03 2.450792573996070089e+01
7.569207236568509870e+03 2.450646160726742195e+01
7.620514770417663385e+03 2.450507107483903013e+01
7.671822304266817810e+03 2.450359608022937863e+01
7.723129838115972234e+03 2.450219742194241945e+01
7.774437371965125749e+03 2.450075029880924049e+01
7.825744905814280173e+03 2.449939394365472367e+01
7.877052439663433688e+03 2.449795163274588461e+01
7.928359973512588112e+03 2.449658951291135622e+01
7.979667507361742537e+03 2.449512555951713111e+01
8.030975041210896052e+03 2.449377055376222501e+01
8.082282575060050476e+03 2.449239758170167391e+01
8.133590108909204901e+03 2.449107496278459806e+01
8.184897642758358415e+03 2.448986955221428019e+01
