# Columns: yplus uVDplus | Case=jet_M12_T05 | x*=20.00
0.000000000000000000e+00 0.000000000000000000e+00
4.179129942274950049e-01 4.075920091356370345e-01
1.224321202817093113e+00 1.224426770830155276e+00
2.034051918777223467e+00 2.040695803499276373e+00
2.848005319940505764e+00 2.850510359975171770e+00
3.667179304843438015e+00 3.645522211255754819e+00
4.492656330345813132e+00 4.416572354831533431e+00
5.325590283768189437e+00 5.155402940765338116e+00
6.167194516051492492e+00 5.855709288374717048e+00
7.018731742277450891e+00 6.513553965173890070e+00
7.881506128790029209e+00 7.127146360308001860e+00
8.756857578917331963e+00 7.696495451656640618e+00
9.646158020952345424e+00 8.222899852157965483e+00
1.055080938902634990e+01 8.708598265944392125e+00
1.147224295184068943e+01 9.156328033497141305e+00
1.241191966198905483e+01 9.569129415375099867e+00
1.337133124650546989e+01 9.950007797463650050e+00
1.435200181859370971e+01 1.030188608570119335e+01
1.535548984854651877e+01 1.062746703914019086e+01
1.638339038165875294e+01 1.092927134444583537e+01
1.743733742987609503e+01 1.120957523379363074e+01
1.851900649222667283e+01 1.147049986225195006e+01
1.963011717843332349e+01 1.171395353397012684e+01
2.077243592264127159e+01 1.194167601705706616e+01
2.194777878194188503e+01 1.215517621476024956e+01
2.315801431896497675e+01 1.235583351652061346e+01
2.440506657044497629e+01 1.254483042163648321e+01
2.569091810514679253e+01 1.272326082697451177e+01
2.701761317537217977e+01 1.289208119600847802e+01
2.838726096676017008e+01 1.305222081715765547e+01
2.980203895141552550e+01 1.320450837084753637e+01
3.126419634963864524e+01 1.334971810433762762e+01
3.277605770573668309e+01 1.348849368500917478e+01
3.434002658359105453e+01 1.362142098259188039e+01
3.595858938785268322e+01 1.374896110766172264e+01
3.763431931683881970e+01 1.387156771362511343e+01
3.936988045341490761e+01 1.398970626204575929e+01
4.116803200036530086e+01 1.410389409630667146e+01
4.303163266698613398e+01 1.421462158227904027e+01
4.496364521387389601e+01 1.432236631531689852e+01
4.696714116313550846e+01 1.442746004027372919e+01
4.904530568150764225e+01 1.453012056757478021e+01
5.120144264414899027e+01 1.463049419405883356e+01
5.343897988715554703e+01 1.472878292050577009e+01
5.576147465714980456e+01 1.482514926133650590e+01
5.817261926660692950e+01 1.491974169738868028e+01
6.067624696390976169e+01 1.501271286768746727e+01
6.327633802746378677e+01 1.510428160387749408e+01
6.597702609356160508e+01 1.519483869683630317e+01
6.878260472805632730e+01 1.528475886571356313e+01
7.169753425229113475e+01 1.537414272490732969e+01
7.472644883413840944e+01 1.546278359744955466e+01
7.787416385542003638e+01 1.555052462908195565e+01
8.114568356742292110e+01 1.563741401642629292e+01
8.454620904667969228e+01 1.572394453266669245e+01
8.808114646366354350e+01 1.581044247238946809e+01
9.175611567754152986e+01 1.589686429964596392e+01
9.557695917065196056e+01 1.598296730313559522e+01
9.954975133690855671e+01 1.606879878532714301e+01
1.036808081388989109e+02 1.615505290694450125e+01
1.079766971490294907e+02 1.624243209159406121e+01
1.124442479906817454e+02 1.633128085926480466e+01
1.170905631959773103e+02 1.642166179207483623e+01
1.219230294974152429e+02 1.651312757786547891e+01
1.269493295713319441e+02 1.660554776066949856e+01
1.321774542518540443e+02 1.669964057377925926e+01
1.376157152347620922e+02 1.679507352316204560e+01
1.432727582914611162e+02 1.689079657734530571e+01
1.491575770140662769e+02 1.698680339219570357e+01
1.552795271134557140e+02 1.708338164514949042e+01
1.616483412930208488e+02 1.718057684604610458e+01
1.682741447217615587e+02 1.727932606459507525e+01
1.751674711313248167e+02 1.737975171932437846e+01
1.823392795625775307e+02 1.748122752093719612e+01
1.898009717883386713e+02 1.758567206686154449e+01
1.975644104399679009e+02 1.769327807251166007e+01
2.056419378666298883e+02 1.780197051475505532e+01
2.140463957572152935e+02 1.791126699489548457e+01
2.227911455561147136e+02 1.802218578900990309e+01
2.318900897053027563e+02 1.813589641185081547e+01
2.413576937465015249e+02 1.825429181414209978e+01
2.512090093185644264e+02 1.837675188649142655e+01
2.614596980866417084e+02 1.849946701722899434e+01
2.721260566411748414e+02 1.862421285226815826e+01
2.832250424063160494e+02 1.875056782835782698e+01
2.947743005989933067e+02 1.887887671377744425e+01
3.067921922815579592e+02 1.900919662065163962e+01
3.192978235527980928e+02 1.914365225647877011e+01
3.323110759241557162e+02 1.928174710794928615e+01
3.458526379303727367e+02 1.941971073192711472e+01
3.599440380267465684e+02 1.956004123189490684e+01
3.746076788290029072e+02 1.970679314030339313e+01
3.898668727567863357e+02 1.986307403513387015e+01
4.057458791477715181e+02 2.002186508313644353e+01
4.222699429146735497e+02 2.017669391514518651e+01
4.394653348161423878e+02 2.033335183936545931e+01
4.573593933896525527e+02 2.049218136692727654e+01
4.759805685168430500e+02 2.065039158630798610e+01
4.953584663936877632e+02 2.081510193271416043e+01
5.155238952410232969e+02 2.098362740788221004e+01
5.365089102206734424e+02 2.115212533422384311e+01
5.583468544269445601e+02 2.132505877275065131e+01
5.810723901106747462e+02 2.150669113196250493e+01
6.047215100062219335e+02 2.169331294687780343e+01
6.293315123485367621e+02 2.187895814308944864e+01
6.549409146860174360e+02 2.206209860271314227e+01
6.815892712064570560e+02 2.224220967720684783e+01
7.093168471032309981e+02 2.242233737260586324e+01
7.381640937110472578e+02 2.259738601472523811e+01
7.681708631003216396e+02 2.276599238903925837e+01
7.993753047900737556e+02 2.292199925103154001e+01
8.318124045832659021e+02 2.307310337444477000e+01
8.655121594354448007e+02 2.322188794268462075e+01
9.004974331725278489e+02 2.336575015579991543e+01
9.367816020062148255e+02 2.350205287310772562e+01
9.743661674508501847e+02 2.361922441915785953e+01
1.013238574346794394e+03 2.371678643737659087e+01
1.053370507947394572e+03 2.380007822559754871e+01
1.094716942460414202e+03 2.387795742442204983e+01
1.137216165558141711e+03 2.394394485152997376e+01
1.180790909695743494e+03 2.399472474774434261e+01
1.225350592724754733e+03 2.403436991682464452e+01
1.270794527778172778e+03 2.406250236230354389e+01
1.317015831589255640e+03 2.408175382830304656e+01
1.363905666479049160e+03 2.409304728516467975e+01
1.411357412492841831e+03 2.409840111041902588e+01
1.459270389354046301e+03 2.410091033397481297e+01
1.507552826736266297e+03 2.410167642503280661e+01
1.556123898397764606e+03 2.410190621260353439e+01
1.604914767153012917e+03 2.410186889976449365e+01
1.653868709274200228e+03 2.410189578877701777e+01
1.702940479627662398e+03 2.410177837347702479e+01
1.752095132159049172e+03 2.410182234793954237e+01
1.801306523180252043e+03 2.410173117432226420e+01
1.850555704047520976e+03 2.410178938788400771e+01
1.899829366717214270e+03 2.410170819514750917e+01
1.949118452961202593e+03 2.410173858964034821e+01
1.998416986621143224e+03 2.410170180172674748e+01
2.047721145629193870e+03 2.410175004100344154e+01
2.097028560182861838e+03 2.410169634857744825e+01
2.146337805669024419e+03 2.410173297633730982e+01
2.195648051700256474e+03 2.410166004299065179e+01
2.244958828937427825e+03 2.410170492395676689e+01
2.294269880143359387e+03 2.410165952970266190e+01
2.343581068596646219e+03 2.410169565694982552e+01
2.392892323826960819e+03 2.410170530583346249e+01
2.442203610609321913e+03 2.410175785553346017e+01
2.491514911868193849e+03 2.410176799360214162e+01
2.540826219576108087e+03 2.410180153920776291e+01
2.590137530073237031e+03 2.410179010315838255e+01
2.639448841741435899e+03 2.410181594936880956e+01
2.688760153886898479e+03 2.410182063256181806e+01
2.738071466221144874e+03 2.410183036653504374e+01
2.787382778627862990e+03 2.410181142871482507e+01
2.836694091061577637e+03 2.410184340914161183e+01
2.886005403505049799e+03 2.410181955525153086e+01
2.935316715951943934e+03 2.410185474024738994e+01
2.984628028400002677e+03 2.410181017966651140e+01
3.033939340848445681e+03 2.410183392203339636e+01
3.083250653297010558e+03 2.410179367811586815e+01
3.132561965745614543e+03 2.410183522752493346e+01
3.181873278194229442e+03 2.410182186662251880e+01
3.231184590642848889e+03 2.410184400520748937e+01
3.280495903091468335e+03 2.410179292745868196e+01
3.329807215540087782e+03 2.410176104091109650e+01
3.379118527988707228e+03 2.410168489390114033e+01
3.428429840437326675e+03 2.410165389013396364e+01
3.477741152885946121e+03 2.410160039154997236e+01
3.527052465334565568e+03 2.410157266221025907e+01
3.576363777783185014e+03 2.410150531772306692e+01
3.625675090231804461e+03 2.410144705144034560e+01
3.674986402680423907e+03 2.410137636313365661e+01
3.724297715129043354e+03 2.410132782373196747e+01
3.773609027577662800e+03 2.410129220977186648e+01
3.822920340026282247e+03 2.410126403148444396e+01
3.872231652474901693e+03 2.410125569010874713e+01
3.921542964923521140e+03 2.410124658173531742e+01
3.970854277372141496e+03 2.410122454797562241e+01
4.020165589820760943e+03 2.410118037799308510e+01
4.069476902269380389e+03 2.410108862755614112e+01
4.118788214717999836e+03 2.410101675816179068e+01
4.168099527166618827e+03 2.410092082960733251e+01
4.217410839615238729e+03 2.410086064094577907e+01
4.266722152063857720e+03 2.410078565096587155e+01
4.316033464512477622e+03 2.410076501415634453e+01
4.365344776961096613e+03 2.410070991562778531e+01
4.414656089409716515e+03 2.410068355796366291e+01
4.463967401858335506e+03 2.410061677457357732e+01
4.513278714306955408e+03 2.410058065322043319e+01
4.562590026755575309e+03 2.410049682347756317e+01
4.611901339204194301e+03 2.410042164950289134e+01
4.661212651652814202e+03 2.410033299211232460e+01
4.710523964101433194e+03 2.410025351033361929e+01
4.759835276550053095e+03 2.410012082521672028e+01
4.809146588998672087e+03 2.410001256836290651e+01
4.858457901447291988e+03 2.409989296592263130e+01
4.907769213895910980e+03 2.409980836765111434e+01
4.957080526344530881e+03 2.409970587273767251e+01
5.006391838793149873e+03 2.409964563970834917e+01
5.055703151241769774e+03 2.409957285216508538e+01
5.105014463690388766e+03 2.409950945537046962e+01
5.154325776139008667e+03 2.409940357364216368e+01
5.203637088587627659e+03 2.409931925135239794e+01
5.252948401036247560e+03 2.409919494624121583e+01
5.302259713484866552e+03 2.409907278319077406e+01
5.351571025933486453e+03 2.409896155163217912e+01
5.400882338382105445e+03 2.409887051647080014e+01
5.450193650830725346e+03 2.409877249390205023e+01
5.499504963279344338e+03 2.409867327214237775e+01
5.548816275727964239e+03 2.409860068747286732e+01
5.598127588176583231e+03 2.409853253133646334e+01
5.647438900625203132e+03 2.409843788718019297e+01
5.696750213073822124e+03 2.409834477549515341e+01
5.746061525522442025e+03 2.409824161891032901e+01
5.795372837971061017e+03 2.409815996610269195e+01
5.844684150419680918e+03 2.409803276114099191e+01
5.893995462868299910e+03 2.409793919593752065e+01
5.943306775316919811e+03 2.409781098443569647e+01
5.992618087765539713e+03 2.409769194710477080e+01
6.041929400214158704e+03 2.409752961132080884e+01
6.091240712662778606e+03 2.409740824914079127e+01
6.140552025111397597e+03 2.409727705227177097e+01
6.189863337560017499e+03 2.409718855049237618e+01
6.239174650008636490e+03 2.409707414866058528e+01
6.288485962457256392e+03 2.409697730660075266e+01
6.337797274905876293e+03 2.409685536540145634e+01
6.387108587354495285e+03 2.409675948150468372e+01
6.436419899803115186e+03 2.409667438541094597e+01
6.485731212251734178e+03 2.409658192852139180e+01
6.535042524700354079e+03 2.409647876935505550e+01
6.584353837148973980e+03 2.409635546883453117e+01
6.633665149597592972e+03 2.409624371077063287e+01
6.682976462046212873e+03 2.409613153654958850e+01
6.732287774494831865e+03 2.409601606488141456e+01
6.781599086943451766e+03 2.409593217923897157e+01
6.830910399392070758e+03 2.409581309507065683e+01
6.880221711840690659e+03 2.409571152371849578e+01
6.929533024289309651e+03 2.409557515365809977e+01
6.978844336737929552e+03 2.409547853636562564e+01
7.028155649186548544e+03 2.409535605097489963e+01
7.077466961635168445e+03 2.409523844500261802e+01
7.126778274083787437e+03 2.409509422394282652e+01
7.176089586532407338e+03 2.409497972412199474e+01
7.225400898981026330e+03 2.409484927583725522e+01
7.274712211429646231e+03 2.409475055331773063e+01
7.324023523878265223e+03 2.409464163928840463e+01
7.373334836326885124e+03 2.409454911446997372e+01
7.422646148775504116e+03 2.409442523475672004e+01
7.471957461224124017e+03 2.409430932730710140e+01
7.521268773672743009e+03 2.409420992707336850e+01
7.570580086121362910e+03 2.409415526782098738e+01
7.619891398569981902e+03 2.409409934526147623e+01
7.669202711018601804e+03 2.409402255209241517e+01
7.718514023467220795e+03 2.409390065828359440e+01
7.767825335915840697e+03 2.409378948785997920e+01
7.817136648364459688e+03 2.409366500246395759e+01
7.866447960813079590e+03 2.409352088978494066e+01
