# Columns: yplus uVDplus | Case=jet_M12_T75 | x*=5.00
0.000000000000000000e+00 0.000000000000000000e+00
3.759867558081249062e-01 3.612680952350508790e-01
1.101493764186991964e+00 1.101607588082198941e+00
1.829989956402327866e+00 1.858169958507488229e+00
2.562285201847072535e+00 2.621428225155910674e+00
3.299277286994837688e+00 3.380916574913299666e+00
4.041940073507349851e+00 4.127603166559967285e+00
4.791311687397002750e+00 4.854543175271774480e+00
5.548483752734443719e+00 5.556757794862620337e+00
6.314592305377967563e+00 6.231010062303737662e+00
7.090810673937773423e+00 6.875414522651110971e+00
7.878344338770750355e+00 7.489229407472718592e+00
8.678427592361714460e+00 8.072486534411105197e+00
9.492321722761426273e+00 8.625801528933358497e+00
1.032131440966193026e+01 9.150056525429704379e+00
1.116672003867381413e+01 9.646272095457490536e+00
1.202988068246728126e+01 1.011552265714133014e+01
1.291216755080820455e+01 1.055909315987955388e+01
1.381498276374905210e+01 1.097835852028245540e+01
1.473976134703456964e+01 1.137485546097299682e+01
1.568797338381338768e+01 1.174999141200864017e+01
1.666112628221267045e+01 1.210506698650960367e+01
1.766076713574201662e+01 1.244113392646981353e+01
1.868848516477213906e+01 1.275916662204680385e+01
1.974591423430263504e+01 1.306009041331479281e+01
2.083473544736430583e+01 1.334490850993984878e+01
2.195667981577019745e+01 1.361443770250501828e+01
2.311353101126151799e+01 1.386952509174364856e+01
2.430712820084576364e+01 1.411091377303593042e+01
2.553936897056781419e+01 1.433954709051107557e+01
2.681221234224282313e+01 1.455640630864884955e+01
2.812768188789542023e+01 1.476236916563347279e+01
2.948786894683510695e+01 1.495789735325046266e+01
3.089493595047375862e+01 1.514339303944380077e+01
3.235111986016755026e+01 1.531922903733714669e+01
3.385873572354771710e+01 1.548616605598723339e+01
3.542018035499337714e+01 1.564489947120044455e+01
3.703793614609760709e+01 1.579573024472793819e+01
3.871457501218464614e+01 1.593868502530305520e+01
4.045276248115215623e+01 1.607415260882508790e+01
4.225526193113942242e+01 1.620235826620618624e+01
4.412493898375806367e+01 1.632338580191624189e+01
4.606476605986999573e+01 1.643763308612128426e+01
4.807782710515525082e+01 1.654542309020340696e+01
5.016732249298262758e+01 1.664671535765983634e+01
5.233657411237720680e+01 1.674192412920552187e+01
5.458903064917451786e+01 1.683117015653487769e+01
5.692827306875625482e+01 1.691444688541286112e+01
5.935802030908514837e+01 1.699200010941960670e+01
6.188213519308904864e+01 1.706443095646771724e+01
6.450463056979361909e+01 1.713295547318253043e+01
6.722967569396782039e+01 1.719797908487612759e+01
7.006160285442345526e+01 1.725914075829145133e+01
7.300491426150716734e+01 1.731652514491821648e+01
7.606428920473429400e+01 1.737097903143574129e+01
7.924459149194436236e+01 1.742159525124846908e+01
8.255087718180391221e+01 1.746728822640906742e+01
8.598840262195128048e+01 1.750876229360039105e+01
8.956263280556129303e+01 1.754662319030291684e+01
9.327925005961569127e+01 1.758056524982363555e+01
9.714416307869143452e+01 1.761063372186474041e+01
1.011635163186299451e+02 1.763776794703390038e+01
1.053436997650199203e+02 1.766293605893216778e+01
1.096913590920248680e+02 1.768653570854070622e+01
1.142134062277053204e+02 1.770692602571225649e+01
1.189170303426325574e+02 1.772428790263193932e+01
1.238097092792641263e+02 1.774090926638741550e+01
1.288992214402506988e+02 1.775791410146906912e+01
1.341936581545749334e+02 1.777464958501536429e+01
1.397014365411825452e+02 1.778872582809212943e+01
1.454313128905548353e+02 1.780188029719354859e+01
1.513923965854984317e+02 1.781596228508719193e+01
1.575941645832823781e+02 1.782896623626617583e+01
1.640464764821466872e+02 1.783927265927255945e+01
1.707595901961352638e+02 1.784674702208112507e+01
1.777441782631732679e+02 1.785242812106674037e+01
1.850113448123152011e+02 1.785865187227038575e+01
1.925726432171382783e+02 1.786830748225469989e+01
2.004400944633470658e+02 1.787612423503211545e+01
2.086262062597901092e+02 1.788302607143019074e+01
2.171439929232707300e+02 1.789419091225382985e+01
2.260069960687668527e+02 1.790606731903444881e+01
2.352293061379535004e+02 1.791818354135502744e+01
2.448255848002581274e+02 1.793825239554934470e+01
2.548110882620728148e+02 1.795885352967994564e+01
2.652016915212079766e+02 1.798107905704662457e+01
2.760139136052171693e+02 1.801078685965650195e+01
2.872649438338840469e+02 1.805060698916585338e+01
2.989726691480093450e+02 1.810549429897783114e+01
3.111557025487858255e+02 1.817169922123945724e+01
3.238334126947062828e+02 1.824355056897991290e+01
3.370259547063929517e+02 1.833377921283083012e+01
3.507543022342307495e+02 1.844527012417127310e+01
3.650402808490833308e+02 1.857546609322974263e+01
3.799066028211205435e+02 1.873442138693113534e+01
3.953769033506206370e+02 1.892289484017614853e+01
4.114757782940311017e+02 1.914272664421519110e+01
4.282288233587079844e+02 1.939388084186933270e+01
4.456626745615492950e+02 1.968028036897015554e+01
4.638050493537099328e+02 2.002000964423885421e+01
4.826847870306113464e+02 2.041708846482265116e+01
5.023318856110519732e+02 2.085612785960069360e+01
5.227775299287690132e+02 2.132520849403345764e+01
5.440541018230707095e+02 2.181812235246400533e+01
5.661951576622684570e+02 2.233762258887585972e+01
5.892353508030752209e+02 2.286114342846188663e+01
6.132102672429411996e+02 2.338337034738442455e+01
6.381561326547655426e+02 2.390031732215720695e+01
6.641093401785439028e+02 2.438707869623808477e+01
6.911057438099043111e+02 2.483689685824273496e+01
7.191796657979509746e+02 2.521562880196773904e+01
7.483625820688620252e+02 2.552268122339520318e+01
7.786814801969792370e+02 2.577473685132170189e+01
8.101569302431784081e+02 2.597501872182100158e+01
8.428009664789741464e+02 2.613369276488747772e+01
8.766149397824558491e+02 2.624673431765121023e+01
9.115875545638554058e+02 2.631366010041240244e+01
9.476933366936707444e+02 2.634370770555749175e+01
9.848917774971670269e+02 2.634711923443450488e+01
1.023127355805559887e+03 2.633567902136778471e+01
1.062330555777244626e+03 2.631859098659040441e+01
1.102419882726471087e+03 2.630009783113397859e+01
1.143304750983495751e+03 2.628114628492360794e+01
1.184889000119550474e+03 2.626210209048732835e+01
1.227074711365932671e+03 2.624291398922121132e+01
1.269765961189681775e+03 2.622383237182981475e+01
1.312872169850299542e+03 2.620468243931327024e+01
1.356310773685546337e+03 2.618570602940651426e+01
1.400009055175663207e+03 2.616682528234908389e+01
1.443905083080360782e+03 2.614825801061041943e+01
1.487947824360007189e+03 2.612973810256835705e+01
1.532096573003405183e+03 2.611153384531887056e+01
1.576319888845293463e+03 2.609349214584380050e+01
1.620594251007851653e+03 2.607581511938175467e+01
1.664902611829989837e+03 2.605830891273790328e+01
1.709232998369435336e+03 2.604118511359647670e+01
1.753577261145662760e+03 2.602423836879895802e+01
1.797930023545791983e+03 2.600768235617098512e+01
1.842287846942864462e+03 2.599130063245378608e+01
1.886648599279816381e+03 2.597534450619384927e+01
1.931010998864827798e+03 2.595951720063661483e+01
1.975374298617337899e+03 2.594412032300610349e+01
2.019738076283673536e+03 2.592883701328359081e+01
2.064102100433432497e+03 2.591401341388068502e+01
2.108466248061495207e+03 2.589929809678986672e+01
2.152830455767321382e+03 2.588502317173607281e+01
2.197194691859801878e+03 2.587084442370197124e+01
2.241558940976467511e+03 2.585706201366273760e+01
2.285923195895189565e+03 2.584340371846705509e+01
2.330287453323303907e+03 2.583014437440990108e+01
2.374651711805003288e+03 2.581698912645468624e+01
2.419015970716085576e+03 2.580422749600090526e+01
2.463380229797012362e+03 2.579156861924552402e+01
2.507744488943140368e+03 2.577930860686208447e+01
2.552108748113556430e+03 2.576714477585714036e+01
2.596473007292751390e+03 2.575536166248737757e+01
2.640837266475024535e+03 2.574362467023739853e+01
2.685201525658345872e+03 2.573224057838582368e+01
2.729565784842012363e+03 2.572090710026001048e+01
2.773930044025789357e+03 2.570995074923322576e+01
2.818294303209601367e+03 2.569904389331513883e+01
2.862658562393422471e+03 2.568851353300400575e+01
2.907022821577248124e+03 2.567801612069614237e+01
2.951387080761073776e+03 2.566786616923634767e+01
2.995751339944899428e+03 2.565771388234714934e+01
3.040115599128725080e+03 2.564790226580236165e+01
3.084479858312550732e+03 2.563812562241928106e+01
3.128844117496376384e+03 2.562872134242444488e+01
3.173208376680202036e+03 2.561934674177677351e+01
3.217572635864027689e+03 2.561032754549104595e+01
3.261936895047853795e+03 2.560129371313927393e+01
3.306301154231679448e+03 2.559261176619872558e+01
3.350665413415505100e+03 2.558391411983270558e+01
3.395029672599330752e+03 2.557553548058786319e+01
3.439393931783156404e+03 2.556711184403727088e+01
3.483758190966982056e+03 2.555901580446357713e+01
3.528122450150807708e+03 2.555090000086017810e+01
3.572486709334633815e+03 2.554313463290756658e+01
3.616850968518459467e+03 2.553533109363104003e+01
3.661215227702285574e+03 2.552783539797792400e+01
3.705579486886111226e+03 2.552025982787296954e+01
3.749943746069936878e+03 2.551296325434202217e+01
3.794308005253762531e+03 2.550560767211966962e+01
3.838672264437588183e+03 2.549854708918726232e+01
3.883036523621413835e+03 2.549143148003884818e+01
3.927400782805239487e+03 2.548460945788063370e+01
3.971765041989065139e+03 2.547773909415155558e+01
4.016129301172890791e+03 2.547115451883985671e+01
4.060493560356716443e+03 2.546451166700202506e+01
4.104857819540542550e+03 2.545815549777931253e+01
4.149222078724367748e+03 2.545172529102245207e+01
4.193586337908193855e+03 2.544556060939340014e+01
4.237950597092019052e+03 2.543931123126142779e+01
4.282314856275845159e+03 2.543335550889528918e+01
4.326679115459670356e+03 2.542731194338087519e+01
4.371043374643496463e+03 2.542154227975962755e+01
4.415407633827321661e+03 2.541566166799145421e+01
4.459771893011147768e+03 2.541006565557523800e+01
4.504136152194972965e+03 2.540434833790406444e+01
4.548500411378799072e+03 2.539889560820657266e+01
4.592864670562624269e+03 2.539332507672306249e+01
4.637228929746450376e+03 2.538801985702602693e+01
4.681593188930276483e+03 2.538258056756636449e+01
4.725957448114101680e+03 2.537740674763651327e+01
4.770321707297927787e+03 2.537215083624667500e+01
4.814685966481752985e+03 2.536716587106301546e+01
4.859050225665579092e+03 2.536204379640371798e+01
4.903414484849404289e+03 2.535713222513500043e+01
4.947778744033230396e+03 2.535211867107580019e+01
4.992143003217055593e+03 2.534736770613758239e+01
5.036507262400881700e+03 2.534249702747778343e+01
5.080871521584706898e+03 2.533783874696718996e+01
5.125235780768533004e+03 2.533305896882368557e+01
5.169600039952358202e+03 2.532851040523539865e+01
5.213964299136184309e+03 2.532387499633109584e+01
5.258328558320009506e+03 2.531945909888990442e+01
5.302692817503835613e+03 2.531491854069241398e+01
5.347057076687661720e+03 2.531055328767071089e+01
5.391421335871486917e+03 2.530607223785479931e+01
5.435785595055313024e+03 2.530182007105021214e+01
5.480149854239138222e+03 2.529746509071793525e+01
5.524514113422964328e+03 2.529328756222894015e+01
5.568878372606789526e+03 2.528898795978128078e+01
5.613242631790615633e+03 2.528490104120536230e+01
5.657606890974440830e+03 2.528072009127912523e+01
5.701971150158266937e+03 2.527671438377979030e+01
5.746335409342093044e+03 2.527259147368575753e+01
5.790699668525919151e+03 2.526868328354245818e+01
5.835063927709744348e+03 2.526466568572038440e+01
5.879428186893570455e+03 2.526082832306511960e+01
5.923792446077395653e+03 2.525682847940566944e+01
5.968156705261221759e+03 2.525301769230167181e+01
6.012520964445046957e+03 2.524910180387256631e+01
6.056885223628873064e+03 2.524536794160366426e+01
6.101249482812698261e+03 2.524149961792374697e+01
6.145613741996524368e+03 2.523779878041232649e+01
6.189978001180349565e+03 2.523397609897072869e+01
6.234342260364175672e+03 2.523034734294486015e+01
6.278706519548000870e+03 2.522659875579570254e+01
6.323070778731826977e+03 2.522302521733771385e+01
6.367435037915652174e+03 2.521932058619984218e+01
6.411799297099478281e+03 2.521579016388794159e+01
6.456163556283304388e+03 2.521215850120264079e+01
6.500527815467129585e+03 2.520867254568433324e+01
6.544892074650955692e+03 2.520502398538876321e+01
6.589256333834780889e+03 2.520152274654498115e+01
6.633620593018606996e+03 2.519791522355393454e+01
6.677984852202432194e+03 2.519451151267452360e+01
6.722349111386258301e+03 2.519094003970348794e+01
6.766713370570083498e+03 2.518750096841208119e+01
6.811077629753909605e+03 2.518394417463480295e+01
6.855441888937734802e+03 2.518059732422832653e+01
6.899806148121560909e+03 2.517718574223284378e+01
6.944170407305386107e+03 2.517384989967542452e+01
6.988534666489212213e+03 2.517037549671259100e+01
7.032898925673038320e+03 2.516708731486652084e+01
7.077263184856863518e+03 2.516397480258743613e+01
