# Columns: yplus uVDplus | Case=jet_M12_T05 | x*=10.00
0.000000000000000000e+00 0.000000000000000000e+00
4.313427773867807291e-01 4.205296780308628857e-01
1.263665201444230446e+00 1.263793055440300073e+00
2.099416902831863663e+00 2.105636540472268781e+00
2.939526986918088003e+00 2.937386268550476132e+00
3.785025420064870971e+00 3.747985966274704595e+00
4.637029444269359146e+00 4.526677768760505316e+00
5.496730027432805699e+00 5.265071670562599060e+00
6.365379511961481995e+00 5.957807614400259411e+00
7.244281190736740150e+00 6.602537136275919316e+00
8.134781139953268791e+00 7.199181757881312649e+00
9.038262321210625672e+00 7.749370837077445451e+00
9.956140750206930790e+00 8.255696347957918846e+00
1.088986341272690517e+01 8.721333166412287952e+00
1.184090757180221942e+01 9.149599956445785054e+00
1.281078112825934845e+01 9.543852226761220692e+00
1.380102374631273143e+01 9.907272033507627640e+00
1.481320851708766817e+01 1.024293629706903097e+01
1.584894399287574274e+01 1.055360140589958462e+01
1.690987647632139357e+01 1.084180983397350495e+01
1.799769248892710394e+01 1.110981533410598843e+01
1.911412137248000676e+01 1.135963869350239897e+01
2.026093799697484954e+01 1.159308550602992582e+01
2.143996556154828426e+01 1.181187303209796369e+01
2.265307848293419113e+01 1.201754546674158775e+01
2.390220537068908868e+01 1.221152325382960235e+01
2.518933209115427374e+01 1.239498077065270465e+01
2.651650492364919032e+01 1.256893484612142586e+01
2.788583381325259225e+01 1.273420348150919423e+01
2.929949572503647204e+01 1.289147066675599262e+01
3.075973810494848593e+01 1.304133116071857046e+01
3.226888245278579603e+01 1.318441381211309782e+01
3.382932801291613600e+01 1.332123621760105081e+01
3.544355558860372923e+01 1.345247324569697156e+01
3.711413148599996958e+01 1.357881374578989941e+01
3.884371159406801866e+01 1.370091484774950530e+01
4.063504560692661016e+01 1.381933427507788181e+01
4.249098139532591034e+01 1.393432970662215453e+01
4.441446953420512500e+01 1.404599711274367380e+01
4.640856799352948059e+01 1.415448866163796815e+01
4.847644699986455663e+01 1.426022226679259042e+01
5.062139407641640787e+01 1.436359859281477647e+01
5.284681926955061471e+01 1.446496282971603620e+01
5.515626057009898631e+01 1.456463136622950572e+01
5.755338953807326163e+01 1.466286422064361794e+01
6.004201713972722843e+01 1.475987590984146713e+01
6.262609980624802120e+01 1.485585206374686784e+01
6.530974572370763553e+01 1.495107065644094746e+01
6.809722136427562589e+01 1.504569556122161345e+01
7.099295826907545859e+01 1.513986696041085267e+01
7.400156009346795827e+01 1.523348218178830749e+01
7.712780992596327678e+01 1.532605482426571797e+01
8.037667789239603167e+01 1.541772176395906158e+01
8.375332905745349876e+01 1.550868998710283542e+01
8.726313163611814616e+01 1.559883684565582662e+01
9.091166552807999324e+01 1.568828001883759349e+01
9.470473118868527251e+01 1.577700976911740582e+01
9.864835885052654874e+01 1.586528418411099217e+01
1.027488181103329907e+02 1.595341554062336442e+01
1.070126278964031314e+02 1.604166505883841864e+01
1.114465668324257166e+02 1.613013365485815598e+01
1.160576840141660142e+02 1.621815582383760912e+01
1.208533102161491968e+02 1.630588457716109119e+01
1.258410695461583657e+02 1.639425782146880906e+01
1.310288915660748046e+02 1.648431353924100407e+01
1.364250238983305223e+02 1.657467170207323193e+01
1.420380453380151380e+02 1.666419250183088963e+01
1.478768794914821569e+02 1.675310480745147146e+01
1.539508089631377743e+02 1.684267864408758797e+01
1.602694901129669063e+02 1.693289853404776935e+01
1.668429684082565245e+02 1.702238524002241604e+01
1.736816943939244879e+02 1.710998397857479958e+01
1.807965403068421040e+02 1.719651938531371727e+01
1.881988173605642203e+02 1.728412437750062480e+01
1.959002937279468028e+02 1.737227202452733366e+01
2.039132132502403465e+02 1.746040527320761626e+01
2.122503149024029767e+02 1.754812274406706507e+01
2.209248530455790842e+02 1.763750182749676654e+01
2.299506184989415090e+02 1.772790865827440854e+01
2.393419604643973173e+02 1.781856378578500610e+01
2.491138093390124482e+02 1.791166227584863790e+01
2.592817004514245127e+02 1.800579202710350302e+01
2.698617987599806156e+02 1.810174636869164999e+01
2.808709245518698481e+02 1.819847712520840588e+01
2.923265801841190523e+02 1.829763680352192168e+01
3.042469779089971667e+02 1.839774904758815666e+01
3.166510688281445027e+02 1.849885517070011431e+01
3.295585730216496927e+02 1.860369956301538608e+01
3.429900109004176443e+02 1.871582765061214459e+01
3.569667358326348108e+02 1.883764146381898286e+01
3.715109680981898350e+02 1.896575928288373447e+01
3.866458302288568234e+02 1.909938781231202043e+01
4.023953837972023280e+02 1.923653172777392228e+01
4.187846677233716832e+02 1.938125196277609774e+01
4.358397381743561141e+02 1.953924674104113990e+01
4.535877101290069504e+02 1.970896851178609310e+01
4.720568006584533123e+02 1.988934636945564804e+01
4.912763738914301825e+02 2.008012017072788069e+01
5.112769874295810837e+02 2.029118447606015607e+01
5.320904395269099041e+02 2.051421682486732934e+01
5.537498154493011953e+02 2.074393124571349389e+01
5.762895297832922097e+02 2.099112377167153909e+01
5.997453586635172087e+02 2.125614139920552503e+01
6.241544514636930217e+02 2.153307022985370978e+01
6.495553050108567277e+02 2.182564777933485800e+01
6.759876746285651734e+02 2.212662219681919495e+01
7.034923855925472935e+02 2.242490476289317769e+01
7.321109970325319409e+02 2.271853461253685325e+01
7.618852602012989337e+02 2.298749483597892507e+01
7.928563078297642051e+02 2.322298422823081765e+01
8.250635153853505699e+02 2.343130502415770522e+01
8.585429929522798602e+02 2.360305173593484085e+01
8.933257014489666972e+02 2.373405160305162198e+01
9.294352394385306297e+02 2.383029979306033042e+01
9.668854129820067556e+02 2.389286327335595317e+01
1.005677771845438428e+03 2.392826589885904554e+01
1.045799357404652255e+03 2.394630158671357734e+01
1.087220945008509943e+03 2.395389308138274131e+01
1.129896061944879193e+03 2.395637942161183886e+01
1.173761012738381396e+03 2.395646543666287798e+01
1.218736046824064488e+03 2.395661160448434401e+01
1.264727671163808054e+03 2.395623861269029575e+01
1.311631963282218067e+03 2.395619673139477257e+01
1.359338605180645345e+03 2.395587722063275393e+01
1.407735261642495288e+03 2.395580860171336823e+01
1.456711886442774812e+03 2.395551760683790121e+01
1.506164563908291029e+03 2.395528545252280850e+01
1.555998574640470224e+03 2.395490211084626608e+01
1.606130495017461953e+03 2.395458231616673217e+01
1.656489275746223939e+03 2.395408539202473364e+01
1.707016370261715110e+03 2.395366899577182807e+01
1.757665079461760797e+03 2.395314081152379870e+01
1.808399334288086266e+03 2.395268043596466967e+01
1.859192150915839875e+03 2.395208607367685261e+01
1.910023971779844032e+03 2.395160820084349496e+01
1.960881061177727361e+03 2.395106684308639444e+01
2.011754069791968277e+03 2.395045397899253103e+01
2.062636829418243451e+03 2.394979304250314556e+01
2.113525395165196642e+03 2.394913036403216466e+01
2.164417321075887230e+03 2.394845005051738696e+01
2.215311136756741234e+03 2.394778527176225325e+01
2.266205985135537503e+03 2.394703328594421521e+01
2.317101381790765572e+03 2.394631874764523261e+01
2.367997061218837644e+03 2.394555348609286582e+01
2.418892882304757222e+03 2.394477165154146192e+01
2.469788772313608661e+03 2.394392691296957665e+01
2.520684694888443119e+03 2.394313598041970437e+01
2.571580632404995413e+03 2.394231929199291287e+01
2.622476576577832930e+03 2.394150203632198526e+01
2.673372523629517673e+03 2.394064320459278861e+01
2.724268471889904959e+03 2.393973391107889270e+01
2.775164420642892765e+03 2.393887019802171423e+01
2.826060369590731170e+03 2.393794640287434206e+01
2.876956318613370058e+03 2.393707104498250615e+01
2.927852267663872681e+03 2.393617807122167918e+01
2.978748216724447047e+03 2.393524251042782325e+01
3.029644165788553437e+03 2.393431398115162878e+01
3.080540114853861269e+03 2.393335541843316250e+01
3.131436063919566095e+03 2.393238567662590910e+01
3.182332012985396887e+03 2.393142072567757239e+01
3.233227962051267696e+03 2.393045245961643985e+01
3.284123911117149419e+03 2.392949422322712039e+01
3.335019860183036144e+03 2.392849009305382424e+01
3.385915809248923324e+03 2.392748779541750181e+01
3.436811758314810049e+03 2.392646861142522141e+01
3.487707707380696775e+03 2.392543822781062346e+01
3.538603656446583500e+03 2.392438625104493255e+01
3.589499605512470680e+03 2.392334627441702821e+01
3.640395554578357405e+03 2.392228651747800683e+01
3.691291503644244131e+03 2.392122500606144797e+01
3.742187452710131311e+03 2.392013709379455122e+01
3.793083401776018036e+03 2.391907188761073755e+01
3.843979350841904761e+03 2.391799372213920805e+01
3.894875299907791486e+03 2.391695111974195953e+01
3.945771248973678667e+03 2.391589430938057603e+01
3.996667198039565392e+03 2.391488279495526825e+01
4.047563147105452117e+03 2.391378866100993150e+01
4.098459096171340207e+03 2.391273572007587234e+01
4.149355045237226477e+03 2.391161510231905041e+01
4.200250994303113657e+03 2.391051186022193420e+01
4.251146943368999928e+03 2.390937591026405684e+01
4.302042892434887108e+03 2.390826441996030383e+01
4.352938841500774288e+03 2.390713022722442815e+01
4.403834790566660558e+03 2.390602315027670954e+01
4.454730739632547738e+03 2.390491950723259507e+01
4.505626688698434918e+03 2.390386792397791638e+01
4.556522637764321189e+03 2.390279112952399387e+01
4.607418586830208369e+03 2.390175684680054147e+01
4.658314535896095549e+03 2.390068761156090815e+01
4.709210484961981820e+03 2.389963232819274097e+01
4.760106434027869000e+03 2.389851388853629643e+01
4.811002383093756180e+03 2.389742830844003407e+01
4.861898332159642450e+03 2.389630937010010570e+01
4.912794281225529630e+03 2.389521193350469730e+01
4.963690230291415901e+03 2.389407135833884510e+01
5.014586179357303081e+03 2.389299650327644642e+01
5.065482128423190261e+03 2.389189743947596156e+01
5.116378077489076531e+03 2.389084994809336138e+01
5.167274026554963712e+03 2.388978995169376063e+01
5.218169975620850892e+03 2.388878086675912016e+01
5.269065924686737162e+03 2.388774641747084360e+01
5.319961873752624342e+03 2.388669126642064811e+01
5.370857822818511522e+03 2.388557842525825237e+01
5.421753771884397793e+03 2.388448256167649220e+01
5.472649720950284973e+03 2.388337587010437346e+01
5.523545670016172153e+03 2.388234703731751551e+01
5.574441619082058423e+03 2.388130348569249151e+01
5.625337568147945603e+03 2.388031071568551411e+01
5.676233517213831874e+03 2.387928527507285992e+01
5.727129466279719054e+03 2.387827781906983304e+01
5.778025415345606234e+03 2.387721519558587957e+01
5.828921364411492505e+03 2.387617724293432175e+01
5.879817313477379685e+03 2.387512998763535776e+01
5.930713262543266865e+03 2.387412322105834406e+01
5.981609211609153135e+03 2.387307245197791161e+01
6.032505160675040315e+03 2.387205752691910732e+01
6.083401109740927495e+03 2.387104021584199742e+01
6.134297058806813766e+03 2.387008365290888534e+01
6.185193007872700946e+03 2.386910682852715127e+01
6.236088956938588126e+03 2.386815222717337193e+01
6.286984906004474396e+03 2.386717321339278186e+01
6.337880855070361577e+03 2.386619663003434866e+01
6.388776804136247847e+03 2.386517883479274360e+01
6.439672753202135027e+03 2.386419479120442233e+01
6.490568702268022207e+03 2.386318769813746243e+01
6.541464651333909387e+03 2.386224576463258273e+01
6.592360600399796567e+03 2.386128133050548783e+01
6.643256549465682838e+03 2.386036439008551824e+01
6.694152498531570018e+03 2.385941175079652155e+01
6.745048447597457198e+03 2.385847084676354157e+01
6.795944396663343468e+03 2.385752402248322213e+01
6.846840345729230648e+03 2.385660980208561810e+01
6.897736294795117828e+03 2.385566958873726762e+01
6.948632243861004099e+03 2.385476070939741078e+01
6.999528192926891279e+03 2.385385657358365918e+01
7.050424141992778459e+03 2.385301564952509068e+01
7.101320091058664730e+03 2.385213009429942232e+01
7.152216040124551910e+03 2.385122845541441094e+01
7.203111989190439090e+03 2.385028563330845230e+01
7.254007938256325360e+03 2.384939312979252435e+01
7.304903887322212540e+03 2.384850772196359259e+01
7.355799836388098811e+03 2.384765627353490203e+01
7.406695785453985991e+03 2.384679745030513942e+01
7.457591734519873171e+03 2.384597290046331253e+01
7.508487683585759441e+03 2.384512272097634877e+01
7.559383632651646622e+03 2.384429262254426618e+01
7.610279581717533802e+03 2.384341457337114889e+01
7.661175530783420072e+03 2.384256611734554454e+01
7.712071479849307252e+03 2.384173695091563161e+01
7.762967428915194432e+03 2.384096239459179856e+01
7.813863377981080703e+03 2.384015682738467135e+01
7.864759327046967883e+03 2.383937744903957423e+01
7.915655276112855063e+03 2.383854411195309808e+01
7.966551225178741333e+03 2.383778535913292984e+01
8.017447174244628513e+03 2.383700014646601062e+01
8.068343123310514784e+03 2.383621123705334455e+01
8.119239072376401964e+03 2.383549398570680111e+01
