# Columns: yplus uVDplus | Case=jet_M08_T75 | x*=5.00
0.000000000000000000e+00 0.000000000000000000e+00
3.840869375187342949e-01 3.694701763669767658e-01
1.125224120390206251e+00 1.125344406833636235e+00
1.869414885462897358e+00 1.896022986026034474e+00
2.617486549790186245e+00 2.671127122977970281e+00
3.370356241573713163e+00 3.439016824816083950e+00
4.129018803151517147e+00 4.189630660954957619e+00
4.894534725710320444e+00 4.915532263472725205e+00
5.668019151046316040e+00 5.611833882634108761e+00
6.450632589541806183e+00 6.275749294838194103e+00
7.243573647758414502e+00 6.906056109565712475e+00
8.048073776675101598e+00 7.502706349092187921e+00
8.865393860121344005e+00 8.066416145664403459e+00
9.696822359079506626e+00 8.598382446544386326e+00
1.054367469474935959e+01 9.100048945034458825e+00
1.140729356959606022e+01 9.572984311302413118e+00
1.228904996962872254e+01 1.001883887659575478e+01
1.319034464567575782e+01 1.043922731522264158e+01
1.411260992477706289e+01 1.083570370140215289e+01
1.505731174857830545e+01 1.120963296288364752e+01
1.602595187139857558e+01 1.156237790299228152e+01
1.702007017665719957e+01 1.189513913963756053e+01
1.804124708812968336e+01 1.220911211775543315e+01
1.909110606402513000e+01 1.250539640094792482e+01
2.017131616899627033e+01 1.278522249112500475e+01
2.128359472341351122e+01 1.304972105116804215e+01
2.242971003165410693e+01 1.330016094969954210e+01
2.361148419251816932e+01 1.353752290217109433e+01
2.483079599565077089e+01 1.376269165350335122e+01
2.608958390830213858e+01 1.397605256307613253e+01
2.738984915705244916e+01 1.417813717560441589e+01
2.873365890934784872e+01 1.436927283839144209e+01
3.012314955988386700e+01 1.455023743706805028e+01
3.156053012705211103e+01 1.472167354494096791e+01
3.304808576484635552e+01 1.488430530423493359e+01
3.458818139581017448e+01 1.503844826691783254e+01
3.618326547080107503e+01 1.518476865855278035e+01
3.783587386154852794e+01 1.532358752075742458e+01
3.954863389219410408e+01 1.545535726779670327e+01
4.132426851622290798e+01 1.558043470418856913e+01
4.316560064542726849e+01 1.569943566951376646e+01
4.507555763778425018e+01 1.581240479404977783e+01
4.705717595138244747e+01 1.591948335315243490e+01
4.911360597179639598e+01 1.602096939998037328e+01
5.124811702058369178e+01 1.611739067254773516e+01
5.346410255286667734e+01 1.620898799293745185e+01
5.576508555226263297e+01 1.629553252179537992e+01
5.815472413173849020e+01 1.637635392633079334e+01
6.063681734929526357e+01 1.645145953091689606e+01
6.321531124772731403e+01 1.652115669995188796e+01
6.589430512805837736e+01 1.658565492897824711e+01
6.867805806662880741e+01 1.664509503387487399e+01
7.157099568619382524e+01 1.669982962912008517e+01
7.457771719179828551e+01 1.674920468409228391e+01
7.770300268261307508e+01 1.679352368134181717e+01
8.095182075135832633e+01 1.683262022240290179e+01
8.432933638339358140e+01 1.686708703945537025e+01
8.784091916803488687e+01 1.689717437345748863e+01
9.149215183515141803e+01 1.692419943688264539e+01
9.528883913061436317e+01 1.694763521434034459e+01
9.923701704470728657e+01 1.696742272342339675e+01
1.033429624081706208e+02 1.698578315069716993e+01
1.076132028711346464e+02 1.700281131142206448e+01
1.120545272808068660e+02 1.701873941442483940e+01
1.166739964744111973e+02 1.703295961124921476e+01
1.214789545045382511e+02 1.704366761930510066e+01
1.264770403147529265e+02 1.705327581303323470e+01
1.316761998840205194e+02 1.706312334306411671e+01
1.370846988592591629e+02 1.707329559189972912e+01
1.427111356961023318e+02 1.708412814839866201e+01
1.485644553287612268e+02 1.709490778417265133e+01
1.546539633907211737e+02 1.710634567139017648e+01
1.609893410088789096e+02 1.711738605876288233e+01
1.675806601946408421e+02 1.712961630585465755e+01
1.744383998564514968e+02 1.714225221630052332e+01
1.815734624592085993e+02 1.715250755981247011e+01
1.889971913570502693e+02 1.716368776768658222e+01
1.967213888270692905e+02 1.717691994528491506e+01
2.047583348326258772e+02 1.719250610076639774e+01
2.131208065460878913e+02 1.721092943981864209e+01
2.218220986620361259e+02 1.723132001486948184e+01
2.308760445332299014e+02 1.725204383313619871e+01
2.402970381629356780e+02 1.727507702630059683e+01
2.501000570885861407e+02 1.730370158241506928e+01
2.603006861931611979e+02 1.733429836429641213e+01
2.709151424821748719e+02 1.737207665997864936e+01
2.819603008657292662e+02 1.742480677959489554e+01
2.934537209867950196e+02 1.749255338504281454e+01
3.054136751387646314e+02 1.757469133158274133e+01
3.178591773175186859e+02 1.767048049823466371e+01
3.308100134559642242e+02 1.777673700637483378e+01
3.442867728925169217e+02 1.789554181936371435e+01
3.583108811295927012e+02 1.803306908845555867e+01
3.729046339436865765e+02 1.818935741500619940e+01
3.880912329134682750e+02 1.837139025986069285e+01
4.038948224311332638e+02 1.858923506004450488e+01
4.203405282412260249e+02 1.884822301046915882e+01
4.374544974797830719e+02 1.914149759179145960e+01
4.552639400045984530e+02 1.947074492447357486e+01
4.737971704059217473e+02 1.983338050462885960e+01
4.930836492870521397e+02 2.023883983627657202e+01
5.131540209379651287e+02 2.069073871198041559e+01
5.340401420320729358e+02 2.118371246969074306e+01
5.557750920364020430e+02 2.170059514117946264e+01
5.783931502507946334e+02 2.223322292930816957e+01
6.019297165967876708e+02 2.278123354840884573e+01
6.264211437292768778e+02 2.332847180274754351e+01
6.519044377596435424e+02 2.386229829078456177e+01
6.784167758742424894e+02 2.436271892309107656e+01
7.059947844998453093e+02 2.482485135851753455e+01
7.346735253170655824e+02 2.522835752593530501e+01
7.644851523629926078e+02 2.557023462736634301e+01
7.954572346267460716e+02 2.584928972888595311e+01
8.276107853263829384e+02 2.605851735536622371e+01
8.609580979973002286e+02 2.620019785881926566e+01
8.955005526206284685e+02 2.628948986500162732e+01
9.312266102567253938e+02 2.633885467530853219e+01
9.681102479666570844e+02 2.635542299297201296e+01
1.006110084365091325e+03 2.635065935359530442e+01
1.045169402146547554e+03 2.633612819489053436e+01
1.085217187834358128e+03 2.631684040452362794e+01
1.126170191037943141e+03 2.629668274062780142e+01
1.167935874528430986e+03 2.627574542307454308e+01
1.210416006216458300e+03 2.625519469434417275e+01
1.253510557791411657e+03 2.623433973884484516e+01
1.297121539163369334e+03 2.621395912117730731e+01
1.341156419160444102e+03 2.619321724333256540e+01
1.385530855385755785e+03 2.617301389504302733e+01
1.430170563708183636e+03 2.615264860995533880e+01
1.475012278653473231e+03 2.613288679237055945e+01
1.520003867736632628e+03 2.611305943140486718e+01
1.565103747984490838e+03 2.609378722843301901e+01
1.610279801891301076e+03 2.607454503987100836e+01
1.655508001850265828e+03 2.605588241150480044e+01
1.700770932928973707e+03 2.603729522421179254e+01
1.746056364242534301e+03 2.601927073669226687e+01
1.791355970739682107e+03 2.600134601526180234e+01
1.836664259974889092e+03 2.598395166033697024e+01
1.881977719240121587e+03 2.596664303232465798e+01
1.927294170545715133e+03 2.594991426742086560e+01
1.972612304587342805e+03 2.593319165309226904e+01
2.017931358189493722e+03 2.591705032993890612e+01
2.063250900001547507e+03 2.590090108091971288e+01
2.108570693607213343e+03 2.588532496632813462e+01
2.153890613351374213e+03 2.586978591874581568e+01
2.199210594467601823e+03 2.585476255096799036e+01
2.244530604582039814e+03 2.583981967731348206e+01
2.289850628001253426e+03 2.582536332054458939e+01
2.335170657347521228e+03 2.581096834489138558e+01
2.380490689257243957e+03 2.579708024385666221e+01
2.425810722243249074e+03 2.578320636742759220e+01
2.471130755667888479e+03 2.576980725418397711e+01
2.516450789266030824e+03 2.575645323114651930e+01
2.561770822930779559e+03 2.574359349987989276e+01
2.607090856620339309e+03 2.573077857123015022e+01
2.652410890318867132e+03 2.571843124427640959e+01
2.697730924020539987e+03 2.570613077956513237e+01
2.743050957723282409e+03 2.569426242071645561e+01
2.788370991426378623e+03 2.568238787222863095e+01
2.833691025129587160e+03 2.567093717478716641e+01
2.879011058832831168e+03 2.565948461173754325e+01
2.924331092536085180e+03 2.564845369154534893e+01
2.969651126239343284e+03 2.563743810243746779e+01
3.014971159942601844e+03 2.562686733782876303e+01
3.060291193645860403e+03 2.561628490774867828e+01
3.105611227349118508e+03 2.560611192422770443e+01
3.150931261052377067e+03 2.559593292238733753e+01
3.196251294755635172e+03 2.558614085073792666e+01
3.241571328458893731e+03 2.557630905855897296e+01
3.286891362162151836e+03 2.556685850420809558e+01
3.332211395865410395e+03 2.555739308773028640e+01
3.377531429568668500e+03 2.554827466814570869e+01
3.422851463271927059e+03 2.553913223182479086e+01
3.468171496975185164e+03 2.553034081541562372e+01
3.513491530678443723e+03 2.552151891512978921e+01
3.558811564381702283e+03 2.551305476232383285e+01
3.604131598084960387e+03 2.550455471391628492e+01
3.649451631788219402e+03 2.549639309675499987e+01
3.694771665491477961e+03 2.548814248060435972e+01
3.740091699194736066e+03 2.548024135961414061e+01
3.785411732897994625e+03 2.547229271311977072e+01
3.830731766601252730e+03 2.546466537417258635e+01
3.876051800304511289e+03 2.545695942136312340e+01
3.921371834007769394e+03 2.544960740677820255e+01
3.966691867711027953e+03 2.544222743864336778e+01
4.012011901414286058e+03 2.543515608365501279e+01
4.057331935117544617e+03 2.542801282541655539e+01
4.102651968820802722e+03 2.542115144932353843e+01
4.147972002524061281e+03 2.541419712907998374e+01
4.193292036227319841e+03 2.540749417183967296e+01
4.238612069930578400e+03 2.540074224186767893e+01
4.283932103633836050e+03 2.539428469996211746e+01
4.329252137337094609e+03 2.538775673004636246e+01
4.374572171040353169e+03 2.538148174525967349e+01
4.419892204743611728e+03 2.537514569377825069e+01
4.465212238446869378e+03 2.536909124054600895e+01
4.510532272150127937e+03 2.536295946030327286e+01
4.555852305853386497e+03 2.535708783443687508e+01
4.601172339556645056e+03 2.535111720641529232e+01
4.646492373259902706e+03 2.534537888982628218e+01
4.691812406963161266e+03 2.533953768193713429e+01
4.737132440666419825e+03 2.533398001375758923e+01
4.782452474369678384e+03 2.532833109043334474e+01
4.827772508072936944e+03 2.532293126334711175e+01
4.873092541776194594e+03 2.531741242181120199e+01
4.918412575479453153e+03 2.531216828067184466e+01
4.963732609182711712e+03 2.530681006474514660e+01
5.009052642885970272e+03 2.530169553258825488e+01
5.054372676589227922e+03 2.529647113763481414e+01
5.099692710292486481e+03 2.529150727589624736e+01
5.145012743995745041e+03 2.528640333795368988e+01
5.190332777699003600e+03 2.528153275769043162e+01
5.235652811402262159e+03 2.527655302053948816e+01
5.280972845105519809e+03 2.527181936743805224e+01
5.326292878808778369e+03 2.526695096124826634e+01
5.371612912512036928e+03 2.526230870539382067e+01
5.416932946215295487e+03 2.525755594549900351e+01
5.462252979918553137e+03 2.525305658937909215e+01
5.507573013621811697e+03 2.524840492880411702e+01
5.552893047325070256e+03 2.524400430819231289e+01
5.598213081028328816e+03 2.523944069954557889e+01
5.643533114731586465e+03 2.523509818214000688e+01
5.688853148434845025e+03 2.523057115949373852e+01
5.734173182138103584e+03 2.522630108853589803e+01
5.779493215841362144e+03 2.522191844076174760e+01
5.824813249544620703e+03 2.521778626459176564e+01
5.870133283247879262e+03 2.521348884886857533e+01
5.915453316951137822e+03 2.520941169681363903e+01
5.960773350654396381e+03 2.520516493071347597e+01
6.006093384357654031e+03 2.520115905615476848e+01
6.051413418060912591e+03 2.519699923749802295e+01
6.096733451764171150e+03 2.519306627859408820e+01
6.142053485467429709e+03 2.518895495404719043e+01
6.187373519170687359e+03 2.518504589760551937e+01
6.232693552873945919e+03 2.518098565013029599e+01
6.278013586577204478e+03 2.517718700490208761e+01
6.323333620280463037e+03 2.517323504173503323e+01
6.368653653983721597e+03 2.516947871971649064e+01
6.413973687686979247e+03 2.516556274047117370e+01
6.459293721390237806e+03 2.516187538591102069e+01
6.504613755093496366e+03 2.515803004369908535e+01
6.549933788796754925e+03 2.515434050089578122e+01
6.595253822500012575e+03 2.515047016583063666e+01
6.640573856203271134e+03 2.514686086786171160e+01
6.685893889906529694e+03 2.514314606035193478e+01
6.731213923609788253e+03 2.513958533393531525e+01
6.776533957313045903e+03 2.513580976539317291e+01
6.821853991016304462e+03 2.513223028336500064e+01
6.867174024719563022e+03 2.512855503342258601e+01
6.912494058422821581e+03 2.512510577127234868e+01
6.957814092126080141e+03 2.512144058001095814e+01
7.003134125829337790e+03 2.511791779407368352e+01
7.048454159532596350e+03 2.511427308353080079e+01
7.093774193235854909e+03 2.511077182943829555e+01
7.139094226939113469e+03 2.510720700485387979e+01
7.184414260642371119e+03 2.510380718766428743e+01
7.229734294345629678e+03 2.510058952093723050e+01
