# Columns: yplus uVDplus | Case=jet_M16_T05 | x*=20.00
0.000000000000000000e+00 0.000000000000000000e+00
4.203156966492162527e-01 4.099097594036397174e-01
1.231360178775261049e+00 1.231470330303083838e+00
2.045746270325652372e+00 2.052571349892081010e+00
2.864379324515178293e+00 2.867066802756894628e+00
3.688262977087036543e+00 3.666324662414735869e+00
4.518485908257924955e+00 4.441006129815460390e+00
5.356208639379643976e+00 5.182798621883509149e+00
6.202651497297872574e+00 5.885437918352750764e+00
7.059084456807791064e+00 6.545119416026475179e+00
7.926819182282082821e+00 7.160263275950858208e+00
8.807203280539807722e+00 7.731101327450257799e+00
9.701616567485674025e+00 8.259090856037785144e+00
1.061146903737490810e+01 8.746511013888682129e+00
1.153820018768571209e+01 9.196000919250304051e+00
1.248327937044989433e+01 9.610416483402980603e+00
1.344820688907074313e+01 9.992616548963905387e+00
1.443451561931872718e+01 1.034545285819712390e+01
1.544377299158211159e+01 1.067162755824624121e+01
1.647758322153151411e+01 1.097372817383689281e+01
1.753758971551889800e+01 1.125409804526420565e+01
1.862547760549988851e+01 1.151489778419744958e+01
1.974297638772993224e+01 1.175804455296075446e+01
2.089186265209398030e+01 1.198531301794077208e+01
2.207396289671977385e+01 1.219825137670138382e+01
2.329115642714298318e+01 1.239831398294534814e+01
2.454537834194054113e+01 1.258674662163572933e+01
2.583862260823739376e+01 1.276468246338130363e+01
2.717294523133179140e+01 1.293305356277777740e+01
2.855046752317975844e+01 1.309276061074244879e+01
2.997337947480163933e+01 1.324460216726792261e+01
3.144394323791452095e+01 1.338939197008050108e+01
3.296449672130167841e+01 1.352780424160571648e+01
3.453745730762700816e+01 1.366049497239772315e+01
3.616532569659938900e+01 1.378796101107985983e+01
3.785068988059587269e+01 1.391071922064926447e+01
3.959622925906320035e+01 1.402920667739845051e+01
4.140471889823890450e+01 1.414395867404352103e+01
4.327903394296393458e+01 1.425537539237513407e+01
4.522215418760056593e+01 1.436391216057452880e+01
4.723716881332281048e+01 1.446974058614335945e+01
4.932728129931020078e+01 1.457306451807279579e+01
5.149581451565330070e+01 1.467395061239777831e+01
5.374621600606715077e+01 1.477255970673180130e+01
5.608206346881176074e+01 1.486909482199575194e+01
5.850707044453239547e+01 1.496404634484988883e+01
6.102509222006320044e+01 1.505753236408397022e+01
6.364013195757900121e+01 1.514952283887551232e+01
6.635634705884051243e+01 1.524009859368935693e+01
6.917805577465009037e+01 1.532983034781948462e+01
7.210974407002569819e+01 1.541900361037380129e+01
7.515607275600831372e+01 1.550802472384575736e+01
7.832188489943973764e+01 1.559698422192322909e+01
8.161221352249184235e+01 1.568601810432899057e+01
8.503228960418736904e+01 1.577511942810653345e+01
8.858755039663391528e+01 1.586440227484809640e+01
9.228364806919086050e+01 1.595411824462280315e+01
9.612645869431374024e+01 1.604421858898098563e+01
1.001220915893600818e+02 1.613447206382046772e+01
1.042768990292093036e+02 1.622548781764538006e+01
1.085974863451371561e+02 1.631727790331616745e+01
1.130907224260010935e+02 1.640939706282089006e+01
1.177637506384298263e+02 1.650162184927074094e+01
1.226240001833795077e+02 1.659428826861783079e+01
1.276791979071102077e+02 1.668784309683195488e+01
1.329373805853602164e+02 1.678227121754133577e+01
1.384069077002480412e+02 1.687711263354663416e+01
1.440964747302138846e+02 1.697313328443904012e+01
1.500151269741296858e+02 1.707066811862579314e+01
1.561722739315557078e+02 1.716976948248199619e+01
1.625777042620041470e+02 1.726989291285049433e+01
1.692416013469938605e+02 1.737205029656389854e+01
1.761745594796352066e+02 1.747646790290226093e+01
1.833876007074841255e+02 1.758328814349284386e+01
1.908921923554422619e+02 1.769198217555316788e+01
1.987002652565607548e+02 1.780173845524323184e+01
2.068242327197318673e+02 1.791226619736716330e+01
2.152770102644220458e+02 1.802424411154177619e+01
2.240720361538220970e+02 1.813682526782693927e+01
2.332232927590579834e+02 1.824914507673955910e+01
2.427453287884262920e+02 1.836280919131819189e+01
2.526532824169963476e+02 1.847971325512902752e+01
2.629629053533516299e+02 1.859588580306846595e+01
2.736905878817356097e+02 1.871163664316334163e+01
2.848533849194261052e+02 1.883090758481061400e+01
2.964690431307960807e+02 1.895160437032569689e+01
3.085560291412436413e+02 1.907451416167558733e+01
3.211335588960332643e+02 1.919868581206176472e+01
3.342216282111543251e+02 1.932345745943631599e+01
3.478410445657061132e+02 1.945147603536676328e+01
3.620134601882891729e+02 1.958159108115070168e+01
3.767614064937326930e+02 1.971425956947697955e+01
3.921083299315103545e+02 1.984632966556423739e+01
4.080786293132308060e+02 1.997982671072745120e+01
4.246976946918984481e+02 2.011453457232986608e+01
4.419919478643370212e+02 2.024972320054749275e+01
4.599888845451634438e+02 2.038528393289059792e+01
4.787171181825974600e+02 2.052093241450966943e+01
4.982064251871785245e+02 2.066182558177840178e+01
5.184877909050967446e+02 2.080724667867359656e+01
5.395934547925527340e+02 2.095022019448493111e+01
5.615569516429258101e+02 2.109552076230472650e+01
5.844131429903382013e+02 2.124294701927698270e+01
6.081982285017658114e+02 2.139182097773350932e+01
6.329497208504773198e+02 2.154501818348342113e+01
6.587063590333731327e+02 2.169358793310220079e+01
6.855079246466884797e+02 2.184130111598097557e+01
7.133949143800165302e+02 2.199499822325670095e+01
7.424080121344636609e+02 2.213853747039386732e+01
7.725872991015006619e+02 2.227267113628548145e+01
8.039711441327426655e+02 2.240175945106627609e+01
8.365947341746306165e+02 2.253373122469115231e+01
8.704882386438665662e+02 2.266987717523851487e+01
9.056746528171020145e+02 2.281004990872369476e+01
9.421674298097384508e+02 2.294191128715916150e+01
9.799680797687595941e+02 2.306939543432697448e+01
1.019063975351289514e+03 2.319360546694968761e+01
1.059426639021024585e+03 2.330737436727558887e+01
1.101010786119453542e+03 2.341424269706550021e+01
1.143754349516881575e+03 2.351353015550236591e+01
1.187579617435058253e+03 2.359394157011746884e+01
1.232395486942604066e+03 2.365811288485159025e+01
1.278100692294657392e+03 2.371267875923247814e+01
1.324587735721727313e+03 2.375172325431980269e+01
1.371747153805630660e+03 2.377687203974572583e+01
1.419471713602763430e+03 2.379143532038395747e+01
1.467660155996569983e+03 2.380027969809926347e+01
1.516220183046561260e+03 2.380447804857055161e+01
1.565070503817607687e+03 2.380627542035612265e+01
1.614141885359334083e+03 2.380708408571346624e+01
1.663377277822846281e+03 2.380746638221245703e+01
1.712731175947148358e+03 2.380740833376382071e+01
1.762168432762937300e+03 2.380746092492033128e+01
1.811662754274496365e+03 2.380730827737925281e+01
1.861195082896852909e+03 2.380733754595857832e+01
1.910752034074582298e+03 2.380722245927055170e+01
1.960324497501186897e+03 2.380721252624858408e+01
2.009906462659664612e+03 2.380704885981295860e+01
2.059494085508002172e+03 2.380703837998718342e+01
2.109084982619028779e+03 2.380692051899087502e+01
2.158677721189108979e+03 2.380697163113832460e+01
2.208271466056681220e+03 2.380684255950488293e+01
2.257865745184248681e+03 2.380687480841718795e+01
2.307460299855702488e+03 2.380678007154813614e+01
2.357054992563585529e+03 2.380681224616169800e+01
2.406649752432417245e+03 2.380673181691229345e+01
2.456244544034697356e+03 2.380673043369784025e+01
2.505839350196717078e+03 2.380663670625052930e+01
2.555434162844857383e+03 2.380661079975189409e+01
2.605028978298248148e+03 2.380648322549964391e+01
2.654623794929441829e+03 2.380646197759247684e+01
2.704218612040642711e+03 2.380634411127718053e+01
2.753813429341712890e+03 2.380635757947652920e+01
2.803408246715671794e+03 2.380623239618698150e+01
2.853003064116781843e+03 2.380623966174870887e+01
2.902597881527706249e+03 2.380614082898484085e+01
2.952192698942071729e+03 2.380615286077944148e+01
3.001787516357608638e+03 2.380601054655882010e+01
3.051382333773532082e+03 2.380596518821968388e+01
3.100977151189578308e+03 2.380583644818507949e+01
3.150571968605663642e+03 2.380583016294543341e+01
3.200166786021759890e+03 2.380572725995423866e+01
3.249761603437860686e+03 2.380569486409489599e+01
3.299356420853961481e+03 2.380559988438524854e+01
3.348951238270062731e+03 2.380555857605999748e+01
3.398546055686163527e+03 2.380546934723968278e+01
3.448140873102264322e+03 2.380539740394375414e+01
3.497735690518365573e+03 2.380528897265901378e+01
3.547330507934466368e+03 2.380521643900587492e+01
3.596925325350567164e+03 2.380509086358127746e+01
3.646520142766668414e+03 2.380501224739403554e+01
3.696114960182769209e+03 2.380486681458781462e+01
3.745709777598870005e+03 2.380476291641595665e+01
3.795304595014970801e+03 2.380463816114957254e+01
3.844899412431072051e+03 2.380457790683035313e+01
3.894494229847172846e+03 2.380447187539568787e+01
3.944089047263273642e+03 2.380441144220878869e+01
3.993683864679375347e+03 2.380429540865644356e+01
4.043278682095476597e+03 2.380422183820738269e+01
4.092873499511577393e+03 2.380407937228424231e+01
4.142468316927678643e+03 2.380397389508821249e+01
4.192063134343778984e+03 2.380380224493747221e+01
4.241657951759880234e+03 2.380370392212909891e+01
4.291252769175981484e+03 2.380354738594058972e+01
4.340847586592081825e+03 2.380347225935876665e+01
4.390442404008183075e+03 2.380332470104106690e+01
4.440037221424284326e+03 2.380322333027674730e+01
4.489632038840384666e+03 2.380308714797324043e+01
4.539226856256485917e+03 2.380296933563878881e+01
4.588821673672586257e+03 2.380283888754452093e+01
4.638416491088687508e+03 2.380272981266053023e+01
4.688011308504788758e+03 2.380259867980931787e+01
4.737606125920889099e+03 2.380248802539911424e+01
4.787200943336990349e+03 2.380233873247598453e+01
4.836795760753091599e+03 2.380221307033090383e+01
4.886390578169191940e+03 2.380204658147653163e+01
4.935985395585293190e+03 2.380189501574003330e+01
4.985580213001394441e+03 2.380174103598355728e+01
5.035175030417494781e+03 2.380160814173886763e+01
5.084769847833596032e+03 2.380147859687927436e+01
5.134364665249697282e+03 2.380136382995155842e+01
5.183959482665797623e+03 2.380124354150271770e+01
5.233554300081898873e+03 2.380113774770766000e+01
5.283149117498000123e+03 2.380099313588383225e+01
5.332743934914100464e+03 2.380085702070487841e+01
5.382338752330201714e+03 2.380065920003446678e+01
5.431933569746302965e+03 2.380048850879133937e+01
5.481528387162403305e+03 2.380029221497809644e+01
5.531123204578504556e+03 2.380017269290908644e+01
5.580718021994605806e+03 2.380002866132882033e+01
5.630312839410706147e+03 2.379991893955668303e+01
5.679907656826807397e+03 2.379976838439007025e+01
5.729502474242908647e+03 2.379962819143689501e+01
5.779097291659008988e+03 2.379943961597113855e+01
5.828692109075110238e+03 2.379929679022681199e+01
5.878286926491210579e+03 2.379911493544486945e+01
5.927881743907311829e+03 2.379897785144624223e+01
5.977476561323413080e+03 2.379881051002308112e+01
6.027071378739513420e+03 2.379866309337150199e+01
6.076666196155614671e+03 2.379851753293005245e+01
6.126261013571715921e+03 2.379837347989175456e+01
6.175855830987816262e+03 2.379823103745314938e+01
6.225450648403917512e+03 2.379810068324289318e+01
6.275045465820018762e+03 2.379794668856857953e+01
6.324640283236119103e+03 2.379779815092690853e+01
6.374235100652221263e+03 2.379765003733888662e+01
6.423829918068321604e+03 2.379749797963537716e+01
6.473424735484422854e+03 2.379731556696627948e+01
6.523019552900524104e+03 2.379714928328476375e+01
6.572614370316624445e+03 2.379696142284682736e+01
6.622209187732725695e+03 2.379680768427941473e+01
6.671804005148826946e+03 2.379663748107127930e+01
6.721398822564927286e+03 2.379649988904289515e+01
6.770993639981028537e+03 2.379636955906937246e+01
6.820588457397129787e+03 2.379623424497665951e+01
6.870183274813230128e+03 2.379606726517283377e+01
6.919778092229331378e+03 2.379591585937784615e+01
6.969372909645432628e+03 2.379576722832895541e+01
7.018967727061532969e+03 2.379561040822458651e+01
7.068562544477634219e+03 2.379547653732412371e+01
7.118157361893735469e+03 2.379533525766110813e+01
7.167752179309835810e+03 2.379517660562157033e+01
7.217346996725937061e+03 2.379501171832109918e+01
7.266941814142038311e+03 2.379483073463861587e+01
7.316536631558138652e+03 2.379469228153713445e+01
7.366131448974239902e+03 2.379455482188923199e+01
7.415726266390341152e+03 2.379439925715916715e+01
7.465321083806441493e+03 2.379424865987266458e+01
7.514915901222542743e+03 2.379411542535325097e+01
7.564510718638643993e+03 2.379399480222449625e+01
7.614105536054744334e+03 2.379385929253070131e+01
7.663700353470845585e+03 2.379371711938614098e+01
7.713295170886945925e+03 2.379354663739626474e+01
7.762889988303047176e+03 2.379341167110290556e+01
7.812484805719148426e+03 2.379327741083820769e+01
7.862079623135248767e+03 2.379313960251251459e+01
7.911674440551350017e+03 2.379297472854784701e+01
