# Columns: yplus uu_plus uv_plus vv_plus ww_plus | Case=jet_M16_T75 | x*=-14.979769
3.972872292011550566e-01 2.812416286505265567e-02 -1.324946964383617149e-04 8.069919775940109023e-06 1.207058965723696586e-02
1.163895798977353291e+00 2.462195025250849822e-01 -2.334130275924297532e-03 2.419484692461003046e-04 8.746788093566043587e-02
1.933662896402779552e+00 6.702108728650647551e-01 -1.016246523072593909e-02 1.378913446878974637e-03 2.015714889639414198e-01
2.707444271745670150e+00 1.279227110606982576e+00 -2.693606110651610569e-02 4.215022498404646240e-03 3.314599365538719589e-01
3.486188573050152506e+00 2.032078475742808976e+00 -5.468712039784329876e-02 9.430547174819649270e-03 4.644201335207787107e-01
4.270924833374535545e+00 2.869941725493198259e+00 -9.333425667749108146e-02 1.737895881128322106e-02 5.937865229916247101e-01
5.062749990844043424e+00 3.728682927596063124e+00 -1.414050035815317685e-01 2.830927585009897912e-02 7.170167303895330635e-01
5.862817512424354227e+00 4.551797681246849692e+00 -1.961882837912772293e-01 4.217363007883826592e-02 8.332661872560034322e-01
6.672327792893854692e+00 5.298249464968504796e+00 -2.550597157108631108e-01 5.900210526283333756e-02 9.429073316172439378e-01
7.492520632498930411e+00 5.943996894776365281e+00 -3.152813484922913356e-01 7.857438275587287635e-02 1.046332266334166317e+00
8.324669804699542652e+00 6.479289984713816786e+00 -3.749882319698167876e-01 1.008568901080521968e-01 1.144137827103750782e+00
9.170079527353742321e+00 6.904440708325466858e+00 -4.324818523101600087e-01 1.255701595824070260e-01 1.236542836912380539e+00
1.003008254324347881e+01 7.226156884173180472e+00 -4.869524221303280220e-01 1.526748378790801497e-01 1.323815188474030569e+00
1.090603948193627737e+01 7.454805214144241354e+00 -5.376028614549489548e-01 1.818730043169155541e-01 1.405950738906273090e+00
1.179933919186699853e+01 7.602520435687980083e+00 -5.843283785933242047e-01 2.131207278719012832e-01 1.483006740095527798e+00
1.271139977706270052e+01 7.681866596263810187e+00 -6.268737324391637777e-01 2.461103598921432489e-01 1.554851362020402972e+00
1.364367012932640932e+01 7.704812208097443715e+00 -6.655078281973569876e-01 2.807874440050528442e-01 1.621476624436148262e+00
1.459763180188319964e+01 7.682152204665304573e+00 -7.002727877720750227e-01 3.168257347406590041e-01 1.682861008286095750e+00
1.557480111782997412e+01 7.623096966230966665e+00 -7.316142480801701709e-01 3.541590795402867475e-01 1.739149254547315504e+00
1.657673144374625807e+01 7.535429897582322845e+00 -7.596993681002343068e-01 3.924612693646912787e-01 1.790524713323602413e+00
1.760501558573190550e+01 7.425631321708913823e+00 -7.849552859306401231e-01 4.316530575522042890e-01 1.837317079347211113e+00
1.866128828353305735e+01 7.299152166976510259e+00 -8.075147914659926984e-01 4.714139505431738097e-01 1.879845382698849710e+00
1.974722879033594580e+01 7.160380132411422238e+00 -8.277212503721933512e-01 5.116700869076907798e-01 1.918415654542627191e+00
2.086456353317171519e+01 7.012709182157613519e+00 -8.456995427245751484e-01 5.521293682415771009e-01 1.953208153283342519e+00
2.201506885324065976e+01 6.858754371216171819e+00 -8.617489211221678325e-01 5.927123122397153221e-01 1.984345166617824452e+00
2.320057382796717960e+01 6.700743810779087539e+00 -8.759609786303230727e-01 6.331381384574770177e-01 2.011950946884762725e+00
2.442296317800411742e+01 6.540481079740093406e+00 -8.885489261765062707e-01 6.733334762294240772e-01 2.036327001790790625e+00
2.568418026319902125e+01 6.379360987951673501e+00 -8.996312563139475804e-01 7.130199483549268802e-01 2.057936721662606772e+00
2.698623017200326402e+01 6.218497498135742596e+00 -9.094449270678253150e-01 7.521306377300384094e-01 2.077268711662238143e+00
2.833118290910946868e+01 6.058896606514318606e+00 -9.181561619525022699e-01 7.904225585164552648e-01 2.094617399883266007e+00
2.972117668633051579e+01 5.901327199296395598e+00 -9.259153186158191051e-01 8.278317209893075734e-01 2.109994032719554991e+00
3.115842132192929625e+01 5.746484817609854190e+00 -9.328383222962624011e-01 8.640943698650824789e-01 2.123185967803075336e+00
3.264520175379442435e+01 5.595189653771804217e+00 -9.390753472090279663e-01 8.991439645865884067e-01 2.133992849293070204e+00
3.418388167204341954e+01 5.448547061617157183e+00 -9.447593218311485241e-01 9.327833159141776243e-01 2.142438656523431462e+00
3.577690727682742278e+01 5.307857421946168941e+00 -9.500097169629282412e-01 9.649776338339278725e-01 2.148835176502202238e+00
3.742681116731084501e+01 5.174617404313593738e+00 -9.547799501856777393e-01 9.955687667716591749e-01 2.153781282181109535e+00
3.913621636800869652e+01 5.049887249568798531e+00 -9.588556964356340639e-01 1.024568009080157216e+00 2.157810747290661357e+00
4.090784049888264917e+01 4.933281997174266742e+00 -9.621280724128695727e-01 1.051886485795644921e+00 2.161164023148840485e+00
4.274450009582515264e+01 4.823337091336621363e+00 -9.646979454030667478e-01 1.077556863437098222e+00 2.163408025931602197e+00
4.464911508840084053e+01 4.719109705863827386e+00 -9.667370320698932540e-01 1.101537944903244082e+00 2.163764621632741303e+00
4.662471344196335110e+01 4.619514039031156649e+00 -9.683072067417263229e-01 1.123950600732144256e+00 2.161683689742861514e+00
4.867443597152814050e+01 4.523767256776089596e+00 -9.693965554595951328e-01 1.144788064952571016e+00 2.157440895066865760e+00
5.080154133505402569e+01 4.432499446904079043e+00 -9.700752826934758710e-01 1.164070092014155344e+00 2.151812177706004636e+00
5.300941121407222312e+01 4.347244871947880895e+00 -9.704569238515529106e-01 1.181735176861791414e+00 2.145351112909050340e+00
5.530155568989837889e+01 4.267858072808996539e+00 -9.705093223339145148e-01 1.197788495560397015e+00 2.138191079567848707e+00
5.768161882397565421e+01 4.193878291682542780e+00 -9.701228367715202250e-01 1.212176250401783228e+00 2.130398223951068815e+00
6.015338445121946620e+01 4.123856772629095779e+00 -9.692021010066869113e-01 1.225019268787895799e+00 2.122344454137268244e+00
6.272078219557522516e+01 4.056738089879652343e+00 -9.677706638886998114e-01 1.236376982849153316e+00 2.114086619663698485e+00
6.538789371735195743e+01 3.993329270515241891e+00 -9.662233978443142135e-01 1.246475041950108276e+00 2.104679149556889062e+00
6.815895920226360261e+01 3.934447587519911416e+00 -9.649713756794177089e-01 1.255353689323245536e+00 2.093405549473294158e+00
7.103838410249539947e+01 3.880181671097453933e+00 -9.640678273001594967e-01 1.263301367094360028e+00 2.080127942727417523e+00
7.403074614051109847e+01 3.830458597070679261e+00 -9.634098801453737648e-01 1.270368988988819892e+00 2.065180665564897211e+00
7.714080258673652679e+01 3.785369446771085222e+00 -9.628684038033272774e-01 1.276792419122952271e+00 2.049387840887751722e+00
8.037349782268897513e+01 3.744582277663391245e+00 -9.623805338476691951e-01 1.282379069216444512e+00 2.033468338171038337e+00
8.373397120157729034e+01 3.704857189698492981e+00 -9.617898807503894032e-01 1.287234249671937780e+00 2.017414204027759173e+00
8.722756521886778103e+01 3.665308935411689450e+00 -9.608698679296758804e-01 1.290931213971475033e+00 2.001485813664609203e+00
9.085983400580764169e+01 3.628216405198090300e+00 -9.595425412156486367e-01 1.293433970594170868e+00 1.985707776224226340e+00
9.463655215940723053e+01 3.593035078005409666e+00 -9.575622962629131152e-01 1.294562848260833565e+00 1.969023913688506378e+00
9.856372392292009010e+01 3.556892795443817867e+00 -9.548488655034955697e-01 1.294801218290024813e+00 1.951181650544324464e+00
1.026475927314152159e+02 3.516010379443916811e+00 -9.507611679230459911e-01 1.294016923290695065e+00 1.934890458204855612e+00
1.068946511376181263e+02 3.473299762921145284e+00 -9.456275042462913838e-01 1.292377580923241176e+00 1.923526014607977563e+00
1.113116511337996997e+02 3.432162963050598758e+00 -9.397953562470909850e-01 1.289859417868101987e+00 1.917715563685669311e+00
1.159056148861235158e+02 3.392393584717174893e+00 -9.333931489267603965e-01 1.286771934412178631e+00 1.912720770282530625e+00
1.206838458985167506e+02 3.354474393802253207e+00 -9.271321293195853297e-01 1.283022449010844612e+00 1.903501173677843772e+00
1.256539406238129146e+02 3.317077740808494379e+00 -9.216268149774794471e-01 1.278843145311237217e+00 1.888974313911739200e+00
1.308238005406265358e+02 3.278253787049842050e+00 -9.163240275137609636e-01 1.274021440423778184e+00 1.871676626575637270e+00
1.362016447151586078e+02 3.237389515815126906e+00 -9.103570939807258400e-01 1.268043348782250446e+00 1.856223644147863006e+00
1.417960228679044121e+02 3.195340857616963515e+00 -9.028560406349026568e-01 1.260610435056040091e+00 1.842083612414070481e+00
1.476158289660373555e+02 3.155435755325621816e+00 -8.959161074268124914e-01 1.251378800566296245e+00 1.827561767597257525e+00
1.536703153630769521e+02 3.118082629882146239e+00 -8.901265826634079392e-01 1.240768710736243730e+00 1.813973643272714265e+00
1.599691075083218266e+02 3.081873302538081560e+00 -8.844064326574078150e-01 1.228491469249624490e+00 1.801421891965513389e+00
1.665222192494315721e+02 3.041135478623053334e+00 -8.779891724663987373e-01 1.215309947706271210e+00 1.787657740392577077e+00
1.733400687524859052e+02 2.994326651267137152e+00 -8.703803378618186759e-01 1.201263123725000659e+00 1.768642227686079371e+00
1.804334950648314759e+02 2.945040993294775866e+00 -8.605228944774765409e-01 1.186870794459446099e+00 1.747865177896190447e+00
1.878137753470472546e+02 2.900495862856679263e+00 -8.481549048422813986e-01 1.171675471045897865e+00 1.729964426173153269e+00
1.954926428014245516e+02 2.857231605895830473e+00 -8.357898033470407828e-01 1.155785791205867774e+00 1.709441360523053843e+00
2.034823053254638126e+02 2.809791588657613026e+00 -8.240311550866575852e-01 1.139282931566018231e+00 1.683549224757115548e+00
2.117954649200441963e+02 2.753664193752691780e+00 -8.102489765584791614e-01 1.122426833250587341e+00 1.651960145535007918e+00
2.204453378831212262e+02 2.689258569095353657e+00 -7.934388118234572129e-01 1.104069790519022431e+00 1.612529257728909204e+00
2.294456758210556870e+02 2.623424150448997683e+00 -7.764329811133156012e-01 1.083938657391093852e+00 1.568542844433199468e+00
2.388107875109797078e+02 2.558545830172393121e+00 -7.600483124784623845e-01 1.062056264717160081e+00 1.527870263399986106e+00
2.485555616489571946e+02 2.493376021730945080e+00 -7.447565049650596292e-01 1.039558799989791504e+00 1.492906556492335612e+00
2.586954905201081374e+02 2.424784442263039796e+00 -7.271731805676204807e-01 1.016578301545859597e+00 1.459364150920373193e+00
2.692466946283385028e+02 2.353067566321731974e+00 -7.080268108049925235e-01 9.926808128693226374e-01 1.419393310051257906e+00
2.802259483248621450e+02 2.277613168788275466e+00 -6.874890363590727693e-01 9.646745312497603253e-01 1.366753986412371669e+00
2.916507064763319477e+02 2.200662345889913940e+00 -6.628505056961144781e-01 9.335204324519034147e-01 1.309777601449272133e+00
3.035391322151539271e+02 2.110305025662366329e+00 -6.350675999025683360e-01 8.983068739182983320e-01 1.247043805669086014e+00
3.159101258165103445e+02 2.010776717880956799e+00 -6.044630951718210632e-01 8.602202062496185908e-01 1.185158075424798785e+00
3.287833547488871204e+02 1.904324601754258328e+00 -5.720636326843748787e-01 8.191088276030128457e-01 1.121612020835772494e+00
3.421792849477115510e+02 1.790578623729623287e+00 -5.358521053066397366e-01 7.777619749645259262e-01 1.050051011079083052e+00
3.561192133653432847e+02 1.667000960642025298e+00 -4.977224170329393460e-01 7.334220960642613418e-01 9.746743835540485623e-01
3.706253018554085088e+02 1.544353337575994578e+00 -4.574664455882057612e-01 6.873667894806589906e-01 8.991621863627072830e-01
3.857206124551737503e+02 1.421397194105470607e+00 -4.150556565400689291e-01 6.364270547355891372e-01 8.180373870724189089e-01
4.014291441346699116e+02 1.291585500169859513e+00 -3.726855135660624985e-01 5.870972741564135511e-01 7.266058180724975779e-01
4.177758710800487734e+02 1.154193066595212924e+00 -3.318042198173100088e-01 5.370964667576795248e-01 6.395731348288459239e-01
4.347867825569078377e+02 1.010730941228841440e+00 -2.883051558463702313e-01 4.846140441791503273e-01 5.537269850904572577e-01
4.524889243254976350e+02 8.593145670544541925e-01 -2.432383559539928186e-01 4.303290937535591554e-01 4.690570715899893273e-01
4.709104413914249676e+02 7.131259570866678166e-01 -1.996995777812157757e-01 3.746029872555236007e-01 3.860499677527772233e-01
4.900806214601736315e+02 5.738968679460512146e-01 -1.607749152808872761e-01 3.228630282497123583e-01 3.080638147093808787e-01
5.100299376364289969e+02 4.433413391051408969e-01 -1.269630742875804130e-01 2.733395505695815353e-01 2.404135223885756345e-01
5.307900873924713778e+02 3.281259684539655219e-01 -9.572075323473916431e-02 2.269823318547773972e-01 1.835109732414683947e-01
5.523940222511860156e+02 2.303313001822422101e-01 -6.820850315885897130e-02 1.830856194234281309e-01 1.362722904224288045e-01
5.748759585540167336e+02 1.536061168009238698e-01 -4.482888772764806462e-02 1.433064309006744919e-01 9.533017462802539921e-02
5.982713537110524840e+02 9.928067366843762453e-02 -2.793466858000596964e-02 1.088160532253228396e-01 6.501056087320054855e-02
6.226168242675788633e+02 6.345105011360034630e-02 -1.741255091360626936e-02 8.098701979825337349e-02 4.405614518851696387e-02
6.479499722457602502e+02 4.087216201582161146e-02 -9.960040708830062220e-03 5.832919893887795332e-02 2.901635450166417315e-02
6.743090755822253186e+02 2.716625965379898880e-02 -5.385977788088174706e-03 4.070882055436471358e-02 1.882764956628611014e-02
7.017325891680770837e+02 1.830852298064470154e-02 -2.573869281900342375e-03 2.818059665361333233e-02 1.214916308694169098e-02
7.302583982063416670e+02 1.283516307807664250e-02 -9.035611800043903989e-04 1.924944486869051632e-02 7.959598545583309454e-03
7.599227693767247729e+02 9.219902733218302351e-03 -3.059028979673208753e-04 1.319550985195825504e-02 5.422262757311201338e-03
7.907589617855772985e+02 6.838779800757324723e-03 -1.694400566335687967e-04 9.315009345412017527e-03 3.935634787579118596e-03
8.227954919124490516e+02 5.249354348727992142e-03 -1.235404630648849933e-04 6.800723593627626060e-03 3.070409985453494920e-03
8.560540951572274935e+02 4.116399476381360327e-03 -8.861506499149911188e-05 5.118250838526808288e-03 2.475101025182789832e-03
8.905474875592722128e+02 3.277500099182321675e-03 -5.823156301798662816e-05 3.920779603335896105e-03 2.047536044910626841e-03
9.262770965268755390e+02 2.646804954807922827e-03 -3.008050016891985153e-05 3.039223127174398367e-03 1.724830390333739619e-03
9.632309865503638093e+02 2.176978200522154856e-03 -1.192066493179993793e-05 2.377037471368692589e-03 1.484666395951434121e-03
1.001382240334992275e+03 1.811632010295627284e-03 -1.652914085082162452e-06 1.874279627234416495e-03 1.303237496124473377e-03
1.040688054300859903e+03 1.527448744598839227e-03 6.099157867997458939e-06 1.484237502250128436e-03 1.165204087636677842e-03
1.081089761883339861e+03 1.301651897209810810e-03 1.321229682290905039e-05 1.184931486838370360e-03 1.057116775705981525e-03
1.122513909016111938e+03 1.131713966446447730e-03 2.136352859796667632e-05 9.495910522342695991e-04 9.719806405554746575e-04
1.164874384160947557e+03 1.000748108504831728e-03 2.663533276539017887e-05 7.679399647374974972e-04 9.041342007714605602e-04
1.208075469771464896e+03 8.980389430946292837e-04 3.232741686200936589e-05 6.248842538552722278e-04 8.514007482698213083e-04
1.252015557719947765e+03 8.129195409187919092e-04 3.792020503247774729e-05 5.113083625266169390e-04 8.110406206985212949e-04
1.296591181924934745e+03 7.476736820362980124e-04 4.488844942334606694e-05 4.214356955718952811e-04 7.812751542054778174e-04
1.341700984575183156e+03 6.970093913746857597e-04 4.942874827791178229e-05 3.515300071857056612e-04 7.600984009255206059e-04
1.387249254389461385e+03 6.575588389930339369e-04 5.457853006933162680e-05 2.963868617543354163e-04 7.454522203113840085e-04
1.433148750293191597e+03 6.249979119911860947e-04 5.971133174466887006e-05 2.533036168493151409e-04 7.343158284753535658e-04
1.479322635159817764e+03 5.994464246846945357e-04 6.501668381766913111e-05 2.193036334880162053e-04 7.263154318350815292e-04
1.525705469208614886e+03 5.812764654582200721e-04 6.978909096888134551e-05 1.931951737574943507e-04 7.207621344523849980e-04
1.572243328266457638e+03 5.673568262343991293e-04 7.383126556855892941e-05 1.724593608696073593e-04 7.183022571876137435e-04
1.618893200237439714e+03 5.563448215940910036e-04 7.803949729311795600e-05 1.558144540595575813e-04 7.166602810992725881e-04
1.665621863802060943e+03 5.479502346102131573e-04 8.318766821018476357e-05 1.421468617563981240e-04 7.169554783707626213e-04
1.712404465573245943e+03 5.439893450825428753e-04 8.834416964027305404e-05 1.315011829440556701e-04 7.180768511215612510e-04
1.759222992102556873e+03 5.413000149255785525e-04 9.343953091020774850e-05 1.229288451497524410e-04 7.204821046177908210e-04
1.806064792154312499e+03 5.400698592138373491e-04 9.775287038947157853e-05 1.158084681102211991e-04 7.232771737622554868e-04
1.852921254562062586e+03 5.396745561543589724e-04 1.031959509208613850e-04 1.107074419907842051e-04 7.268687984241052396e-04
1.899786698116028901e+03 5.403321473857520705e-04 1.089303095429199308e-04 1.076186599047387080e-04 7.305298343526149367e-04
1.946657489383502025e+03 5.411999846302036716e-04 1.139207262327374061e-04 1.051602931265565184e-04 7.349632427960920865e-04
1.993531375521715518e+03 5.419026973008046928e-04 1.189360520531707076e-04 1.035942523345947995e-04 7.388055440086484975e-04
2.040407002228199644e+03 5.417287347729671894e-04 1.234758058200227757e-04 1.030241923322853739e-04 7.432722536200474977e-04
2.087283580098643142e+03 5.408360504656044027e-04 1.273186937020712260e-04 1.019367857195892257e-04 7.480235765640988769e-04
2.134160662957777276e+03 5.404827680358799099e-04 1.309373411195063365e-04 1.017099711682742293e-04 7.521069234961812178e-04
2.181038006264160686e+03 5.408945731338706464e-04 1.363433270984610885e-04 1.026893980289257289e-04 7.571686489301847735e-04
2.227915480044164724e+03 5.414941635229649202e-04 1.408574721997875008e-04 1.029305113635854333e-04 7.617172870252745046e-04
2.274793017305468766e+03 5.448613134063443877e-04 1.459696310757343650e-04 1.041042267174961135e-04 7.656256538945138690e-04
2.321670584561593387e+03 5.503359759485819272e-04 1.528451149210440668e-04 1.064504913405591395e-04 7.687791761537799643e-04
2.368548165579751640e+03 5.522687864646376281e-04 1.575982936450602036e-04 1.085655684568084551e-04 7.737193681705116250e-04
2.415425752728665429e+03 5.513107892074695093e-04 1.621276233066813624e-04 1.111508895096691737e-04 7.791356300124507644e-04
2.462303342529134625e+03 5.479618309552333538e-04 1.656492167380202169e-04 1.133517665964761916e-04 7.854854532862865901e-04
2.509180933442875812e+03 5.425975166275643193e-04 1.683014951632339157e-04 1.153447395256363382e-04 7.905441385618438687e-04
2.556058524810326162e+03 5.379688683134194269e-04 1.713880224367103600e-04 1.175924508614469808e-04 7.952681372199232662e-04
2.602936116357243009e+03 5.365330610394292155e-04 1.751239437888194592e-04 1.202506470983734431e-04 7.984452985500744768e-04
2.649813707973054534e+03 5.382495306121871936e-04 1.809841222533258172e-04 1.246950009692793964e-04 8.023457628495665999e-04
2.696691299614530180e+03 5.390898336510189593e-04 1.851027290456493210e-04 1.272077512434051339e-04 8.064882568466235670e-04
2.743568891265282218e+03 5.409768146562781788e-04 1.903190144637302540e-04 1.306849040845638567e-04 8.101623423011903354e-04
2.790446482919287064e+03 5.452484854805095477e-04 1.976169659309442116e-04 1.365388631262805577e-04 8.144478665097076723e-04
2.837324074574398765e+03 5.484517732603582350e-04 2.016883096966552269e-04 1.385867667005387003e-04 8.174954805944264569e-04
2.884201666229876082e+03 5.508439190805125129e-04 2.062294581750884659e-04 1.420062904058283677e-04 8.196057886500360615e-04
2.931079257885469360e+03 5.507564955475796522e-04 2.098856958013895282e-04 1.456351431515764191e-04 8.199204943528122904e-04
2.977956849541099928e+03 5.502082465985214978e-04 2.129712627016490671e-04 1.490992537362239299e-04 8.233502466907161770e-04
3.024834441196740045e+03 5.509525795406417740e-04 2.174802953220654521e-04 1.535472417854368314e-04 8.251624921860687550e-04
3.071712032852385164e+03 5.486217307352945442e-04 2.195250329419259981e-04 1.560937627877134434e-04 8.306059966226733791e-04
3.118589624508030283e+03 5.437508382632999905e-04 2.216237511476125367e-04 1.588070314338620637e-04 8.364523897464892126e-04
3.165467216163675403e+03 5.408239987636422746e-04 2.243842921781085829e-04 1.620127413947815927e-04 8.410078032502198717e-04
3.212344807819320522e+03 5.424152364276259341e-04 2.302891842375507834e-04 1.671857561128305288e-04 8.426680544864135125e-04
3.259222399474965641e+03 5.436603624491842274e-04 2.352774093302247623e-04 1.732518581691438184e-04 8.415669425147069864e-04
3.306099991130610306e+03 5.394490949107709791e-04 2.376551105169672959e-04 1.774848452047062149e-04 8.418763406041605184e-04
3.352977582786255425e+03 5.326119256506796958e-04 2.388327505619123649e-04 1.810870981868067443e-04 8.402976057258091866e-04
3.399855174441900544e+03 5.279170145561189317e-04 2.403941237068396423e-04 1.847331594997727862e-04 8.404732178136579534e-04
3.446732766097545664e+03 5.241931512207359664e-04 2.423777859622428801e-04 1.883870583652471622e-04 8.405114396306145224e-04
3.493610357753190783e+03 5.275504628059994724e-04 2.475177324357155347e-04 1.934083230943408076e-04 8.405858344439311918e-04
3.540487949408835448e+03 5.360552133764332925e-04 2.556821475968372817e-04 2.007443798433119835e-04 8.402238184679478982e-04
3.587365541064480567e+03 5.429506615605212598e-04 2.615877418916083422e-04 2.058835128317957946e-04 8.428243719676125744e-04
3.634243132720125686e+03 5.443705194300656582e-04 2.659205137678823517e-04 2.107655020295589481e-04 8.465592240204109289e-04
3.681120724375770806e+03 5.399303421261973700e-04 2.676711742883144994e-04 2.145606286683924419e-04 8.485409564810449242e-04
3.727998316031415925e+03 5.298451993720999179e-04 2.659277869522456679e-04 2.163160775984906286e-04 8.505123149773216682e-04
3.774875907687061499e+03 5.208768888910045086e-04 2.643023532286907138e-04 2.180539939311585491e-04 8.526603180222165103e-04
3.821753499342706618e+03 5.196955049738285169e-04 2.681250524246387118e-04 2.240732451007071803e-04 8.542801630279052080e-04
3.868631090998351738e+03 5.238063749460894003e-04 2.744937587970795886e-04 2.315170248965342558e-04 8.550265116832358710e-04
3.915508682653996402e+03 5.245276529155196111e-04 2.772834144377915068e-04 2.345109631734495831e-04 8.556682950163161392e-04
3.962386274309641522e+03 5.205716047446186942e-04 2.788722633412981451e-04 2.398186727369997471e-04 8.567668237620496919e-04
4.009263865965286641e+03 5.129374034872293984e-04 2.775646997957855020e-04 2.426822361589209829e-04 8.579583918371323217e-04
4.056141457620931760e+03 5.069460931647639702e-04 2.774687442564064571e-04 2.456079891966224090e-04 8.574724519034188390e-04
4.103019049276576879e+03 5.042386932120272291e-04 2.791438438010728309e-04 2.504975774762205668e-04 8.559983575184559879e-04
4.149896640932221999e+03 5.036927947959440400e-04 2.824360835659724513e-04 2.569883640892014825e-04 8.576102739270690398e-04
4.196774232587867118e+03 5.058912970068399784e-04 2.876001945902541723e-04 2.640675962937693981e-04 8.604487915605913643e-04
4.243651824243512237e+03 5.092336776195968218e-04 2.928981984674422284e-04 2.705855496415457634e-04 8.624700012428865997e-04
4.290529415899156447e+03 5.076304478846022528e-04 2.945889278824765072e-04 2.750721652932602108e-04 8.620763542175821637e-04
4.337407007554801567e+03 4.977710454851778411e-04 2.912113827684169385e-04 2.773324808651881431e-04 8.637024022936545982e-04
4.384284599210446686e+03 4.903075828608305028e-04 2.920818788278880369e-04 2.835905886975966525e-04 8.637360839677073925e-04
4.431162190866091805e+03 4.890957573799153404e-04 2.955271770538246364e-04 2.900486771968815774e-04 8.635470273845615146e-04
4.478039782521736925e+03 4.866407708312465324e-04 2.967592830379601576e-04 2.957758183857038970e-04 8.607101759074878939e-04
4.524917374177382044e+03 4.823010774885581886e-04 2.959414168550312651e-04 2.990341951031867500e-04 8.601774785807134172e-04
4.571794965833027163e+03 4.768469462283419450e-04 2.946181603483775512e-04 2.995615114022038964e-04 8.579613935774472924e-04
4.618672557488672282e+03 4.724463732139762805e-04 2.946343365104748114e-04 3.041391861622468962e-04 8.560574287581214749e-04
4.665550149144317402e+03 4.734268539866809487e-04 2.987738288245383057e-04 3.125702363455601178e-04 8.552177445605692535e-04
4.712427740799962521e+03 4.744122328059988277e-04 3.019891239743261509e-04 3.174188816306636857e-04 8.566872221200000923e-04
4.759305332455607640e+03 4.709621542104850474e-04 3.010968311760263264e-04 3.191727544228627222e-04 8.568088349246791172e-04
4.806182924111251850e+03 4.688873901199528608e-04 3.040905699105766005e-04 3.276795236127777477e-04 8.548872256534039782e-04
4.853060515766896970e+03 4.648665411930875003e-04 3.065247391545368070e-04 3.363863619759058883e-04 8.551432077919324725e-04
4.899938107422542089e+03 4.588617472905584505e-04 3.062993921902016498e-04 3.406396743605571986e-04 8.575367816763989530e-04
4.946815699078187208e+03 4.554798199604747971e-04 3.060501719681862041e-04 3.432271019939488080e-04 8.604027847686541606e-04
4.993693290733832328e+03 4.543568804781103953e-04 3.064392836359982448e-04 3.478152663047488313e-04 8.601716659079806275e-04
5.040570882389477447e+03 4.509248435172664060e-04 3.051423382479099330e-04 3.497081764362374259e-04 8.620844022550954930e-04
5.087448474045122566e+03 4.483669912987048615e-04 3.064084108312484537e-04 3.547531413864335090e-04 8.613918202759753787e-04
5.134326065700767685e+03 4.479450973937814024e-04 3.077435794349201543e-04 3.595527793249173867e-04 8.589254965884367873e-04
5.181203657356412805e+03 4.459383339839842930e-04 3.078322001846516410e-04 3.636281593510048396e-04 8.559544306234044726e-04
5.228081249012057924e+03 4.416425811523847444e-04 3.084473417269845965e-04 3.698502073520638683e-04 8.546869961953949563e-04
5.274958840667703043e+03 4.409258660903877191e-04 3.121477471614203850e-04 3.806286729891033443e-04 8.516961200284859420e-04
5.321836432323347253e+03 4.370820213845562764e-04 3.115989536720852114e-04 3.843338528858687491e-04 8.504948937686809514e-04
5.368714023978992373e+03 4.304573078649849994e-04 3.075190898183058092e-04 3.842710802259478951e-04 8.486757414170924491e-04
5.415591615634637492e+03 4.267142707156672439e-04 3.074947895853694796e-04 3.910666521269469246e-04 8.458500517146743053e-04
5.462469207290282611e+03 4.249294823078890448e-04 3.067719176690375006e-04 3.943510946779113231e-04 8.435663155990638304e-04
5.509346798945927731e+03 4.214392909789436460e-04 3.047884210226773434e-04 3.964538918437311428e-04 8.428858385105433663e-04
5.556224390601572850e+03 4.185210974524923512e-04 3.051470669752040532e-04 4.025252496780347433e-04 8.402322798982506287e-04
5.603101982257217969e+03 4.152504393447360308e-04 3.044908755385674075e-04 4.065030808810713250e-04 8.359913547033390874e-04
5.649979573912863088e+03 4.120054927648620735e-04 3.038035142694673479e-04 4.111457229048345397e-04 8.311594675600422668e-04
5.696857165568508208e+03 4.084835411531801135e-04 3.045513063788849004e-04 4.180006738367813722e-04 8.284234861585983026e-04
5.743734757224153327e+03 4.043704691738644517e-04 3.039141213106713786e-04 4.234723299936147232e-04 8.256716350951388492e-04
5.790612348879797537e+03 4.027628941733787092e-04 3.059944885989776000e-04 4.306641062374938272e-04 8.264661028246247758e-04
5.837489940535442656e+03 3.985069918019649602e-04 3.034727886704216646e-04 4.314151392592725591e-04 8.269877855558497009e-04
5.884367532191087776e+03 3.922860309961643394e-04 3.002094325888369965e-04 4.316464552426710821e-04 8.291068989188686220e-04
5.931245123846732895e+03 3.870106256812105871e-04 2.979188978770770397e-04 4.345387536980932952e-04 8.279324931084380617e-04
5.978122715502378014e+03 3.821621475352028770e-04 2.967167185469112988e-04 4.384591594098910332e-04 8.266429238527637580e-04
6.025000307158024043e+03 3.801653599938169996e-04 2.979095342943629404e-04 4.451372227182339011e-04 8.234261022197635104e-04
6.071877898813669162e+03 3.766166895985213802e-04 2.965565959613937442e-04 4.472721008896076182e-04 8.245062444578921037e-04
6.118755490469314282e+03 3.722010534824026526e-04 2.946511907913953727e-04 4.503283780426966501e-04 8.223417626359623899e-04
6.165633082124958491e+03 3.677233826482318693e-04 2.942042527463922873e-04 4.562674998139180102e-04 8.200744453176107580e-04
6.212510673780603611e+03 3.633594398756407424e-04 2.941409392038554478e-04 4.641830997093691360e-04 8.160706008148556692e-04
6.259388265436248730e+03 3.543210086165943609e-04 2.876551285044260092e-04 4.620184348309652007e-04 8.151286337452164944e-04
6.306265857091893849e+03 3.496466918172791969e-04 2.851988831698637006e-04 4.640533525191564679e-04 8.127216010666366485e-04
6.353143448747538969e+03 3.493621699768950607e-04 2.888215684197601861e-04 4.724038208057104379e-04 8.087305287217731948e-04
6.400021040403184088e+03 3.473858076170837457e-04 2.884901551760351863e-04 4.760546691556087509e-04 8.059125109024436063e-04
6.446898632058829207e+03 3.409869623903542487e-04 2.841683459487420456e-04 4.759565507276614809e-04 8.090288572269873583e-04
6.493776223714474327e+03 3.360134684334326375e-04 2.822553325063252897e-04 4.785234477385729552e-04 8.121199510053087175e-04
6.540653815370119446e+03 3.319626116826309694e-04 2.828685119877085525e-04 4.851436566620412035e-04 8.164993453725174133e-04
6.587531407025764565e+03 3.248192235187180284e-04 2.779261297511055389e-04 4.851428939775952230e-04 8.168643777100717063e-04
6.634408998681409685e+03 3.159002721713209975e-04 2.713527182641788061e-04 4.826387074931992485e-04 8.125110366606617300e-04
6.681286590337053894e+03 3.127003507093898717e-04 2.695605953872877718e-04 4.861339925668151183e-04 8.061494411450442505e-04
6.728164181992699014e+03 3.137010252720502375e-04 2.741297929621540732e-04 4.970231341109501840e-04 8.042542737986629019e-04
6.775041773648344133e+03 3.118477833265364727e-04 2.744043935835773071e-04 5.011919229952426337e-04 8.093244461597402751e-04
6.821919365303989252e+03 3.048499899750249111e-04 2.719465321990022764e-04 5.038212766196434236e-04 8.149499053165015945e-04
6.868796956959634372e+03 2.976618178639699706e-04 2.661261588562485693e-04 5.001134051193854672e-04 8.252548838649350011e-04
6.915674548615279491e+03 2.911912082949878636e-04 2.626198401559935096e-04 4.994426439106146136e-04 8.306889063743162034e-04
6.962552140270924610e+03 2.863512212728855496e-04 2.583092693110884274e-04 4.959533299621114938e-04 8.404231218141563911e-04
7.009429731926569730e+03 2.813661233240645726e-04 2.543546571254995609e-04 4.944267092858385714e-04 8.348318525958740724e-04
7.056307323582214849e+03 2.798739832567951930e-04 2.543702954641885623e-04 4.972957371828637179e-04 8.377385226606329617e-04
7.103184915237859968e+03 2.753651861690997391e-04 2.540090192920179345e-04 5.006918167971224996e-04 8.232315829355882613e-04
7.150062506893505088e+03 2.706989299891051910e-04 2.535896483080202516e-04 5.117556946972483169e-04 8.252281581163606154e-04
7.196940098549149297e+03 2.596100934050942226e-04 2.512997626871585127e-04 5.207915615535847146e-04 7.974591180424254805e-04
7.243817690204794417e+03 2.510701405004925270e-04 2.461617871111695401e-04 5.228686639208653423e-04 7.966208369081434265e-04
7.290695281860439536e+03 2.395911227218836708e-04 2.435058318267406877e-04 5.293856110860536675e-04 7.403261199244070201e-04
7.337572873516084655e+03 2.388123677948968365e-04 2.466649877764691889e-04 5.438213200167948524e-04 7.157508139778334015e-04
7.384450465171729775e+03 2.214148233503464974e-04 2.357083582842150950e-04 5.521472613984864178e-04 5.977440103886466367e-04
7.431328056827374894e+03 2.122001388820218034e-04 2.413104292396647593e-04 6.031187649359855737e-04 4.959031957257086561e-04
7.478205648483020013e+03 1.775148618965685014e-04 2.444208268021413129e-04 7.086916124939598560e-04 3.576878273935410837e-04
