# Columns: yplus uu_plus uv_plus vv_plus ww_plus | Case=jet_M08_T75 | x*=-14.979769
3.965309531669533039e-01 2.765481833430631295e-02 -1.305263550320663851e-04 8.107263184910494072e-06 1.198201765562109666e-02
1.161680206744890587e+00 2.420809837895040728e-01 -2.307529838107989263e-03 2.438082440321151338e-04 8.670575574633808402e-02
1.929981975398308736e+00 6.590763395638788991e-01 -1.007174124278637298e-02 1.390214116437492320e-03 1.995758858009277492e-01
2.702290380389093638e+00 1.258429212512373052e+00 -2.672773881555184916e-02 4.247935689755883044e-03 3.278718884109728671e-01
3.479552263914801546e+00 1.999990735040955592e+00 -5.431557582539019852e-02 9.499704905515497094e-03 4.590730638898209981e-01
4.262794700166244510e+00 2.826238431065402956e+00 -9.278466734754224621e-02 1.749824080930700854e-02 5.865990369784046532e-01
5.053112539137051940e+00 3.674130173231135998e+00 -1.407173691886201838e-01 2.849049557437523597e-02 7.079626519126337447e-01
5.851657052052999575e+00 4.487745087943835642e+00 -1.954301660247918793e-01 4.242280891822281658e-02 8.224172290119328155e-01
6.659626348620776959e+00 5.226297501206225604e+00 -2.542864413681378832e-01 5.932630302399411609e-02 9.304316319147442060e-01
7.478257869002820080e+00 5.865937744625604466e+00 -3.145180271712810782e-01 7.898018916659803323e-02 1.032424410316871377e+00
8.308822961903723936e+00 6.397218766189964434e+00 -3.742351443927730004e-01 1.013579109067551248e-01 1.128975433234324255e+00
9.152623362472212420e+00 6.820938084322802020e+00 -4.317271446011046732e-01 1.261793826310092514e-01 1.220256520731554994e+00
1.001098927648085635e+01 7.144322605672584814e+00 -4.861777907306323310e-01 1.534011961145357317e-01 1.306524510343080481e+00
1.088527874340251778e+01 7.377858150589236885e+00 -5.368064651439397039e-01 1.827105422560771075e-01 1.387812062626255338e+00
1.177687796785995111e+01 7.533201416462938838e+00 -5.835268832219029367e-01 2.140518931982029749e-01 1.464363009092377821e+00
1.268720235437715260e+01 7.621847306421755341e+00 -6.261043831141764882e-01 2.471076336708679932e-01 1.536292950996466899e+00
1.361769803664648215e+01 7.654453761803750034e+00 -6.648196175009161157e-01 2.818186277446923516e-01 1.603789344118825566e+00
1.456984374760804890e+01 7.640557818772654386e+00 -6.996622579558524624e-01 3.178586662720903622e-01 1.666870837426218888e+00
1.554515292388586545e+01 7.588606775919515712e+00 -7.310090322432111209e-01 3.551606896510738909e-01 1.725516819560763304e+00
1.654517597507057758e+01 7.506002411527122220e+00 -7.589355322770079404e-01 3.934065400162836679e-01 1.779552011616871487e+00
1.757150267519609699e+01 7.399299511656865391e+00 -7.839165570877747458e-01 4.325278883322344337e-01 1.828881418613846677e+00
1.862576465211771293e+01 7.274157545609631015e+00 -8.061161351705319333e-01 4.722063725952445612e-01 1.873505922683158520e+00
1.970963796239501420e+01 7.135517615619393794e+00 -8.260292497217066598e-01 5.123594521094301246e-01 1.913634796364814150e+00
2.082484574663237353e+01 6.987510846647070117e+00 -8.437977211217716489e-01 5.526834497970330995e-01 1.949570405921410066e+00
2.197316096458668966e+01 6.833384920004133001e+00 -8.598130278336949539e-01 5.931145254090611774e-01 1.981632389982543652e+00
2.315640921185027068e+01 6.675437427114127686e+00 -8.741027207067640914e-01 6.333833560138245611e-01 2.010162281103025528e+00
2.437647162132142142e+01 6.515456820665638915e+00 -8.869643006411194186e-01 6.734440332806813645e-01 2.035501617504216210e+00
2.563528785346757033e+01 6.354893933470944667e+00 -8.984092482191217144e-01 7.130515081901219743e-01 2.057942050008644053e+00
2.693485917985338673e+01 6.195131278500443095e+00 -9.086910302883239865e-01 7.521610638895254164e-01 2.077640259497440134e+00
2.827725166471022433e+01 6.037407105362442294e+00 -9.178099993083669306e-01 7.905360823221334599e-01 2.094715337543640921e+00
2.966459944955060735e+01 5.882916670934258185e+00 -9.260315310486025853e-01 8.281040306755669267e-01 2.109322894039311613e+00
3.109910814602702089e+01 5.732399063401741657e+00 -9.333861287976908949e-01 8.646085208722003035e-01 2.121897281169881300e+00
3.258305834241993892e+01 5.586219346692380405e+00 -9.400713534662452631e-01 8.999833825744270044e-01 2.132916992651281873e+00
3.411880922932599702e+01 5.444666901462406727e+00 -9.460953351348543316e-01 9.340426231324938655e-01 2.142808619095083245e+00
3.570880235030932681e+01 5.308378200830601301e+00 -9.516532553520665738e-01 9.667703645811124291e-01 2.151712744360443352e+00
3.735556548347815209e+01 5.178147228030165472e+00 -9.567962315694653608e-01 9.980137569652638430e-01 2.159786193720835357e+00
3.906171666015760024e+01 5.054347293598763002e+00 -9.616247283148873226e-01 1.027761321127342642e+00 2.167161612843151897e+00
4.082996832704752421e+01 4.936990162367592028e+00 -9.661141121929696096e-01 1.055909703457735604e+00 2.173510170607165559e+00
4.266313165848220734e+01 4.826178132329339121e+00 -9.702594229201192411e-01 1.082502894253903003e+00 2.177930905066036704e+00
4.456412102564787858e+01 4.721660128177075144e+00 -9.740964605112300001e-01 1.107513157925917868e+00 2.179495943837137961e+00
4.653595862986284004e+01 4.622508029000116814e+00 -9.775986401722072117e-01 1.131048244716168050e+00 2.177962361173712225e+00
4.858177930728656690e+01 4.527840869351400954e+00 -9.807244440989563161e-01 1.153091335605640033e+00 2.173962972735438814e+00
5.070483551269607148e+01 4.437607049454991959e+00 -9.833196047366138393e-01 1.173656274195019833e+00 2.167982228898793995e+00
5.290850249025303498e+01 4.352974824367703555e+00 -9.854468262820171853e-01 1.192637629164749358e+00 2.159847411524143723e+00
5.519628363948175576e+01 4.274482818941262252e+00 -9.869505838249900131e-01 1.210011337808798881e+00 2.149203557732147551e+00
5.757181608498943604e+01 4.201263437238531573e+00 -9.877808372957814775e-01 1.225727540604118815e+00 2.136461701410520497e+00
6.003887645878271684e+01 4.132367393631462882e+00 -9.878315061712746870e-01 1.239759875189916372e+00 2.122653515521299550e+00
6.260138690437424458e+01 4.067528270040993377e+00 -9.871757269408619750e-01 1.252095265531307122e+00 2.108859063233648357e+00
6.526342131222381227e+01 4.006398472482558759e+00 -9.856956657607102157e-01 1.262746147390029217e+00 2.095411489610920608e+00
6.802921179642713412e+01 3.948116205365526099e+00 -9.834669357894663122e-01 1.271827463079338472e+00 2.082068707421584897e+00
7.090315542294996476e+01 3.892501072125102990e+00 -9.805995870824328886e-01 1.279449811815240201e+00 2.068991147460979896e+00
7.388982120010282983e+01 3.840104225773312674e+00 -9.776998417581972411e-01 1.285833921242720557e+00 2.056141245265655115e+00
7.699395734237076283e+01 3.789763917411998140e+00 -9.747805197016288226e-01 1.291051652082508383e+00 2.043120800866060183e+00
8.022049881914564651e+01 3.741199737894989497e+00 -9.716638342890399072e-01 1.295223873848914353e+00 2.030706533502654398e+00
8.357457520036268761e+01 3.694353583364586857e+00 -9.680162049424768655e-01 1.298243657438484133e+00 2.019598728664983689e+00
8.706151881151296834e+01 3.648604995509699300e+00 -9.639753621375977133e-01 1.300297170945667879e+00 2.008726753792640984e+00
9.068687321099852738e+01 3.604457754627406363e+00 -9.595123931333231493e-01 1.301511693738998776e+00 1.997550817781845067e+00
9.445640200330592506e+01 3.562627480648056011e+00 -9.549342351006732121e-01 1.302376919204458972e+00 1.987511780278653051e+00
9.837609800201026644e+01 3.522629425826302452e+00 -9.504166204975605936e-01 1.303022257168593878e+00 1.978917001219352656e+00
1.024521927571765048e+02 3.481520825476409176e+00 -9.462421779127158095e-01 1.303577886732793178e+00 1.970499977569878602e+00
1.066911664623057874e+02 3.438656965867144422e+00 -9.418901993297730257e-01 1.303422322263783295e+00 1.961780485329870816e+00
1.110997582565753561e+02 3.397320808966424188e+00 -9.373359591273288105e-01 1.302814057874011500e+00 1.952765416330072501e+00
1.156849769387521718e+02 3.359736838135372938e+00 -9.327784769305432766e-01 1.301484564712642511e+00 1.942309288789815236e+00
1.204541121098121295e+02 3.323543730504844529e+00 -9.279003383033991303e-01 1.299571767493731711e+00 1.930915028040046444e+00
1.254147457619798871e+02 3.286146795173834789e+00 -9.226039512629505834e-01 1.296764025513693186e+00 1.921612421899334233e+00
1.305747643326139951e+02 3.246542984480912164e+00 -9.175970366122330191e-01 1.293101608928727053e+00 1.912850686063493733e+00
1.359423712420996821e+02 3.204769665520194710e+00 -9.127819621217760915e-01 1.288248050886235729e+00 1.901513565358266655e+00
1.415260999356829359e+02 3.165574156101643055e+00 -9.078304375533668980e-01 1.281715038836021670e+00 1.886487716992016006e+00
1.473348274499797697e+02 3.129925981886989117e+00 -9.011284978065549067e-01 1.272421877446682670e+00 1.872141666825892115e+00
1.533777885257280502e+02 3.092842350653611572e+00 -8.934967091562798780e-01 1.261339557263395195e+00 1.857691884678551286e+00
1.596645902892195465e+02 3.051461051306585848e+00 -8.857956496618186737e-01 1.250069936945542359e+00 1.840019366004025825e+00
1.662052275257517806e+02 3.006074164989846143e+00 -8.774673186383692425e-01 1.238223760911708382e+00 1.818860807304873761e+00
1.730100985693819098e+02 2.952675574650621027e+00 -8.671561507699994120e-01 1.225661433461003869e+00 1.794258674953659760e+00
1.800900218342441974e+02 2.894455125636177684e+00 -8.540992594492770040e-01 1.212564151126306777e+00 1.770247368509860308e+00
1.874562530137129386e+02 2.840178976803074296e+00 -8.398765122429119323e-01 1.198065394519317373e+00 1.747794262112205121e+00
1.951205029747536344e+02 2.787901925911358880e+00 -8.266700458829051579e-01 1.181933466711776237e+00 1.728266988659260761e+00
2.030949563759110958e+02 2.739873226591936994e+00 -8.132705840901722771e-01 1.166003386868893044e+00 1.705774519028387504e+00
2.113922910385335285e+02 2.692362422589946735e+00 -8.014639301051990072e-01 1.149291685530519525e+00 1.679060302937757987e+00
2.200256981020294802e+02 2.637521197388098315e+00 -7.911938519744207143e-01 1.131342259798337579e+00 1.648074840917591377e+00
2.290089029951996906e+02 2.580372791928468690e+00 -7.777394136895999788e-01 1.111369769625158765e+00 1.614929756258049132e+00
2.383561872569857485e+02 2.517851796832562883e+00 -7.618057738413597235e-01 1.089528996149292217e+00 1.577107114954502398e+00
2.480824112413273497e+02 2.451289619594834157e+00 -7.423515330069692109e-01 1.063646707703425065e+00 1.541115140534457417e+00
2.582030377422279344e+02 2.382036072416322536e+00 -7.212567434334244965e-01 1.034772489438489318e+00 1.503957251092025382e+00
2.687341565765997302e+02 2.307864506105783864e+00 -6.982458156188752207e-01 1.004322414696940058e+00 1.463621466558198136e+00
2.796925101639988043e+02 2.227367199113114982e+00 -6.770971372262287735e-01 9.738283259956455051e-01 1.415205306960170439e+00
2.910955201439910525e+02 2.146890096443244467e+00 -6.527406076862489748e-01 9.416334065946542209e-01 1.356531735626736124e+00
3.029613150736407192e+02 2.057894943918946229e+00 -6.230175217741044102e-01 9.066867969620274748e-01 1.293739647745155263e+00
3.153087592495630815e+02 1.964129368507256945e+00 -5.924598520512344146e-01 8.704279609157108410e-01 1.227163538246959673e+00
3.281574827012478863e+02 1.869889729485280316e+00 -5.626784025369649944e-01 8.318768930778882575e-01 1.153681948585276285e+00
3.415279124051644430e+02 1.772955333221014618e+00 -5.303081050843125865e-01 7.897140918915575014e-01 1.076842520898183997e+00
3.554413047727903745e+02 1.663913181044636813e+00 -4.952936865743791106e-01 7.464421023357454832e-01 9.956733247585579649e-01
3.699197794704437570e+02 1.551901326945157367e+00 -4.597828245442814321e-01 6.980945251505287219e-01 9.124591393952828922e-01
3.849863546344931819e+02 1.435720062236779393e+00 -4.212030757035051254e-01 6.492089800065170557e-01 8.293312120893391315e-01
4.006649835505262445e+02 1.309254377181070517e+00 -3.804277290777139386e-01 6.001275961613840026e-01 7.425984987343813293e-01
4.169805928638299406e+02 1.172545630973462316e+00 -3.386576615543195889e-01 5.509279066297722016e-01 6.533762066191405316e-01
4.339591223668315934e+02 1.028568294683505080e+00 -2.995314679118841195e-01 4.988461659536519432e-01 5.692663162522393350e-01
4.516275663354680887e+02 8.837516136552395762e-01 -2.616590113446342625e-01 4.470856318712140842e-01 4.856830378214367361e-01
4.700140161985089549e+02 7.373512786930068730e-01 -2.200156324662191909e-01 3.942812268689181998e-01 4.052470767277560615e-01
4.891477039093570625e+02 5.931190692190302372e-01 -1.773895936831155484e-01 3.409960917284040605e-01 3.270502254237521722e-01
5.090590445640908115e+02 4.595768099948301377e-01 -1.374768165916284424e-01 2.880640847898420231e-01 2.542662856649523517e-01
5.297796752956770661e+02 3.395583825448374449e-01 -1.025676147172220609e-01 2.388132325293082781e-01 1.924102526097505317e-01
5.513424849004765065e+02 2.369191433069661457e-01 -7.267684201087216966e-02 1.924095401713200870e-01 1.437135294028763222e-01
5.737816245857002286e+02 1.591102013611571109e-01 -4.955108932274047973e-02 1.502732846674040279e-01 1.019956714169397427e-01
5.971324842647053401e+02 1.018979953303613822e-01 -3.053325481221779228e-02 1.141184906441284480e-01 6.832303065141805132e-02
6.214316107795158359e+02 6.475441303646745084e-02 -1.686768879217141054e-02 8.460018004634917155e-02 4.519247143272119016e-02
6.467165345730807076e+02 4.154966410116694986e-02 -8.874952875310848296e-03 6.047548297168611059e-02 2.890448727161798459e-02
6.730254607161421063e+02 2.811416524913981640e-02 -4.765108459833976989e-03 4.187912647772480679e-02 1.773388192009733508e-02
7.003967708970662898e+02 2.006598220002273406e-02 -2.473988993758684599e-03 2.849274888204843953e-02 1.161247699673831693e-02
7.288682782006003436e+02 1.396757484596846018e-02 -1.013123371824392127e-03 1.962352140617783583e-02 7.651939180729571029e-03
7.584761802691931507e+02 1.019089836678921043e-02 -4.467197811788362885e-04 1.393558206472170907e-02 5.473146717116426918e-03
7.892536728971547291e+02 7.646160621860216035e-03 -2.742167335058230617e-04 1.011242443800026286e-02 4.090013191084210069e-03
8.212292182800600813e+02 5.888439401974122044e-03 -1.440961862988249698e-04 7.470752804488897149e-03 3.161310040033373826e-03
8.544245104422859640e+02 4.652998196056815951e-03 -7.744260818647861783e-05 5.638056102663675101e-03 2.528574881412482510e-03
8.888522412169371592e+02 3.722631357979406218e-03 -4.141865110751071020e-05 4.340975098511240353e-03 2.075664815301196849e-03
9.245138352950915532e+02 3.022615806013833131e-03 -9.946182146710335367e-06 3.378036230394213316e-03 1.739935013185270980e-03
9.613973798875135799e+02 2.488113393921653673e-03 6.873455940356108080e-06 2.653351416341988202e-03 1.492440890069609422e-03
9.994760089392250393e+02 2.078293306329486237e-03 1.639652132656314320e-05 2.099955171661998122e-03 1.305584829677342495e-03
1.038707000351226498e+03 1.754765051359613104e-03 2.325560812026951019e-05 1.669478177178594994e-03 1.165334482656740604e-03
1.079031799236573534e+03 1.492876152990593687e-03 3.223358501227995991e-05 1.338493108476446203e-03 1.055120269375328570e-03
1.120377091356118171e+03 1.286921265756710807e-03 4.160133775001077685e-05 1.078542599776169744e-03 9.695682050480826505e-04
1.162656929093569943e+03 1.129003136335364390e-03 4.619398750763878809e-05 8.749132395661795604e-04 9.021304128309198507e-04
1.205775777110484341e+03 1.007848053004927044e-03 5.168134693296883264e-05 7.151378972954068342e-04 8.509172734655950834e-04
1.249632220700393191e+03 9.135398828649895532e-04 5.805151903435377600e-05 5.891058831638712771e-04 8.103195640700982388e-04
1.294122990739884926e+03 8.390140898504123892e-04 6.426261901850357258e-05 4.900307393416049968e-04 7.797796005630541240e-04
1.339146922362462647e+03 7.784068242429607095e-04 6.918813437653376054e-05 4.103858040988879875e-04 7.571079488286210600e-04
1.384608486482905391e+03 7.292041436302225225e-04 7.283444695581953773e-05 3.475123943442590319e-04 7.431182162636103955e-04
1.430420608098758748e+03 6.910410245303313112e-04 7.802711697301217191e-05 2.982967287433096527e-04 7.305248796581709312e-04
1.476506596350634027e+03 6.606740736466107117e-04 8.389274053490362371e-05 2.592159766450044837e-04 7.233104164649247327e-04
1.522801136028982910e+03 6.376982692352491317e-04 8.810529894815099454e-05 2.279538541388795021e-04 7.177731013599128679e-04
1.569250405610744792e+03 6.204067607070614656e-04 9.278363237116776872e-05 2.028151681366890762e-04 7.152825894961874599e-04
1.615811474877846422e+03 6.056656030070987039e-04 9.593557267613090440e-05 1.811059470653095390e-04 7.143826650620442326e-04
1.662451185750896684e+03 5.916499194475882423e-04 9.936460623997470380e-05 1.639946230865562706e-04 7.158424379841845731e-04
1.709144732153731866e+03 5.808243546006374488e-04 1.038128418413004472e-04 1.513366862219537614e-04 7.174209673263141820e-04
1.755874134928317744e+03 5.725406218159520989e-04 1.073386307613709447e-04 1.406837030342937664e-04 7.204334807690343165e-04
1.802626766921867102e+03 5.696742094143906077e-04 1.119931980274837169e-04 1.327755685593802557e-04 7.228369740755312021e-04
1.849394033360147660e+03 5.685815526843925787e-04 1.175007055401772898e-04 1.272852031058080088e-04 7.265824897381323484e-04
1.896170263848132890e+03 5.667581102066647546e-04 1.222738386725643115e-04 1.217019258106699680e-04 7.312982072496708929e-04
1.942951831869716898e+03 5.651436582136530086e-04 1.261842322192879579e-04 1.178716650451572197e-04 7.369618052626725766e-04
1.989736488870644735e+03 5.649310865987115619e-04 1.304141544853018044e-04 1.147180767262325808e-04 7.433911923476311341e-04
2.036522883126497163e+03 5.648750957535780826e-04 1.340570955893427639e-04 1.119025325647392028e-04 7.495589938760624992e-04
2.083310226735673041e+03 5.658513196234221578e-04 1.391668377140108191e-04 1.115659479970596165e-04 7.549101052887614545e-04
2.130098074372243445e+03 5.664637929032827592e-04 1.444342126839029124e-04 1.119015533876599130e-04 7.600749523441912604e-04
2.176886181960275280e+03 5.655674784721134935e-04 1.481454386394111689e-04 1.120928270778308208e-04 7.650342526695643559e-04
2.223674419773557929e+03 5.625214445025458450e-04 1.502447528649449807e-04 1.111519278638893393e-04 7.715668920491547096e-04
2.270462720947297839e+03 5.608408268020615524e-04 1.531325654231349047e-04 1.108174525993368671e-04 7.774023344123718801e-04
2.317251052058760251e+03 5.599420318825721167e-04 1.566514129921284259e-04 1.121749296928404671e-04 7.831720856458515784e-04
2.364039396906058755e+03 5.602925091049297578e-04 1.600579057447039182e-04 1.132792124458514355e-04 7.895510678656246766e-04
2.410827747872442160e+03 5.611573057787541587e-04 1.634475151020156158e-04 1.150133061086802921e-04 7.954578451172468652e-04
2.457616101485333274e+03 5.633097423906696741e-04 1.689085651782499338e-04 1.177677435261191720e-04 8.013288357745574405e-04
2.504404456209377713e+03 5.639967487973905061e-04 1.735072546382772243e-04 1.200048252619073799e-04 8.063941142994420809e-04
2.551192811386267749e+03 5.639246382497667756e-04 1.765619068098266294e-04 1.215947580225832216e-04 8.103486973225775165e-04
2.597981166742281857e+03 5.652730451289736174e-04 1.816342236502485380e-04 1.236883709391165529e-04 8.136163365680103027e-04
2.644769522167060131e+03 5.657741814741666479e-04 1.864719787333801867e-04 1.273069886753582880e-04 8.167456341668896972e-04
2.691557877617453414e+03 5.630932488387283474e-04 1.878977222432178895e-04 1.283432523680494734e-04 8.201464058341131728e-04
2.738346233077105808e+03 5.614917076906613975e-04 1.914164406270361853e-04 1.306911540248594081e-04 8.232826246601283610e-04
2.785134588540004188e+03 5.622684748757100347e-04 1.954809970483236694e-04 1.338597502402812025e-04 8.257379724900480158e-04
2.831922944004008059e+03 5.638298049607223849e-04 2.007235696810018169e-04 1.373922942569132306e-04 8.267111846947963966e-04
2.878711299468376183e+03 5.663132001099841764e-04 2.060267437945005142e-04 1.422889911384661577e-04 8.288487594552058392e-04
2.925499654932860267e+03 5.705711997716101389e-04 2.116098845364087176e-04 1.467064293237185042e-04 8.292024602569699268e-04
2.972288010397381640e+03 5.720901928506571350e-04 2.171743040134809660e-04 1.511516644179142991e-04 8.338110002118643291e-04
3.019076365861912564e+03 5.699043271861857886e-04 2.201573175330763163e-04 1.547791698517237942e-04 8.371273816713236792e-04
3.065864721326448489e+03 5.686507092778473639e-04 2.236326692871701759e-04 1.581769079156208023e-04 8.408397557066203459e-04
3.112653076790984414e+03 5.667959854063807715e-04 2.252288096959133236e-04 1.608193599770170326e-04 8.424132156304564968e-04
3.159441432255519885e+03 5.642940327594851355e-04 2.278190560013841756e-04 1.652373051656490612e-04 8.451467146839141157e-04
3.206229787720055810e+03 5.646892364761398313e-04 2.306367185049533074e-04 1.684429697125683931e-04 8.464355965365077819e-04
3.253018143184591736e+03 5.672783596516935709e-04 2.355023449388015712e-04 1.736895885418169357e-04 8.478863884775354656e-04
3.299806498649127207e+03 5.665463932677507414e-04 2.367204358154037546e-04 1.751263078155604249e-04 8.504883564026670829e-04
3.346594854113663132e+03 5.665464785802398024e-04 2.400854805332693878e-04 1.792589712087151591e-04 8.534963865709929102e-04
3.393383209578199057e+03 5.681674113678798202e-04 2.455436715816367954e-04 1.857970892865363317e-04 8.549647478216400569e-04
3.440171565042734528e+03 5.634811972267628156e-04 2.466808837435426364e-04 1.886898478429598698e-04 8.584468348645622618e-04
3.486959920507270454e+03 5.557987475301830790e-04 2.464596832048524802e-04 1.914535640833813889e-04 8.616211870110987957e-04
3.533748275971806379e+03 5.531205266500806858e-04 2.505162511629362588e-04 1.969535807458008239e-04 8.617574962276918545e-04
3.580536631436341850e+03 5.492253158740151775e-04 2.515801850781041555e-04 2.001182807884679677e-04 8.612488305923275602e-04
3.627324986900877775e+03 5.456051053640220911e-04 2.525766246309174806e-04 2.024595063726355754e-04 8.586906384753975044e-04
3.674113342365413700e+03 5.479418965774312525e-04 2.599538853121225444e-04 2.115225745629338637e-04 8.554024773249100733e-04
3.720901697829949171e+03 5.500933691212879853e-04 2.664208344458234338e-04 2.199738518257736983e-04 8.510231369510159712e-04
3.767690053294486006e+03 5.477374946489482841e-04 2.687095738331063627e-04 2.235881395398013865e-04 8.510802244772558379e-04
3.814478408759021477e+03 5.458130842863671926e-04 2.705912190576744369e-04 2.275633869973252613e-04 8.521649091282184349e-04
3.861266764223557402e+03 5.471400694580780657e-04 2.742063370254813450e-04 2.327444828767808035e-04 8.553502945409509296e-04
3.908055119688093328e+03 5.452380381494616440e-04 2.758493445570217974e-04 2.367230057804282364e-04 8.566199007379928518e-04
3.954843475152628798e+03 5.444102455277370850e-04 2.776252460898614191e-04 2.405794154017098987e-04 8.579195450511776502e-04
4.001631830617164724e+03 5.419320733494001905e-04 2.801372812182041780e-04 2.457055365027227068e-04 8.578981497183817400e-04
4.048420186081700649e+03 5.362134065785632538e-04 2.800185587870085142e-04 2.498978639878169012e-04 8.593600149786463464e-04
4.095208541546236120e+03 5.312729199300946165e-04 2.799126822873248361e-04 2.525404880236406958e-04 8.624108329808615652e-04
4.141996897010772045e+03 5.281440729426769946e-04 2.814715365166514075e-04 2.566978814524015868e-04 8.684453623771798284e-04
4.188785252475307971e+03 5.204409281350997523e-04 2.805286870737486930e-04 2.590780459444790582e-04 8.734480188115710921e-04
4.235573607939843896e+03 5.124917576941191537e-04 2.794360024100271873e-04 2.629247027132909772e-04 8.771283522300310801e-04
4.282361963404379821e+03 5.111499277799830699e-04 2.847799213043746740e-04 2.731042544421498916e-04 8.760472692433038909e-04
4.329150318868914837e+03 5.155440691856137767e-04 2.920022092396259246e-04 2.824473181573058001e-04 8.748549855436018024e-04
4.375938674333450763e+03 5.153829096834353432e-04 2.946703830033779508e-04 2.880972487931505945e-04 8.727222348432427633e-04
4.422727029797986688e+03 5.107345557477181285e-04 2.946530101386718838e-04 2.930717726092950089e-04 8.717947562270906680e-04
4.469515385262522614e+03 5.063600037145895866e-04 2.958630547670546571e-04 2.989332518339795383e-04 8.699403604896380681e-04
4.516303740727058539e+03 5.032883564244241105e-04 2.962116498345563373e-04 3.020379847386605774e-04 8.693745750945383035e-04
4.563092096191594464e+03 5.003850526127940051e-04 2.979966564807148117e-04 3.080581731769408836e-04 8.677978790425703009e-04
4.609880451656129480e+03 4.965353881434210383e-04 2.983050348830674201e-04 3.132287961707057289e-04 8.679662539238500087e-04
4.656668807120665406e+03 4.907079955909926256e-04 2.973511825215569568e-04 3.160517350269533379e-04 8.700892004036843127e-04
4.703457162585201331e+03 4.840450739405536629e-04 2.967614584816933524e-04 3.202116805035615829e-04 8.702053689733415523e-04
4.750245518049737257e+03 4.744720907691187092e-04 2.946214668048920062e-04 3.231351206567238720e-04 8.697379041611451355e-04
4.797033873514273182e+03 4.708795285226455730e-04 2.970259546002235445e-04 3.300023331814303917e-04 8.686730792297167906e-04
4.843822228978809108e+03 4.707936701074567779e-04 3.012453372047172806e-04 3.376691423285795002e-04 8.692122303023128767e-04
4.890610584443344123e+03 4.702801345706626138e-04 3.030532245969817058e-04 3.423821989364624258e-04 8.681009451080851222e-04
4.937398939907880049e+03 4.678600273281040365e-04 3.042401777359438021e-04 3.464844025591681679e-04 8.721276487501858354e-04
4.984187295372415974e+03 4.636664757491696623e-04 3.038932190039934467e-04 3.491297068136609829e-04 8.747690245119442995e-04
5.030975650836951900e+03 4.607631046477752472e-04 3.040807904310712656e-04 3.529548000639454826e-04 8.749446598714249752e-04
5.077764006301487825e+03 4.612324445481589229e-04 3.074798427071894998e-04 3.600458959705773792e-04 8.741885809099366085e-04
5.124552361766023751e+03 4.559612790838993355e-04 3.061446971039020570e-04 3.627823923386396822e-04 8.738242829060569126e-04
5.171340717230558766e+03 4.441681526500909660e-04 2.986245846765736415e-04 3.617725323509947801e-04 8.714750008881120939e-04
5.218129072695094692e+03 4.344018124521738461e-04 2.955054773296932925e-04 3.653609811212542389e-04 8.683836146521463698e-04
5.264917428159630617e+03 4.305988380677567662e-04 2.967211922886740859e-04 3.719899758630900756e-04 8.631328217952079088e-04
5.311705783624166543e+03 4.320697137949843685e-04 3.031269930714182003e-04 3.847724280846095035e-04 8.567036785238161265e-04
5.358494139088702468e+03 4.296721487711423529e-04 3.041907116100599673e-04 3.902707341348700442e-04 8.547717343841516272e-04
5.405282494553238394e+03 4.244616952195960852e-04 3.022560237054654751e-04 3.917438059674381947e-04 8.555894798221924192e-04
5.452070850017774319e+03 4.211804378766116543e-04 3.026273342584407246e-04 3.985374385563922881e-04 8.514164016209798758e-04
5.498859205482309335e+03 4.191504870274875361e-04 3.048947122022916062e-04 4.062098572190920285e-04 8.475604490211543747e-04
5.545647560946845260e+03 4.152954500133452056e-04 3.042296990863566108e-04 4.091502588117975118e-04 8.414264795427412813e-04
5.592435916411381186e+03 4.098697355460640410e-04 3.033670087331088788e-04 4.138375802965913396e-04 8.363238538463350349e-04
5.639224271875917111e+03 4.023833871312985076e-04 2.995692902154755300e-04 4.159743543300159019e-04 8.313230087383813522e-04
5.686012627340453037e+03 3.934406573226844565e-04 2.946546225100927239e-04 4.153565658570297159e-04 8.310472288381630596e-04
5.732800982804988962e+03 3.889069967587068292e-04 2.945878358438037471e-04 4.198536414493156269e-04 8.302838914942571244e-04
5.779589338269523978e+03 3.860127699743284130e-04 2.972136549643411736e-04 4.289057707734751971e-04 8.304360349984423384e-04
5.826377693734059903e+03 3.835477000954571713e-04 2.982480818106950267e-04 4.356046733725145665e-04 8.314033088375958865e-04
5.873166049198595829e+03 3.796049846663580732e-04 2.971929528674601708e-04 4.379198268547745835e-04 8.346239688461218678e-04
5.919954404663131754e+03 3.731454086206729623e-04 2.932741365422915770e-04 4.380980155711617025e-04 8.360840818092968177e-04
5.966742760127667680e+03 3.700883201468330055e-04 2.927166485962403491e-04 4.427706141329907090e-04 8.365761277808143664e-04
6.013531115592203605e+03 3.688746098697698577e-04 2.934397314502433041e-04 4.477583824309973293e-04 8.339520657597929024e-04
6.060319471056739530e+03 3.602207256209173192e-04 2.883762334196434416e-04 4.471363403255115289e-04 8.306539882026127202e-04
6.107107826521275456e+03 3.516963341339626606e-04 2.832547235992989511e-04 4.489493889619624385e-04 8.271245583410393549e-04
6.153896181985811381e+03 3.484165045010235236e-04 2.857075036197407529e-04 4.596656585797022723e-04 8.250918861733083642e-04
6.200684537450347307e+03 3.462297848252973969e-04 2.878815294722451585e-04 4.670506035071248581e-04 8.223735245701657834e-04
6.247472892914883232e+03 3.442900240499008227e-04 2.902639195567046759e-04 4.756305641739926233e-04 8.216185942110904679e-04
6.294261248379418248e+03 3.389171383997475486e-04 2.876667440674582615e-04 4.771158505986577677e-04 8.216364793204112074e-04
6.341049603843954173e+03 3.310331699674988969e-04 2.823450898815644118e-04 4.747517316142563009e-04 8.222263082046152695e-04
6.387837959308490099e+03 3.252947512503167357e-04 2.781153882917920058e-04 4.760774627763753150e-04 8.196473267888875706e-04
6.434626314773026024e+03 3.207562891812695371e-04 2.769566036840394123e-04 4.799588386322361394e-04 8.167450335896843253e-04
6.481414670237561950e+03 3.164647587568734910e-04 2.747153491676105979e-04 4.802421699322317796e-04 8.147447122982697963e-04
6.528203025702097875e+03 3.127859633111684042e-04 2.733004114199338495e-04 4.856767231068632226e-04 8.132364720221554703e-04
6.574991381166632891e+03 3.101624202025034921e-04 2.739493743575175896e-04 4.898219367340980431e-04 8.113556400243829249e-04
6.621779736631168817e+03 3.063928619445074712e-04 2.744378654598273815e-04 4.953729052924718459e-04 8.108908448079108931e-04
6.668568092095704742e+03 3.027900431425240512e-04 2.729992246803716991e-04 5.006096521618935572e-04 8.126430343612762400e-04
6.715356447560240667e+03 2.969758690031828845e-04 2.699189277817565452e-04 5.024399943249223443e-04 8.143446049455826084e-04
6.762144803024776593e+03 2.903070020694109511e-04 2.631703605195460363e-04 4.965830837743698050e-04 8.178127576892492423e-04
6.808933158489312518e+03 2.867316194684747018e-04 2.629601779716829262e-04 5.002405535020499608e-04 8.188552591778010259e-04
6.855721513953847534e+03 2.848607469399762945e-04 2.607086797520147248e-04 4.995691041980665709e-04 8.276693910094490552e-04
6.902509869418383460e+03 2.810381298535183478e-04 2.591492424328299096e-04 5.032440874710065884e-04 8.306879600539397593e-04
6.949298224882919385e+03 2.779620627855073495e-04 2.586702001641875948e-04 5.041474347954068552e-04 8.416114238833527104e-04
6.996086580347455310e+03 2.734398465780250712e-04 2.570986310928209976e-04 5.055182644142700412e-04 8.425796155940887093e-04
7.042874935811991236e+03 2.710402531112598230e-04 2.566545887379510088e-04 5.113721025136950789e-04 8.537663058636985698e-04
7.089663291276527161e+03 2.647522944755107506e-04 2.533247622054918399e-04 5.117424258497039503e-04 8.414068640864333197e-04
7.136451646741062177e+03 2.578229589840409937e-04 2.469421324806065580e-04 5.095808829658421890e-04 8.447924426558825689e-04
7.183240002205598103e+03 2.487790028417429791e-04 2.432892583598988989e-04 5.163440269752785257e-04 8.139746391116848764e-04
7.230028357670134028e+03 2.434342598243649590e-04 2.389916460090766659e-04 5.193929626045499202e-04 8.100996366488845413e-04
7.276816713134669953e+03 2.340134510142087110e-04 2.392431024898873583e-04 5.340376470109180511e-04 7.490380988292529886e-04
7.323605068599205879e+03 2.348302677964234910e-04 2.452006841824097257e-04 5.532752078722853479e-04 7.176546653849792895e-04
7.370393424063741804e+03 2.201705927565256410e-04 2.372283656666997729e-04 5.644289878922846429e-04 5.980932270915754242e-04
7.417181779528277730e+03 2.131014576465175159e-04 2.452762060581673833e-04 6.190167618949879739e-04 4.977463911883266059e-04
7.463970134992812746e+03 1.765590202717980356e-04 2.436212157735383231e-04 7.174959215196512370e-04 3.605255464833556330e-04
