# Columns: yplus uu_plus uv_plus vv_plus ww_plus | Case=jet_M16_T05 | x*=-14.979769
3.991904675981458039e-01 2.734651134727061894e-02 -1.278565645507426924e-04 7.779598574655142857e-06 1.148985743027381400e-02
1.169471541190774122e+00 2.395746137867817149e-01 -2.266148484873786468e-03 2.328009580545042944e-04 8.324777239948001617e-02
1.942926273629050016e+00 6.522834572113034302e-01 -9.887749183165412889e-03 1.328364846904713089e-03 1.917970304273879378e-01
2.720414514725944422e+00 1.244953362582017053e+00 -2.622881365517216318e-02 4.063699349189491168e-03 3.153558447505948048e-01
3.502889457105048177e+00 1.977353737202293349e+00 -5.326844831236483141e-02 9.093828321996452052e-03 4.419412668584715154e-01
4.291385063495408048e+00 2.792604039312421627e+00 -9.096291867474948223e-02 1.675549442280663617e-02 5.653102719359081041e-01
5.087003526998008951e+00 3.628905826575210103e+00 -1.379236813008256901e-01 2.728734719387656410e-02 6.831281342878406937e-01
5.890903840360523169e+00 4.431830740799106216e+00 -1.915637612289549097e-01 4.064077921867440685e-02 7.946074700347599551e-01
6.704292148955031116e+00 5.161273574095188721e+00 -2.493299017217127655e-01 5.684242099383206293e-02 9.000440115871620739e-01
7.528414192396867932e+00 5.793008230670362302e+00 -3.085285362136614418e-01 7.567809668683216084e-02 9.997196828900120069e-01
8.364549846266525535e+00 6.317031096096196841e+00 -3.672307874727009924e-01 9.712412043366920600e-02 1.094157288636460335e+00
9.214009576389074141e+00 6.733957102011302709e+00 -4.236991970412398723e-01 1.209320532184785663e-01 1.183513117917898594e+00
1.007813251016456846e+01 7.050923661591976810e+00 -4.770783869508398167e-01 1.470721911440648899e-01 1.267975894681954152e+00
1.095828579537266556e+01 7.278428257456007522e+00 -5.266338555820686551e-01 1.752590351648802836e-01 1.347422110889537672e+00
1.185586493384525042e+01 7.427944731027483094e+00 -5.723318461803295065e-01 2.054447460889474997e-01 1.421803227047813367e+00
1.277229482315781439e+01 7.510813690179760194e+00 -6.140152298537420172e-01 2.373260511491122604e-01 1.491003347974251048e+00
1.370903129615329874e+01 7.537734829289700400e+00 -6.519725359776049611e-01 2.708498051694807063e-01 1.555059300539777034e+00
1.466756300356401077e+01 7.518473032383680810e+00 -6.862145949254926380e-01 3.057063373253298133e-01 1.613992389450094489e+00
1.564941353256213574e+01 7.461627484937846333e+00 -7.171143674741368157e-01 3.418405095422626383e-01 1.667963432475554786e+00
1.665614369126243943e+01 7.374603301363204189e+00 -7.447552334404169416e-01 3.789465528005070971e-01 1.717125977451872343e+00
1.768935391623842079e+01 7.263735095222840776e+00 -7.695451213787889433e-01 4.169435074667913743e-01 1.761727221622641393e+00
1.875068677859656319e+01 7.134591124485443636e+00 -7.916262219580347814e-01 4.555219290339813654e-01 1.802071589527615147e+00
1.984182957612888387e+01 6.992131767061786185e+00 -8.114474569645649948e-01 4.945873890346305646e-01 1.838536232902409306e+00
2.096451700646264271e+01 6.840572285865776259e+00 -8.291824364156006322e-01 5.338316106200474698e-01 1.871494737523608176e+00
2.212053392051234724e+01 6.683256744319620246e+00 -8.451983702832784884e-01 5.731577403785316216e-01 1.901292778737250444e+00
2.331171815805398495e+01 6.522585551050893216e+00 -8.595402164878883644e-01 6.122946590344539031e-01 1.928264346671201279e+00
2.453996346865562472e+01 6.360388464175310119e+00 -8.724220156873511156e-01 6.511643794726221790e-01 1.952752547411835682e+00
2.580722252199612043e+01 6.198192548718615136e+00 -8.837972237722440116e-01 6.895383008579705209e-01 1.975122959680350121e+00
2.711551001207428868e+01 6.037369096338502494e+00 -8.938231218509328224e-01 7.273641396435170936e-01 1.995612400983742152e+00
2.846690586011699509e+01 5.878854954386977916e+00 -9.024585884106400835e-01 7.644428389400556023e-01 2.014334269732020122e+00
2.986355852122339627e+01 5.723342540105178067e+00 -9.098818177837166843e-01 8.007086850557010305e-01 2.031241229431080875e+00
3.130768839997947950e+01 5.571317330324559336e+00 -9.161592403271543450e-01 8.359696540868064574e-01 2.046298776631390037e+00
3.280159138046392542e+01 5.423352194248123759e+00 -9.216316099751400426e-01 8.701583700009349887e-01 2.059524329037616397e+00
3.434764247625361122e+01 5.280102344642133794e+00 -9.265541842543211226e-01 9.031434789873896696e-01 2.070912777576829011e+00
3.594829960623038545e+01 5.142674329969046276e+00 -9.312505733100711058e-01 9.349246835489080087e-01 2.080251225825192840e+00
3.760610750219122167e+01 5.012343335540057510e+00 -9.357675946920144261e-01 9.654375755109451118e-01 2.087306630366039251e+00
3.932370175447405813e+01 4.890139270034584484e+00 -9.400951373742455486e-01 9.946875473844681848e-01 2.091866649393636202e+00
4.110381300203105326e+01 4.776031338845212026e+00 -9.440291996683010112e-01 1.022590348277506500e+00 2.093779645411127266e+00
4.294927127361037122e+01 4.669400374405395127e+00 -9.474277798918107063e-01 1.049039594052394664e+00 2.093159666206735992e+00
4.486301048694856064e+01 4.569158696772127826e+00 -9.501849856661479521e-01 1.073864841167490258e+00 2.090504924872387704e+00
4.684807311312585654e+01 4.473777047962387066e+00 -9.521625804971689533e-01 1.096895753143870111e+00 2.086457000888594759e+00
4.890761501350024787e+01 4.382672301309148644e+00 -9.533294199308309791e-01 1.118033030101540648e+00 2.081788686811529399e+00
5.104491045690976847e+01 4.296003355640627852e+00 -9.537006172157290740e-01 1.137155365181980349e+00 2.077326370506266784e+00
5.326335732511977739e+01 4.214105969888294112e+00 -9.533712466144987907e-01 1.154257638536192232e+00 2.073467397996510364e+00
5.556648251479020928e+01 4.137113351541878536e+00 -9.522647974462383758e-01 1.169353290128208656e+00 2.069700201360931135e+00
5.795794754455174314e+01 4.064050714709680712e+00 -9.504666198970109781e-01 1.182722386686142491e+00 2.064974334502363451e+00
6.044155437610405812e+01 3.994047781361094618e+00 -9.481842764841617033e-01 1.194494295465667877e+00 2.058632661625401816e+00
6.302125145859164945e+01 3.927177994211366485e+00 -9.457966087262759114e-01 1.204977200119739855e+00 2.050556664231108606e+00
6.570114000586579550e+01 3.863242610822441581e+00 -9.431624500153463764e-01 1.214274623097584493e+00 2.041034663836007290e+00
6.848548051661218494e+01 3.801706780675383257e+00 -9.404153349181437749e-01 1.222701729806185300e+00 2.030592566098818885e+00
7.137869954771095138e+01 3.742891117186149419e+00 -9.377014793798309489e-01 1.230371947294590429e+00 2.019569397883661299e+00
7.438539675159618980e+01 3.687808287972329069e+00 -9.353871106456761453e-01 1.237501268068940785e+00 2.008593177724315559e+00
7.751035218880394950e+01 3.636672376130629214e+00 -9.332397051741292415e-01 1.243791339492306580e+00 1.997462934314178540e+00
8.075853392733340286e+01 3.590108000308280811e+00 -9.316694179481326277e-01 1.248964931710374815e+00 1.985889883173163728e+00
8.413510594090379868e+01 3.547514570144830071e+00 -9.308030832831241108e-01 1.252711841639729595e+00 1.974326647006203084e+00
8.764543631866219187e+01 3.506676785753852332e+00 -9.304623345959588399e-01 1.254932814062492685e+00 1.961794827717473266e+00
9.129510579939579884e+01 3.465195407256503213e+00 -9.299567757632455356e-01 1.255791033086192332e+00 1.946151923771341385e+00
9.508991664381505871e+01 3.421608558124082489e+00 -9.282297953473098717e-01 1.255491935413292071e+00 1.928336810564987180e+00
9.903590185901356335e+01 3.376921284420092650e+00 -9.251511196967083794e-01 1.254442072473754166e+00 1.910895848831698496e+00
1.031393347897691086e+02 3.332864757980546599e+00 -9.212667791459893118e-01 1.252969593532488268e+00 1.894715407029388787e+00
1.074067390919355205e+02 3.290288972042355375e+00 -9.166335592019336787e-01 1.251410146800948420e+00 1.879982335801532178e+00
1.118448991037791558e+02 3.249543776439918208e+00 -9.117227475899600808e-01 1.249656020336009421e+00 1.866711955097271503e+00
1.164608706317503106e+02 3.210874965568501604e+00 -9.072372769439213114e-01 1.247691799920103817e+00 1.854805486060328690e+00
1.212619921678353450e+02 3.172436750304942432e+00 -9.032649087232486051e-01 1.245159594705940620e+00 1.844987468430840716e+00
1.262558965563237621e+02 3.135308270621926852e+00 -8.995523504867929399e-01 1.242387551728770800e+00 1.835591798900976235e+00
1.314505231285381228e+02 3.101135646245968047e+00 -8.954215042532971403e-01 1.239237237110849543e+00 1.824427880487815123e+00
1.368541303248179304e+02 3.068593820902337121e+00 -8.906699391285922696e-01 1.235264280973635165e+00 1.810999270147926277e+00
1.424753088238245482e+02 3.035984884821590679e+00 -8.845573027630830865e-01 1.229830951338070966e+00 1.795898156848243943e+00
1.483229952000406229e+02 3.002825323641241440e+00 -8.766083779614588511e-01 1.222639228221177321e+00 1.780111662821553864e+00
1.544064861311752850e+02 2.970185200151734595e+00 -8.684074381133196630e-01 1.213653281041951582e+00 1.762713037741197919e+00
1.607354531780640059e+02 2.937818160559470648e+00 -8.595304790557034558e-01 1.203299005779927766e+00 1.744691018563237161e+00
1.673199581605586275e+02 2.899901911205259086e+00 -8.495259564229431515e-01 1.191347696124678279e+00 1.727401172577901711e+00
1.741704691538532188e+02 2.858472418542957083e+00 -8.381719862681918931e-01 1.177652915403089029e+00 1.711330704787865420e+00
1.812978771306761985e+02 2.819775961089602045e+00 -8.268395734701257105e-01 1.162669293072425614e+00 1.694946910397018502e+00
1.887135132758073439e+02 2.776577072785185507e+00 -8.151481814980418017e-01 1.146867533673324058e+00 1.677712176163704383e+00
1.964291670004454886e+02 2.725620874909327807e+00 -8.018995154542087889e-01 1.129837659690446250e+00 1.661137131752614238e+00
2.044571046850664970e+02 2.674507211357564973e+00 -7.878619058078395465e-01 1.111753179463160546e+00 1.638818285654836782e+00
2.128100891805694062e+02 2.617205315455805703e+00 -7.723708364499684009e-01 1.092352800626035236e+00 1.608483316348191527e+00
2.215014000987136455e+02 2.553739841802171728e+00 -7.558614899808302479e-01 1.070130353699022541e+00 1.567590907834865099e+00
2.305448549241046123e+02 2.492552838982832419e+00 -7.383789840661244552e-01 1.045258603557906563e+00 1.525135281551637689e+00
2.399548309812931279e+02 2.429425513321260333e+00 -7.207568587233647017e-01 1.020845256759975950e+00 1.485447516032771142e+00
2.497462882919129754e+02 2.365533753854421217e+00 -7.024549505154585871e-01 9.971193405204343829e-01 1.444801822022275140e+00
2.599347933581989309e+02 2.301291708507659184e+00 -6.825471727000635980e-01 9.720364147345956773e-01 1.406743632940777644e+00
2.705365439107075076e+02 2.229125924985320584e+00 -6.603828436907730470e-01 9.458269987754663877e-01 1.360469597331507741e+00
2.815683946596145120e+02 2.158898948140183904e+00 -6.394344230076198787e-01 9.161429586992401175e-01 1.301679035312315991e+00
2.930478840906019968e+02 2.082696719818209807e+00 -6.173021721570607356e-01 8.831422691868174857e-01 1.236279338857207755e+00
3.049932623481127507e+02 1.998555889402566121e+00 -5.930983346446634386e-01 8.487210527067635679e-01 1.169820744440996041e+00
3.174235202507113058e+02 1.905880959020490373e+00 -5.669997109398334789e-01 8.148569527940808799e-01 1.105529035885672640e+00
3.303584194855707779e+02 1.809466088969078124e+00 -5.385469819754902243e-01 7.780429833204008938e-01 1.045962584858176836e+00
3.438185240319298259e+02 1.711500473618964735e+00 -5.080513531861005072e-01 7.394055873042161275e-01 9.798423701512609663e-01
3.578252328670168936e+02 1.611292895428589889e+00 -4.751396217851082682e-01 6.987117460028192673e-01 9.098512012776426294e-01
3.724008140127105548e+02 1.507345482152964378e+00 -4.439463928538581738e-01 6.563957652676959409e-01 8.354521109065654594e-01
3.875684399869360846e+02 1.390943185274912341e+00 -4.084744576391513005e-01 6.104114142589266434e-01 7.557988696889110791e-01
4.033522247288397011e+02 1.260852427126727848e+00 -3.684134418817247014e-01 5.618574502711307650e-01 6.756995565129868542e-01
4.197772620655445621e+02 1.119686734979335796e+00 -3.240189880433318459e-01 5.105531362862291145e-01 5.945520822382249770e-01
4.368696657664443137e+02 9.747750377562076629e-01 -2.816468311807289737e-01 4.594251375843120822e-01 5.137584315682564018e-01
4.546566111568134829e+02 8.282685370712575823e-01 -2.402068138964632560e-01 4.097722339171450123e-01 4.356606859715493330e-01
4.731663780733116482e+02 6.772885600433616871e-01 -1.973013927444462190e-01 3.593720155530037430e-01 3.641713956261691254e-01
4.924283945266765841e+02 5.352108930559977829e-01 -1.570964696319750997e-01 3.080689234384081376e-01 2.942241572621364654e-01
5.124732796056040343e+02 4.086624433838135229e-01 -1.210776208567059253e-01 2.587844011287953050e-01 2.275576619338862405e-01
5.333328826318218034e+02 2.924428933732189373e-01 -8.832949895429260956e-02 2.123097813507469067e-01 1.709875384872778237e-01
5.550403129852993516e+02 2.011665534739441596e-01 -6.173792524652167019e-02 1.690109810028905812e-01 1.239674742716326272e-01
5.776299509237862821e+02 1.329266103554607448e-01 -4.086390019268098389e-02 1.320736004277462405e-01 8.571255615837285180e-02
6.011374237191220118e+02 8.499198582304406946e-02 -2.537812394355365778e-02 1.002197055936931147e-01 5.670273703109921654e-02
6.255995233312793289e+02 5.405929206840602574e-02 -1.485619796096659083e-02 7.316758951719520843e-02 3.674961016371622313e-02
6.510540319181208133e+02 3.477648879315680536e-02 -8.052096721979597541e-03 5.199738817972927862e-02 2.457814640549262422e-02
6.775394107899991241e+02 2.310730342635033616e-02 -3.886040994730880025e-03 3.625887405506268701e-02 1.583329512011750692e-02
7.050942990594568300e+02 1.602884883717495962e-02 -1.728800282221420234e-03 2.452204793974082503e-02 1.024205536902591564e-02
7.337567634218203239e+02 1.138200075602737761e-02 -6.302474848232348477e-04 1.669543270059281256e-02 6.818997635544072483e-03
7.635632442954214412e+02 8.513548894812835929e-03 -3.017607139500895160e-04 1.167195258441860485e-02 4.835465155617072776e-03
7.945471601171999509e+02 6.372485801479745200e-03 -2.093454580547239477e-04 8.515486184647287973e-03 3.634654907188075712e-03
8.267371639773361949e+02 4.934497851616259645e-03 -1.114178165066383234e-04 6.306164898705048268e-03 2.869299818753673868e-03
8.601550954010068608e+02 3.913623227651501571e-03 -7.844140310204468058e-05 4.739797368518494820e-03 2.314147399309711504e-03
8.948137313448438590e+02 3.130159312448082144e-03 -5.223452987618008489e-05 3.624845160914040576e-03 1.920268736021527945e-03
9.307145060552608129e+02 2.529256350950265068e-03 -2.429241678734442788e-05 2.815471727233735417e-03 1.628570733435475088e-03
9.678454268445059370e+02 2.072832434781189930e-03 -9.176853819833099730e-06 2.202678184368354365e-03 1.409318527342389923e-03
1.006179447468235367e+03 1.722785862960079595e-03 -2.006468292940458079e-06 1.738944692990138660e-03 1.244074341334136915e-03
1.045673559292343270e+03 1.448057728817743776e-03 3.509445201652800012e-06 1.385595560323635029e-03 1.116152661727308178e-03
1.086268814705015529e+03 1.226804851595203602e-03 8.162660395668638717e-06 1.109078537501407419e-03 1.016340042151920534e-03
1.127891407751954603e+03 1.058940145918858561e-03 1.452897149742949016e-05 8.956941540437671559e-04 9.388755853603131035e-04
1.170454814370254553e+03 9.278744567883894217e-04 1.748416999716760891e-05 7.259720765572560530e-04 8.810410485176212864e-04
1.213862858470454512e+03 8.274053791432652016e-04 2.296900650533638305e-05 5.921335230173513289e-04 8.372749761601070047e-04
1.258013445162425342e+03 7.485380118671067793e-04 2.788711972385234201e-05 4.883386481663784789e-04 8.041083022556777277e-04
1.302802612701607586e+03 6.862641447874091817e-04 3.343763040546728088e-05 4.062466642913116553e-04 7.779368780604309103e-04
1.348128517713508018e+03 6.407507829375468696e-04 3.853684264587863624e-05 3.420507939463492499e-04 7.591184899726051644e-04
1.393894990403829752e+03 6.049596281940024245e-04 4.387694628361246099e-05 2.901076472412611354e-04 7.448381145443623303e-04
1.440014371762177234e+03 5.761138284080250709e-04 4.985824207909981740e-05 2.506322239283485559e-04 7.334657272798462491e-04
1.486409456567178268e+03 5.546069186879138508e-04 5.476066646559056458e-05 2.176588655142670228e-04 7.249385234670306308e-04
1.533014491543250188e+03 5.384061245549356554e-04 6.054894625042094535e-05 1.914200680090758899e-04 7.210622510500869307e-04
1.579775294188911403e+03 5.270369335016681506e-04 6.687770009456832669e-05 1.714122139562605503e-04 7.186713795749383659e-04
1.626648646355137544e+03 5.173429926345695469e-04 7.301269854600623437e-05 1.542690448054163585e-04 7.180009995703445693e-04
1.673601167572860732e+03 5.088916531345844246e-04 7.888994805841659924e-05 1.413238827351841859e-04 7.179741737903119151e-04
1.720607885392731760e+03 5.022769113955984901e-04 8.351007479745964010e-05 1.306165870214430491e-04 7.187589934893698785e-04
1.767650700071350229e+03 4.968586289171530350e-04 8.900974460046226239e-05 1.219670769704523977e-04 7.212739247150453444e-04
1.814716899766210418e+03 4.931806815987981995e-04 9.398093825701235842e-05 1.162784236996069619e-04 7.244607091233790618e-04
1.861797832058333370e+03 4.904818363524405048e-04 9.877564839815910038e-05 1.104588293139924568e-04 7.268277810182098347e-04
1.908887788521620223e+03 4.883545791977974507e-04 1.038770627151002250e-04 1.056454402095946294e-04 7.299581576475744175e-04
1.955983118317092249e+03 4.865843428604699162e-04 1.083792793223586730e-04 1.024002067990251245e-04 7.336991893643202145e-04
2.003081557809547348e+03 4.859019742250088878e-04 1.131088053638243108e-04 9.996988311315362704e-05 7.389782310363691249e-04
2.050181746208613731e+03 4.863823013325528155e-04 1.182089941317826764e-04 9.911494057829806829e-05 7.442462144538902497e-04
2.097282890328272060e+03 4.870951034153185154e-04 1.230017627427720155e-04 9.860118163738044300e-05 7.500106215794799004e-04
2.144384541855812131e+03 4.879013535862587996e-04 1.285782875033418678e-04 9.895061670627019112e-05 7.551675397509437573e-04
2.191486455078296331e+03 4.879414079760179684e-04 1.338456409841118746e-04 1.003378646253590465e-04 7.598609399156020612e-04
2.238588499399445936e+03 4.867858877139250961e-04 1.365607886834106061e-04 1.001348854453290100e-04 7.641371788317292838e-04
2.285690607506008746e+03 4.873867615840457991e-04 1.421693042533098161e-04 1.019904851674370322e-04 7.688916629742154106e-04
2.332792745751084567e+03 4.893726621481674218e-04 1.474176349015321474e-04 1.041507551603327279e-04 7.723693973443915110e-04
2.379894897824121927e+03 4.911001126394156551e-04 1.520776034594074184e-04 1.055423781534660605e-04 7.756646383433487939e-04
2.426997056057285135e+03 4.927824766653251436e-04 1.574255772985744142e-04 1.087784643549004592e-04 7.777429434861150761e-04
2.474099216954705753e+03 4.956355570213996208e-04 1.625649605908907093e-04 1.118398861375461648e-04 7.782813142236051683e-04
2.521201378970732549e+03 4.977284320039806727e-04 1.675551707635997709e-04 1.137247974208886091e-04 7.787318881867904543e-04
2.568303541442641290e+03 4.981277181178119700e-04 1.715292631509772361e-04 1.158972632281537839e-04 7.818014561814900891e-04
2.615405704094876000e+03 4.977717064214569635e-04 1.749394391532255709e-04 1.178138029274671407e-04 7.856338933028562651e-04
2.662507866816335991e+03 4.976715727983946390e-04 1.780917993706837273e-04 1.195284722744818898e-04 7.892047743299629436e-04
2.709610029563582884e+03 4.981597336885156208e-04 1.818557809872906256e-04 1.218966302925918817e-04 7.933916155605577744e-04
2.756712192320150734e+03 4.990582475255447977e-04 1.860943915052665578e-04 1.257045850276537909e-04 7.971254191546953095e-04
2.803814355079986854e+03 5.008903019994081574e-04 1.908065479626641647e-04 1.293848344764961700e-04 8.028364132906252700e-04
2.850916517840935285e+03 5.022068438326714309e-04 1.959794269621552623e-04 1.330170974147250264e-04 8.082977266205676730e-04
2.898018680602250697e+03 4.991692404129978227e-04 1.983892106532171877e-04 1.361195941007712663e-04 8.152157625065329510e-04
2.945120843363682980e+03 4.941687311906872238e-04 1.994824797316839418e-04 1.381374419046545068e-04 8.191050951063254693e-04
2.992223006125152551e+03 4.915257514392475579e-04 2.025913528488240375e-04 1.413118766551681117e-04 8.248431138378313227e-04
3.039325168886632127e+03 4.917738133107196980e-04 2.073214350755902494e-04 1.456707286519464848e-04 8.275018790045142675e-04
3.086427331648116251e+03 4.937852546626900815e-04 2.117640364477883644e-04 1.500561938806982268e-04 8.303110887564689978e-04
3.133529494409600375e+03 4.967284447165968729e-04 2.163754809292660439e-04 1.542012286116835351e-04 8.327600426045002118e-04
3.180631657171084498e+03 5.007482479665249959e-04 2.221503381449802569e-04 1.592644396084490340e-04 8.357836557050252061e-04
3.227733819932568622e+03 5.025858775660058120e-04 2.287337791543785017e-04 1.658260956077079156e-04 8.383533544734011675e-04
3.274835982694052746e+03 4.990911132669115929e-04 2.311409476304561602e-04 1.693761658980038568e-04 8.425679071860064494e-04
3.321938145455537324e+03 4.950630815717422129e-04 2.327487984070850623e-04 1.730061080794349315e-04 8.473974795354034155e-04
3.369040308217021447e+03 4.940960616757791423e-04 2.351273344838776210e-04 1.762218207289239830e-04 8.488323325929955643e-04
3.416142470978505571e+03 4.955578937757722366e-04 2.382525198413938032e-04 1.799848670761767578e-04 8.493876120852989538e-04
3.463244633739989695e+03 4.968923135745045502e-04 2.421825897406045967e-04 1.837774642555699267e-04 8.470743503852914882e-04
3.510346796501473818e+03 4.987791032380973003e-04 2.483008919392532140e-04 1.903008490413166814e-04 8.433793399189214645e-04
3.557448959262957942e+03 4.987854176960276843e-04 2.531231432264530591e-04 1.962940452874083598e-04 8.405055377075266879e-04
3.604551122024442066e+03 4.954748108820830306e-04 2.544795766895617734e-04 1.987849913285591713e-04 8.407543095845226031e-04
3.651653284785926644e+03 4.922411969298525576e-04 2.568385016934691674e-04 2.030817901411196365e-04 8.415179485803900858e-04
3.698755447547410768e+03 4.879126277709755163e-04 2.579596702796464985e-04 2.070123843367237585e-04 8.456026842305378825e-04
3.745857610308894891e+03 4.845424360830284357e-04 2.595717488998489802e-04 2.108322862530090521e-04 8.501223013501940694e-04
3.792959773070379470e+03 4.844089763632312322e-04 2.637256914977413103e-04 2.173465469458967924e-04 8.550270672780337956e-04
3.840061935831864048e+03 4.808689142679750390e-04 2.651780492068031027e-04 2.210020432141734058e-04 8.577463120996589932e-04
3.887164098593348172e+03 4.770910612976037284e-04 2.660118015407973561e-04 2.244024857700688475e-04 8.622218979881988120e-04
3.934266261354832295e+03 4.767200245657228041e-04 2.675693947130851325e-04 2.280531298030202543e-04 8.647137997599429766e-04
3.981368424116316419e+03 4.797832615967462830e-04 2.723685409555007633e-04 2.329356675433795465e-04 8.656222375087138958e-04
4.028470586877800542e+03 4.756562228939147248e-04 2.741097479886316188e-04 2.370785920892868833e-04 8.653521672253128121e-04
4.075572749639284666e+03 4.715902551816367021e-04 2.752182430378307797e-04 2.415684398330375873e-04 8.657195069381765865e-04
4.122674912400769244e+03 4.702070907455599847e-04 2.784969617217743047e-04 2.467295024566198243e-04 8.644328505223867250e-04
4.169777075162252913e+03 4.683776586260372994e-04 2.823567830329002846e-04 2.541805061845097357e-04 8.619998869235062210e-04
4.216879237923737492e+03 4.643828976807763383e-04 2.841246240181374209e-04 2.589535589041143675e-04 8.583811508754285446e-04
4.263981400685221161e+03 4.590896410786642567e-04 2.844080364084352317e-04 2.621672308920125396e-04 8.551393820280242183e-04
4.311083563446705739e+03 4.553760581454138973e-04 2.866351733922281294e-04 2.691931925615058938e-04 8.500931483607316935e-04
4.358185726208189408e+03 4.551382043991980390e-04 2.898616792960125965e-04 2.754325431404651544e-04 8.464076020864196503e-04
4.405287888969673986e+03 4.545959971522028974e-04 2.933738617291712400e-04 2.818700780565178837e-04 8.465668886611698099e-04
4.452390051731158565e+03 4.494138793650587042e-04 2.931108062899413520e-04 2.866208525397841741e-04 8.502209827854616828e-04
4.499492214492642233e+03 4.432290129541593461e-04 2.913614072030118875e-04 2.877611953496275179e-04 8.554527262680793488e-04
4.546594377254126812e+03 4.393255069157706570e-04 2.910917308861058102e-04 2.893975490528905492e-04 8.578587782227676661e-04
4.593696540015610481e+03 4.372956899833350410e-04 2.917505450715175610e-04 2.939595250779565875e-04 8.597633815823082191e-04
4.640798702777095059e+03 4.381400958946673726e-04 2.962265996962797966e-04 3.017239018547947802e-04 8.596000756765375967e-04
4.687900865538578728e+03 4.355780399318960562e-04 2.969446009040307391e-04 3.055375435269807867e-04 8.604971481284593663e-04
4.735003028300063306e+03 4.291666242012931150e-04 2.950008263107372426e-04 3.077336961855776953e-04 8.595498049260410015e-04
4.782105191061547885e+03 4.245484235804189107e-04 2.954167156393538800e-04 3.120807198733740258e-04 8.583861369950995541e-04
4.829207353823031553e+03 4.230416918196698876e-04 3.000370626674705651e-04 3.212162408290357863e-04 8.551664803435281683e-04
4.876309516584516132e+03 4.227979606022318573e-04 3.036184243249484072e-04 3.286876210029089054e-04 8.531063785972299151e-04
4.923411679345999801e+03 4.188422219188534640e-04 3.034094736727212531e-04 3.322622745473411852e-04 8.483033522006978725e-04
4.970513842107484379e+03 4.133356272483304505e-04 3.039418163274412547e-04 3.385436546724071745e-04 8.447883264157637385e-04
5.017616004868968048e+03 4.111208952665366392e-04 3.056761048761369145e-04 3.440477382657178675e-04 8.418974732796787736e-04
5.064718167630452626e+03 4.080260628665975339e-04 3.049724576682945180e-04 3.465289189320980854e-04 8.427070967455708040e-04
5.111820330391937205e+03 4.032805258383461203e-04 3.030738863310740222e-04 3.495339789476581958e-04 8.451353483809299037e-04
5.158922493153420874e+03 4.000066102805316273e-04 3.038495100416959685e-04 3.543094270421851140e-04 8.449939313993837719e-04
5.206024655914905452e+03 3.975641143875021191e-04 3.049495868097696640e-04 3.607640975740754644e-04 8.410588880842511002e-04
5.253126818676389121e+03 3.947384119721698663e-04 3.041480196348753389e-04 3.643378756255021781e-04 8.384034326313586239e-04
5.300228981437873699e+03 3.927750219390632974e-04 3.049731542147746804e-04 3.687767000963092885e-04 8.331381686272185030e-04
5.347331144199357368e+03 3.879848307295095597e-04 3.039771214886610165e-04 3.731639862204466488e-04 8.279658896860336717e-04
5.394433306960841946e+03 3.817206864649761691e-04 3.030561492100519814e-04 3.796862552804812258e-04 8.242017545259679558e-04
5.441535469722326525e+03 3.771203638095709508e-04 3.027397944644071872e-04 3.834680482027977462e-04 8.208084720905616492e-04
5.488637632483810194e+03 3.749436561827617503e-04 3.032305611183861121e-04 3.887924082131053545e-04 8.160243181036301802e-04
5.535739795245294772e+03 3.749755093304257565e-04 3.075818379949127410e-04 3.995460219555785493e-04 8.146433646740075573e-04
5.582841958006778441e+03 3.714101658900913466e-04 3.071345054796745873e-04 4.032989786330602906e-04 8.155281707338959225e-04
5.629944120768263019e+03 3.647389821810069119e-04 3.038542684664452499e-04 4.041646894852860190e-04 8.176189049121272093e-04
5.677046283529746688e+03 3.580938126379221522e-04 2.997622671416035100e-04 4.038491569643114102e-04 8.204151019840410152e-04
5.724148446291231267e+03 3.517992676277382461e-04 2.976260679310979208e-04 4.066792182759898532e-04 8.224030534030443360e-04
5.771250609052714935e+03 3.478037640221201370e-04 2.972136489067161232e-04 4.116081138236388215e-04 8.230850098029080355e-04
5.818352771814199514e+03 3.465086202848352516e-04 2.982174412008065556e-04 4.156610882592869810e-04 8.233724425082686923e-04
5.865454934575684092e+03 3.447722808762170585e-04 2.998803698890484628e-04 4.218535656635408302e-04 8.208709942358832041e-04
5.912557097337167761e+03 3.415580804925808607e-04 3.002100471442986922e-04 4.271248226877416869e-04 8.186372009511875365e-04
5.959659260098652339e+03 3.389890986522322604e-04 3.002170467232519787e-04 4.317712201608120632e-04 8.151319356390221774e-04
6.006761422860136008e+03 3.341728227366060956e-04 2.976051696488408679e-04 4.320896330737044916e-04 8.144118095991025128e-04
6.053863585621621496e+03 3.269096091461708522e-04 2.938480974917224140e-04 4.342325107372445965e-04 8.100504631125743154e-04
6.100965748383105165e+03 3.235308591024877042e-04 2.973793461350517325e-04 4.479646051310819306e-04 8.080300380552648317e-04
6.148067911144589743e+03 3.183569131838289009e-04 2.954359758550732145e-04 4.514163613855078387e-04 8.097425694482171098e-04
6.195170073906073412e+03 3.103195305411632289e-04 2.876453870441118225e-04 4.451638412585633467e-04 8.132198807090454135e-04
6.242272236667557991e+03 3.066503275872905728e-04 2.853840463778155052e-04 4.472089480642397357e-04 8.097084992711843119e-04
6.289374399429041659e+03 3.065821374755342793e-04 2.886753324240578546e-04 4.572551293903331904e-04 8.024315711981465501e-04
6.336476562190526238e+03 3.066173575913134618e-04 2.900825278948556416e-04 4.611536693351046020e-04 7.969863535928503823e-04
6.383578724952010816e+03 3.066534131909509023e-04 2.935300536442493786e-04 4.695520077497537261e-04 7.951651519095361866e-04
6.430680887713494485e+03 3.023137117233394610e-04 2.917415974346238916e-04 4.727131903534329254e-04 7.976139068669338373e-04
6.477783050474979063e+03 2.952069979045301735e-04 2.875493816216829384e-04 4.749352877484337558e-04 8.006851374530543457e-04
6.524885213236462732e+03 2.892416269507430346e-04 2.838609298481563001e-04 4.751216927448855508e-04 8.038170424801234417e-04
6.571987375997947311e+03 2.832690899213867442e-04 2.794367618484129004e-04 4.747067177927540320e-04 8.046839739033551445e-04
6.619089538759430980e+03 2.774124233180415289e-04 2.750551329101907352e-04 4.749327698369277249e-04 8.047932799292123419e-04
6.666191701520915558e+03 2.740418513648399420e-04 2.737207072353800433e-04 4.787203220164205518e-04 8.015572729546831037e-04
6.713293864282400136e+03 2.730944186022248076e-04 2.741778541752230261e-04 4.828526925826784680e-04 7.983038729783539832e-04
6.760396027043883805e+03 2.733391261666204925e-04 2.756340502533938101e-04 4.872731778412845403e-04 7.949237178965245674e-04
6.807498189805368384e+03 2.739069022727960582e-04 2.779117188433626452e-04 4.945362853104364733e-04 7.945263691932196587e-04
6.854600352566852052e+03 2.690467166449446662e-04 2.768220930969207704e-04 4.995324119773653223e-04 7.956760812370382990e-04
6.901702515328336631e+03 2.604558702960212699e-04 2.693433457646955340e-04 4.944268258010742906e-04 8.057769955572038597e-04
6.948804678089820300e+03 2.536003365093011486e-04 2.636718638642677071e-04 4.919878585652727411e-04 8.121774659755001289e-04
6.995906840851304878e+03 2.505644980384256538e-04 2.609654415152840154e-04 4.904060568288985547e-04 8.266906881809498765e-04
7.043009003612788547e+03 2.493344635119082529e-04 2.602380109797255221e-04 4.917184003550934077e-04 8.262985919472998209e-04
7.090111166374273125e+03 2.468909710866079251e-04 2.560380580455858522e-04 4.857878698383223583e-04 8.352457924430441031e-04
7.137213329135757704e+03 2.431526766273707290e-04 2.543134410444990883e-04 4.876122172427255512e-04 8.220890737451195173e-04
7.184315491897241372e+03 2.422874163212372699e-04 2.571405524469171457e-04 5.023423514310369634e-04 8.239230562256489795e-04
7.231417654658725951e+03 2.376504686088472859e-04 2.596859791809902015e-04 5.172595978182630483e-04 7.930060662745722728e-04
7.278519817420209620e+03 2.299095687864995455e-04 2.559784652329990108e-04 5.223809238574010855e-04 7.894684191345241638e-04
7.325621980181694198e+03 2.142141383501778369e-04 2.456136327048654366e-04 5.213192977518806741e-04 7.303648926679036282e-04
7.372724142943177867e+03 2.121137153627509087e-04 2.463124483043286055e-04 5.335091851011977606e-04 7.018971597641828321e-04
7.419826305704662445e+03 2.011050680065624920e-04 2.402017733081491504e-04 5.432470803774016319e-04 5.863062921699495637e-04
7.466928468466147024e+03 1.947172941250460817e-04 2.468718252950261277e-04 5.912738637401141698e-04 4.877637342061590846e-04
7.514030631227630693e+03 1.594637085644424318e-04 2.474065238887012286e-04 6.917469850469124470e-04 3.526868827415152513e-04
