# Columns: yplus uu_plus uv_plus vv_plus ww_plus | Case=jet_M12_T75 | x*=-14.979769
3.965801053854401403e-01 2.772568187349757143e-02 -1.304024397692916503e-04 8.004666565445792107e-06 1.203318808279279888e-02
1.161824203471697681e+00 2.428551849819878539e-01 -2.315002175440936116e-03 2.412323903947307811e-04 8.724337362783571304e-02
1.930221207405224515e+00 6.613278274446529048e-01 -1.010906882576257694e-02 1.377284863454200604e-03 2.011530733128435167e-01
2.702625344320990664e+00 1.262771710653076918e+00 -2.683455805730183483e-02 4.212552724394169265e-03 3.309310930749932433e-01
3.479983573782912121e+00 2.006811218837539545e+00 -5.453303140055643095e-02 9.426571665099511832e-03 4.638813358619733873e-01
4.263323097293362451e+00 2.835657640518088218e+00 -9.314399838246970043e-02 1.737081477205561567e-02 5.933141349363714179e-01
5.053738900558722769e+00 3.686285380381593590e+00 -1.411966583650595686e-01 2.828924340718676211e-02 7.167297936785899104e-01
5.852382397511242118e+00 4.503092130951229954e+00 -1.959939234694975385e-01 4.212551867904747865e-02 8.333877502150391914e-01
6.660451846369977780e+00 5.245273657338696438e+00 -2.548875204059586341e-01 5.889611277519419402e-02 9.436634872871847435e-01
7.479184840684959923e+00 5.888514371001485337e+00 -3.151447149125988223e-01 7.837257194638293234e-02 1.047807147763647251e+00
8.309852886751531997e+00 6.422932128284357667e+00 -3.748504947420195355e-01 1.005190609510624028e-01 1.146280162662155044e+00
9.153757881075732072e+00 6.849178608376781163e+00 -4.323068626288218419e-01 1.250628375147396221e-01 1.239210548251068023e+00
1.001223019431654215e+01 7.174381388091112477e+00 -4.866711121280642427e-01 1.519679403765232528e-01 1.326907827927924721e+00
1.088662803428337433e+01 7.408926147396216244e+00 -5.372064575283098664e-01 1.809435373062207586e-01 1.409484959735205933e+00
1.177833777742675991e+01 7.564338440365038885e+00 -5.837985893963008044e-01 2.119549968874570867e-01 1.487175378343238652e+00
1.268877500371796252e+01 7.652113437666676177e+00 -6.262401665539364393e-01 2.447118354300565346e-01 1.560008882303306699e+00
1.361938602610566207e+01 7.682993871876031555e+00 -6.647747900671868715e-01 2.791727865363791694e-01 1.628064144132910673e+00
1.457164976082714603e+01 7.666849839733569816e+00 -6.994532459921366518e-01 3.150360211711812908e-01 1.691315118563696318e+00
1.554707983210531985e+01 7.612410217805294366e+00 -7.306607528291191311e-01 3.522315632628845727e-01 1.749799370898814432e+00
1.654722684171272817e+01 7.527239073878652320e+00 -7.585468560577383057e-01 3.904460828572307030e-01 1.803457640390930594e+00
1.757368076074461172e+01 7.417778303285462727e+00 -7.835321436507909354e-01 4.295907827005852608e-01 1.852312048213426765e+00
1.862807341930562544e+01 7.289593670166548023e+00 -8.058117841972044504e-01 4.693585483236223932e-01 1.896397296619582784e+00
1.971208108171189366e+01 7.147490815084785787e+00 -8.257694415640601804e-01 5.096467834546520859e-01 1.935977752292985299e+00
2.082742710216065518e+01 6.995743872553964238e+00 -8.435705093385427178e-01 5.501550854730542506e-01 1.971448015729982517e+00
2.197588466017703723e+01 6.837951857477612805e+00 -8.595527318451855470e-01 5.907693941787199865e-01 2.003254949990345590e+00
2.315927957764608180e+01 6.677123784357905656e+00 -8.738766267453113024e-01 6.311953780649464107e-01 2.031835160979963639e+00
2.437949322064298485e+01 6.515707713601229578e+00 -8.868091991659461382e-01 6.713197111454939359e-01 2.057592116129786319e+00
2.563846549006688846e+01 6.355878171421330158e+00 -8.984332466316294896e-01 7.108699633762586290e-01 2.080679562917235881e+00
2.693819790555120619e+01 6.199275720154170166e+00 -9.089317207432143775e-01 7.497520310641897501e-01 2.101069024485819003e+00
2.828075678742745325e+01 6.046825388259532197e+00 -9.183382823929439054e-01 7.877307393824807269e-01 2.118575103723972841e+00
2.966827654174687368e+01 5.898658800928036960e+00 -9.267803163493733010e-01 8.247691480497675309e-01 2.133034870930785143e+00
3.110296305355978674e+01 5.754345395367485239e+00 -9.342673894955878522e-01 8.607093232666325200e-01 2.144530565117540810e+00
3.258709719383828229e+01 5.613286020538282628e+00 -9.408878322197574695e-01 8.955471588169087171e-01 2.153489535746467176e+00
3.412303844561379407e+01 5.475544392277700290e+00 -9.466428939684097266e-01 9.291409000757709924e-01 2.160327552156422914e+00
3.571322865509336708e+01 5.341834158112882314e+00 -9.516212582389707020e-01 9.614670187864343687e-01 2.165331979232893556e+00
3.736019591371739779e+01 5.213014225024611648e+00 -9.558293249880560616e-01 9.923450217788098993e-01 2.168842263461391973e+00
3.906655857733056081e+01 5.089766577387348612e+00 -9.593111275981301977e-01 1.021731145289354492e+00 2.171121409971403349e+00
4.083502942885557019e+01 4.972567528601913978e+00 -9.620186080665300565e-01 1.049494950354788347e+00 2.172244766288095263e+00
4.266841999108741845e+01 4.861857648704471124e+00 -9.641057906773535802e-01 1.075653805325905488e+00 2.172304999739809617e+00
4.456964499646485933e+01 4.757327917143354234e+00 -9.657711131520978487e-01 1.100128395199054809e+00 2.171437992382446502e+00
4.654172702092487413e+01 4.657938424363160301e+00 -9.671933285770440980e-01 1.122882494784642748e+00 2.169779905855106605e+00
4.858780128920732011e+01 4.562902777441641078e+00 -9.684539687404908337e-01 1.143877428138195596e+00 2.167199918813627946e+00
5.071112065924907597e+01 4.472396483805448852e+00 -9.698539031236287355e-01 1.163174408240024382e+00 2.163477599249624905e+00
5.291506079359213288e+01 4.386040447840480638e+00 -9.716071501167813373e-01 1.180884803174759634e+00 2.158272701324439602e+00
5.520312552602665335e+01 4.302858727714909293e+00 -9.735726535449387153e-01 1.197168353974629840e+00 2.150931136146948308e+00
5.757895243200167101e+01 4.222335857950808347e+00 -9.755416000049019765e-01 1.212239661581476780e+00 2.141338957289993239e+00
6.004631861165839268e+01 4.145226554400389674e+00 -9.774633135174258802e-01 1.226144395174179502e+00 2.130174625480324213e+00
6.260914669468096605e+01 4.072461809773437302e+00 -9.793872123449361977e-01 1.238897060960870711e+00 2.118319280166117924e+00
6.527151107651059192e+01 4.004752823818840568e+00 -9.812421215277009612e-01 1.250395790558417985e+00 2.105922209423917835e+00
6.803764439583707713e+01 3.942463641138528097e+00 -9.827130157152818013e-01 1.260626193869128997e+00 2.092911891277820402e+00
7.091194426366698167e+01 3.886115258762286029e+00 -9.835533665713493967e-01 1.269392215256152312e+00 2.079315071147399774e+00
7.389898025466482068e+01 3.835923892915710898e+00 -9.836751878767060475e-01 1.276867241691855392e+00 2.065163799649596399e+00
7.700350117188327204e+01 3.789889738854559820e+00 -9.830019268981243785e-01 1.283144734360490258e+00 2.050412400212129338e+00
8.023044259643110365e+01 3.745458936387012994e+00 -9.818717966582742873e-01 1.288589015018639206e+00 2.035536741213726408e+00
8.358493473408226748e+01 3.700951775037137015e+00 -9.805953247957244212e-01 1.293162295064047562e+00 2.021425974973416917e+00
8.707231057129928331e+01 3.657185892332369459e+00 -9.787674440303569812e-01 1.296782518274933071e+00 2.009552728579595549e+00
9.069811435363911301e+01 3.615346581336182918e+00 -9.760365946161217998e-01 1.299134019873199097e+00 1.999541004276573775e+00
9.446811040001912829e+01 3.574809541154281955e+00 -9.722691388761145470e-01 1.300174631992174756e+00 1.989314871551320474e+00
9.838829226685706431e+01 3.535155218642293207e+00 -9.683566522175091063e-01 1.300084787163996225e+00 1.977044792839553145e+00
1.024648922766532024e+02 3.496194119608499129e+00 -9.646611489960577046e-01 1.299299767379738624e+00 1.962727042817840495e+00
1.067043914261646762e+02 3.458900938193585795e+00 -9.612390967528707808e-01 1.298354224182384442e+00 1.949673515543140834e+00
1.111135296899226006e+02 3.422689690848725430e+00 -9.579092825787013377e-01 1.297266500563510006e+00 1.939639721591892130e+00
1.156993167354735164e+02 3.384995383667629198e+00 -9.544824641033154977e-01 1.295887326359655978e+00 1.929660674880276483e+00
1.204690430673799284e+02 3.343519616971051711e+00 -9.495149845710616487e-01 1.293536006923756698e+00 1.918436622326481711e+00
1.254302916176966392e+02 3.300729949998798318e+00 -9.436880469973679686e-01 1.290258405490146032e+00 1.906530317819569831e+00
1.305909498013499785e+02 3.258471369419967623e+00 -9.377760587033971973e-01 1.285959446245236837e+00 1.891608749238215426e+00
1.359592220555848314e+02 3.215573830983336379e+00 -9.323082830977951208e-01 1.280372015253943063e+00 1.875804461250456079e+00
1.415436428834151741e+02 3.174125243045560207e+00 -9.263718370468987384e-01 1.273535219167650334e+00 1.861715465856795149e+00
1.473530904218151250e+02 3.131601998509482065e+00 -9.187980445940462371e-01 1.265655641288026434e+00 1.846816878764112158e+00
1.533968005562200574e+02 3.089505683004345471e+00 -9.095615899131359594e-01 1.256854664415304024e+00 1.831191997243864167e+00
1.596843816037785189e+02 3.045783930207623946e+00 -8.991387634668834838e-01 1.247004581512973997e+00 1.817862309064611548e+00
1.662258295886973087e+02 2.999488311635343241e+00 -8.880438485901211987e-01 1.236088173993933781e+00 1.806458077031676934e+00
1.730315441339648999e+02 2.953599210904216843e+00 -8.770705082581684575e-01 1.223702681168808315e+00 1.794412889952156753e+00
1.801123449947182849e+02 2.906028776102262956e+00 -8.662231251856123970e-01 1.210753840444849017e+00 1.776023184802459243e+00
1.874794892595375302e+02 2.855827095860203446e+00 -8.548006018980278675e-01 1.196034174570544062e+00 1.750305405067378306e+00
1.951446892470152932e+02 2.800393879737675729e+00 -8.409053916337918544e-01 1.180227584192019785e+00 1.724416331834447424e+00
2.031201311260526268e+02 2.746305885014194814e+00 -8.241314108579788078e-01 1.162357980616418818e+00 1.702383257874555911e+00
2.114184942894842152e+02 2.692055091371712283e+00 -8.062687069504795856e-01 1.143480700280381512e+00 1.678874484843690063e+00
2.200529715118338174e+02 2.631060066517960205e+00 -7.883430514803472233e-01 1.123872881049049921e+00 1.650178839113636275e+00
2.290372899232453960e+02 2.559516266290052577e+00 -7.684473620827498852e-01 1.103700629973153990e+00 1.611145918380940234e+00
2.383857328329368102e+02 2.488778110161871560e+00 -7.502692132574049211e-01 1.082797517263745846e+00 1.570640787585979359e+00
2.481131624368713062e+02 2.428547794492440293e+00 -7.345860884589672235e-01 1.059992459495299633e+00 1.526193551470139242e+00
2.582350434457517281e+02 2.368228210170764125e+00 -7.180721235692539839e-01 1.035686163498833023e+00 1.478795878382981543e+00
2.687674676709125947e+02 2.304594565476844270e+00 -6.994187046097883886e-01 1.009381466192188936e+00 1.438630980911876911e+00
2.797271796072261623e+02 2.240583008908424212e+00 -6.796024637234631127e-01 9.801972753232474078e-01 1.393144924710066901e+00
2.911316030537673782e+02 2.168103748778412498e+00 -6.579855362784654549e-01 9.475116647675239090e-01 1.340653257724312875e+00
3.029988688147361131e+02 2.087250891420616039e+00 -6.327267512667655858e-01 9.122852979808074858e-01 1.285778014830554428e+00
3.153478435250822258e+02 2.000108980329989183e+00 -6.058767276063671270e-01 8.761035379827444292e-01 1.217369738219306274e+00
3.281981596475467313e+02 1.904564342591567927e+00 -5.736905701981974692e-01 8.353264046609185645e-01 1.148338656539550362e+00
3.415702466906365089e+02 1.800908637977191251e+00 -5.384205625895578384e-01 7.907858666723004415e-01 1.080829979715825395e+00
3.554853637006796134e+02 1.695922663954047893e+00 -5.010840579089744784e-01 7.444169595344487522e-01 1.004529462477783852e+00
3.699656330858498450e+02 1.581116746929504657e+00 -4.622178475900637351e-01 6.946915608191585045e-01 9.204686915357582766e-01
3.850340758357419304e+02 1.454520466778032262e+00 -4.200200896085080626e-01 6.441848750105813037e-01 8.351836725616254009e-01
4.007146482050865188e+02 1.315935645110063890e+00 -3.756531378933741783e-01 5.940182332256294107e-01 7.450391709670906026e-01
4.170322799289670002e+02 1.172482314078002741e+00 -3.323195433477335037e-01 5.439698011905261810e-01 6.508026567885140112e-01
4.340129140151923366e+02 1.027809181276493344e+00 -2.901418166392769615e-01 4.927282874573708504e-01 5.596082694730851737e-01
4.516835480857902212e+02 8.771744970133610320e-01 -2.485909373212677187e-01 4.387582223660095315e-01 4.758557526144583938e-01
4.700722770516190394e+02 7.262188950210215488e-01 -2.073914221218328413e-01 3.838080097469655505e-01 3.944087040797889521e-01
4.892083364895449336e+02 5.821186886405571581e-01 -1.689273600681061582e-01 3.304925403780614723e-01 3.168877998137021312e-01
5.091221452657668465e+02 4.465496190111770680e-01 -1.339176078204273590e-01 2.801732221319564453e-01 2.464558682420260605e-01
5.298453444348501762e+02 3.287155782439185048e-01 -9.973685175524098223e-02 2.307043912949157671e-01 1.857217152433541241e-01
5.514108268699052360e+02 2.282837442048041565e-01 -6.942573437976271022e-02 1.866541903084459331e-01 1.336253335423047695e-01
5.738527480113751835e+02 1.516123650638681042e-01 -4.592773189145896162e-02 1.473184317096483120e-01 9.428442432160864806e-02
5.972065021593936081e+02 9.541118893049969907e-02 -2.902887977056489710e-02 1.115022230297529060e-01 6.538302016349960277e-02
6.215086406861693149e+02 5.878254017957310756e-02 -1.635514794688519916e-02 8.118366943661937951e-02 4.278210278837428493e-02
6.467966986867583046e+02 3.830523883056573958e-02 -8.318093810145810174e-03 5.736455985268848479e-02 2.740917383000320354e-02
6.731088859676341372e+02 2.539736437552244513e-02 -3.771144528778198890e-03 3.935570342634651247e-02 1.694832591468161190e-02
7.004835889747865849e+02 1.750120659174764920e-02 -1.381575316444837035e-03 2.691869054587540944e-02 1.079516646320324846e-02
7.289586254801055247e+02 1.271294546013699081e-02 -6.264152198243799026e-04 1.848627916670175786e-02 7.306903759426525147e-03
7.585701976129386139e+02 9.276052655539986785e-03 -3.229215652279202346e-04 1.301236512838749131e-02 5.133675578242261235e-03
7.893515052823995575e+02 6.934757400913407234e-03 -2.048607234147445714e-04 9.364200713992134120e-03 3.837735599019959608e-03
8.213310142121109720e+02 5.373421465819839052e-03 -1.499289473239889933e-04 6.924477937191872781e-03 3.005353851908133551e-03
8.545304211155444136e+02 4.252400613026788116e-03 -9.054000891834056402e-05 5.214697118135327818e-03 2.420079072380002926e-03
8.889624193990282492e+02 3.389214205884868818e-03 -5.137545274433547265e-05 3.995915270521790789e-03 1.996690359547333496e-03
9.246284339302386570e+02 2.736861464679879365e-03 -2.369122568408490897e-05 3.105045571071927881e-03 1.681564158015355550e-03
9.615165504432834496e+02 2.249810953972997043e-03 -4.179300416810194401e-06 2.435390234289248109e-03 1.449343832308086022e-03
9.995998995529876083e+02 1.879927723164595468e-03 2.815522765386850402e-06 1.925604714203151945e-03 1.274483248174096157e-03
1.038835753864709659e+03 1.585832484496710023e-03 8.478150337742383023e-06 1.532409135834897351e-03 1.140923857045336894e-03
1.079165551233300903e+03 1.352364182859002893e-03 1.850851794142951143e-05 1.226560493139836061e-03 1.035774670764844432e-03
1.120515968331905697e+03 1.181740902907482422e-03 2.565902628571281957e-05 9.890058684772732190e-04 9.568460823268743962e-04
1.162801046890547923e+03 1.048556938894834025e-03 2.804656019573909960e-05 8.012894076358844167e-04 8.950749257166789197e-04
1.205925239728646602e+03 9.443653043984795827e-04 3.210174527009827588e-05 6.551764247587601097e-04 8.484055779984024962e-04
1.249787119568815569e+03 8.633087404401465015e-04 3.756912055219446014e-05 5.411401763355944139e-04 8.118782988638980746e-04
1.294283404486861400e+03 8.002369733770404959e-04 4.478060446243023153e-05 4.495311616071420322e-04 7.836757075784280945e-04
1.339312917076338408e+03 7.489003814532184475e-04 4.917851096731496396e-05 3.770675706379069628e-04 7.640025610403791472e-04
1.384780116410664505e+03 7.067081105427568165e-04 5.550271452274056056e-05 3.203326929965738578e-04 7.509225313303579709e-04
1.430597916693953721e+03 6.729389954765979502e-04 6.033678165740389621e-05 2.748489277642065056e-04 7.412046636597297922e-04
1.476689617560558190e+03 6.488657967286306496e-04 6.469571044076158871e-05 2.397299234124972589e-04 7.355841517904559198e-04
1.522989895704746459e+03 6.305223343272448218e-04 7.036324253953511753e-05 2.108303775665975471e-04 7.321030097829179725e-04
1.569444922931980500e+03 6.175566069116668723e-04 7.622498806887444784e-05 1.883608844381661428e-04 7.313863698544237736e-04
1.616011763702747430e+03 6.099393063681581538e-04 8.203918795713500934e-05 1.721021285031227070e-04 7.321286518781277251e-04
1.662657255827527706e+03 6.035895133466043444e-04 8.737805089913385512e-05 1.568925159864351126e-04 7.327709891863064262e-04
1.709356590155306321e+03 5.985518592292979638e-04 9.072713488434753408e-05 1.438115189270567436e-04 7.353060047349149579e-04
1.756091785299432559e+03 5.938564980876700952e-04 9.608270085678278518e-05 1.347165922940822720e-04 7.375989767641780116e-04
1.802850212541913379e+03 5.909336153316393494e-04 9.940347251275393706e-05 1.263583520391209434e-04 7.394694313773454968e-04
1.849623276043146234e+03 5.887580923911719596e-04 1.034581177347897158e-04 1.204112318372004751e-04 7.418911438256445929e-04
1.896405304705227536e+03 5.880255383352206346e-04 1.088643308513247100e-04 1.162537261285765105e-04 7.440951241846125276e-04
1.943192671562524538e+03 5.898650246081995566e-04 1.141173399935448927e-04 1.131358300686369065e-04 7.479123333603168809e-04
1.989983127782061501e+03 5.909846098155386879e-04 1.183826464773564760e-04 1.104525060387137863e-04 7.513264652093499607e-04
2.036775321471865482e+03 5.920756357177142139e-04 1.242254586661834816e-04 1.093756664471166792e-04 7.545200535814969387e-04
2.083568464632670839e+03 5.947838695362334767e-04 1.295001192632473934e-04 1.087245110178146367e-04 7.573616973195955275e-04
2.130362111883347097e+03 5.969952564663412323e-04 1.338665159575223211e-04 1.081697103054789048e-04 7.604557171077763137e-04
2.177156019117707729e+03 5.981891422893996111e-04 1.392877776033770170e-04 1.087658166195040532e-04 7.630778186414078354e-04
2.223950056593461341e+03 5.987488249630106311e-04 1.449510740547256917e-04 1.105450117398407275e-04 7.669773755206734343e-04
2.270744157437526155e+03 5.981978423734157779e-04 1.501479611045352562e-04 1.124002956832888424e-04 7.700835703183759326e-04
2.317538288223024210e+03 5.982402253372936293e-04 1.559052863243809721e-04 1.149808435522154114e-04 7.743559890138016367e-04
2.364332432746060931e+03 5.979913073738825054e-04 1.607577816544018010e-04 1.169226487305270913e-04 7.800567567038469352e-04
2.411126583388941071e+03 5.976417108207773398e-04 1.642567610931483784e-04 1.183753441291126749e-04 7.861079201951234148e-04
2.457920736678657249e+03 5.971926003683113507e-04 1.666446251306540277e-04 1.196338643242162683e-04 7.915891068897072495e-04
2.504714891079664540e+03 5.961479879774110330e-04 1.691132532216880352e-04 1.203684978098875199e-04 7.974561937982649687e-04
2.551509045933572907e+03 5.957865701237077425e-04 1.725893347826835467e-04 1.217248379115308386e-04 8.036613447796015722e-04
2.598303200966628083e+03 5.963082331600482724e-04 1.763656576834162957e-04 1.238832645780963359e-04 8.086236798014797156e-04
2.645097356068455611e+03 5.959355098172123373e-04 1.809116052017333085e-04 1.261161499427825928e-04 8.146266578435691586e-04
2.691891511195901785e+03 5.960891233279289828e-04 1.857348058813572866e-04 1.293952674146940705e-04 8.197317353527826559e-04
2.738685666332607525e+03 5.952814405829081777e-04 1.893184675802544689e-04 1.325051868292396258e-04 8.254122990181121146e-04
2.785479821472560616e+03 5.908363085946322351e-04 1.913463057426965756e-04 1.347546725630173546e-04 8.317330022062061111e-04
2.832273976613618288e+03 5.884603270303057901e-04 1.933809407391073767e-04 1.370973499599847977e-04 8.365388391663957203e-04
2.879068131755040667e+03 5.906545430993242205e-04 1.980421499628442789e-04 1.406833684523453023e-04 8.420200193827221714e-04
2.925862286896579462e+03 5.946738218353468360e-04 2.041266144748727621e-04 1.447754238068870271e-04 8.452759191528259409e-04
2.972656442038155092e+03 5.973562872953880592e-04 2.091869863759694952e-04 1.485660211209670226e-04 8.492862778350870629e-04
3.019450597179740271e+03 6.014957157105456928e-04 2.156227018240192052e-04 1.535955084025160183e-04 8.506308485059809778e-04
3.066244752321330452e+03 6.044520143997974410e-04 2.222084759168703092e-04 1.592165794871216197e-04 8.527481180989695837e-04
3.113038907462920633e+03 6.066527889278342531e-04 2.286357575460168921e-04 1.642416756637993529e-04 8.536690048541213790e-04
3.159833062604510815e+03 6.054983274408053682e-04 2.329944609922435770e-04 1.691094398761903192e-04 8.522566768863888654e-04
3.206627217746100996e+03 6.008456829279050070e-04 2.344404354371827962e-04 1.730460344346350713e-04 8.482326002274391281e-04
3.253421372887691177e+03 5.974362063371254630e-04 2.357313846423029905e-04 1.762252395964689544e-04 8.455308870323525626e-04
3.300215528029281359e+03 5.990747032665075331e-04 2.408867338438113446e-04 1.815447037001030530e-04 8.448375336244261973e-04
3.347009683170871540e+03 5.981673964337556491e-04 2.438279015913715018e-04 1.855832922794959771e-04 8.464594065431194081e-04
3.393803838312461721e+03 5.941433812214949031e-04 2.439995715310505739e-04 1.875020234983277494e-04 8.504036680425696229e-04
3.440597993454051903e+03 5.886887786663857905e-04 2.463004474611991935e-04 1.914242438948478287e-04 8.558936569890645369e-04
3.487392148595642084e+03 5.855999570223040847e-04 2.485727911944928068e-04 1.957182224561338348e-04 8.622245794562903272e-04
3.534186303737232265e+03 5.827730550526737628e-04 2.510876193200964985e-04 2.005090977902555219e-04 8.663854674752404905e-04
3.580980458878822446e+03 5.794995069975325281e-04 2.523506263727146905e-04 2.034352896809681977e-04 8.692183766147220996e-04
3.627774614020412628e+03 5.775651117838985884e-04 2.568990239061222478e-04 2.097703329863039956e-04 8.708639090490608936e-04
3.674568769162002809e+03 5.775023819064758731e-04 2.597624723956954481e-04 2.147808523792970009e-04 8.727413895738083370e-04
3.721362924303592990e+03 5.788059730567781096e-04 2.635295802012513323e-04 2.190573902050132256e-04 8.742673032703009856e-04
3.768157079445183626e+03 5.820208682041880547e-04 2.698822995017319975e-04 2.261023571673092083e-04 8.757231678915626495e-04
3.814951234586773808e+03 5.802649362297142375e-04 2.729713286069711687e-04 2.316816616815521807e-04 8.764141985965883406e-04
3.861745389728363989e+03 5.757665306369395700e-04 2.739487938782035050e-04 2.349728278883082139e-04 8.773390405467744717e-04
3.908539544869954170e+03 5.730200165815952946e-04 2.756527572899563120e-04 2.396139698282547708e-04 8.778479455936823075e-04
3.955333700011544352e+03 5.750134318007185316e-04 2.798788966521417016e-04 2.447746274672142120e-04 8.782328569875612681e-04
4.002127855153134533e+03 5.736396691095387457e-04 2.818403602087741024e-04 2.496721232617409199e-04 8.790630174822990518e-04
4.048922010294724714e+03 5.697169069720840837e-04 2.806140779901307317e-04 2.512155724012706958e-04 8.812323118532578662e-04
4.095716165436314441e+03 5.651041751518403808e-04 2.821382183923177136e-04 2.549046236689148765e-04 8.827520429825044855e-04
4.142510320577905077e+03 5.600811626555423891e-04 2.831044694616396528e-04 2.607880880969709321e-04 8.828669435096477437e-04
4.189304475719494803e+03 5.540179754887069197e-04 2.823835644602719634e-04 2.628897900594002091e-04 8.828298191745851667e-04
4.236098630861085439e+03 5.500569987255867627e-04 2.835044062396291907e-04 2.672990057821342962e-04 8.807026700508863290e-04
4.282892786002675166e+03 5.479913422250303834e-04 2.867301500537464609e-04 2.753744311098076797e-04 8.764264571911649458e-04
4.329686941144265802e+03 5.474240950054213043e-04 2.896438568332474384e-04 2.812723853626860975e-04 8.755090745363424938e-04
4.376481096285855529e+03 5.423564599094270796e-04 2.894121653826719261e-04 2.843217170079744547e-04 8.772949692431798903e-04
4.423275251427446165e+03 5.391824628767209228e-04 2.906839567963653034e-04 2.890758201557359344e-04 8.782152630783654143e-04
4.470069406569035891e+03 5.378595807171003985e-04 2.931294367477493400e-04 2.943755487099481783e-04 8.754408686577887190e-04
4.516863561710625618e+03 5.398067016911280418e-04 2.993866747592999851e-04 3.034335043733053078e-04 8.726041272276328573e-04
4.563657716852216254e+03 5.352737842595015885e-04 3.012416107662965314e-04 3.083153252173706439e-04 8.701448205564439684e-04
4.610451871993805980e+03 5.295618004918478368e-04 2.992768253506603872e-04 3.101722017491318297e-04 8.718401611840956127e-04
4.657246027135396616e+03 5.245557268189730707e-04 2.975665651905295538e-04 3.126011938007380148e-04 8.750523680588355490e-04
4.704040182276986343e+03 5.200189386241566101e-04 2.987932662419111101e-04 3.175735213546856364e-04 8.775072185868244487e-04
4.750834337418576979e+03 5.143572388357547844e-04 3.014517359414485131e-04 3.263358937199658974e-04 8.756056983280100046e-04
4.797628492560166706e+03 5.110726168863268535e-04 3.016840284365325140e-04 3.311540873990515455e-04 8.729534805653405482e-04
4.844422647701757342e+03 5.059464867479216560e-04 3.004085328285728768e-04 3.324640324723202229e-04 8.722342741593752669e-04
4.891216802843347068e+03 5.020076478837283895e-04 3.015472602634851253e-04 3.384069156551883077e-04 8.713018790214197788e-04
4.938010957984937704e+03 4.985344250698841521e-04 3.027973865445022388e-04 3.441867086385160457e-04 8.714277623294554515e-04
4.984805113126527431e+03 4.957621399253383122e-04 3.036550645190166540e-04 3.481756888057208413e-04 8.700631727362232413e-04
5.031599268268118067e+03 4.929279016096031578e-04 3.049341034985996422e-04 3.544819623349795769e-04 8.666947550241587469e-04
5.078393423409707793e+03 4.930614527186078693e-04 3.082704701000974954e-04 3.618225445281754047e-04 8.611853487389086164e-04
5.125187578551298429e+03 4.916248575633780241e-04 3.104023867738257359e-04 3.672150571320125542e-04 8.608962080238692811e-04
5.171981733692888156e+03 4.848156248706601921e-04 3.076725388143878464e-04 3.698737814728639598e-04 8.638851629903103761e-04
5.218775888834477882e+03 4.754765158384129044e-04 3.044662607014918428e-04 3.716070952538511746e-04 8.677703172341676673e-04
5.265570043976068519e+03 4.702491592682031757e-04 3.038278894767566839e-04 3.763915952044092055e-04 8.687891448922876406e-04
5.312364199117658245e+03 4.644669336250990192e-04 3.027232156231422474e-04 3.800700873728060777e-04 8.665094916464475194e-04
5.359158354259248881e+03 4.573378300722494771e-04 2.993540943051317856e-04 3.814235542936617344e-04 8.636635773761429640e-04
5.405952509400838608e+03 4.508063010029158906e-04 2.964740618494956527e-04 3.832131543510513411e-04 8.593641424429105963e-04
5.452746664542429244e+03 4.499321520869475292e-04 2.992394637288789449e-04 3.909494371306383004e-04 8.527311436069980564e-04
5.499540819684018970e+03 4.507353839746130238e-04 3.053920379877727372e-04 4.037114336376494000e-04 8.476497489809512766e-04
5.546334974825609606e+03 4.486541470009012969e-04 3.061407122463893557e-04 4.104463737670129117e-04 8.417669573720350327e-04
5.593129129967199333e+03 4.415027363918948657e-04 3.042858260716310801e-04 4.138804773478795820e-04 8.377123671813148723e-04
5.639923285108789969e+03 4.378729122133673008e-04 3.052449765001936737e-04 4.214236973440515697e-04 8.352385644629814303e-04
5.686717440250379695e+03 4.338250904827165759e-04 3.056599002439948105e-04 4.280379753722088169e-04 8.346998646169841813e-04
5.733511595391970332e+03 4.257578218182566992e-04 3.010072912789291447e-04 4.268269415591921002e-04 8.346636214525144769e-04
5.780305750533560058e+03 4.158860224990861671e-04 2.951574726737067546e-04 4.254163712236840294e-04 8.357066214589929610e-04
5.827099905675150694e+03 4.092272955327087283e-04 2.924052152582997137e-04 4.285500381827280110e-04 8.343372220152271571e-04
5.873894060816740421e+03 4.038059158413124291e-04 2.920106305472316066e-04 4.320238987864447044e-04 8.327305053137481518e-04
5.920688215958331057e+03 4.016692358880526951e-04 2.937357088855375564e-04 4.383843747172850832e-04 8.305053027249675347e-04
5.967482371099920783e+03 3.996348304476709731e-04 2.949199507365088749e-04 4.448148984518303763e-04 8.282005572389432128e-04
6.014276526241511419e+03 3.952710230117279303e-04 2.935814530402329394e-04 4.489899886204258735e-04 8.250126628201163602e-04
6.061070681383102055e+03 3.918142167151484169e-04 2.947327347765677928e-04 4.560313981710513312e-04 8.215356984823331439e-04
6.107864836524691782e+03 3.884669379535934464e-04 2.951979873097733517e-04 4.619137837165856542e-04 8.186320677683893345e-04
6.154658991666282418e+03 3.783261467559807497e-04 2.883848646753783178e-04 4.601154341209133525e-04 8.193636488028990285e-04
6.201453146807872145e+03 3.683484431286107412e-04 2.824958532816924939e-04 4.611693898034899849e-04 8.199282490735707290e-04
6.248247301949462781e+03 3.627522575958206361e-04 2.829768477778089961e-04 4.672717201817632436e-04 8.223965925768281877e-04
6.295041457091052507e+03 3.570483566211401171e-04 2.795894759228918173e-04 4.680313136658083252e-04 8.261654637961890783e-04
6.341835612232642234e+03 3.519436884907758533e-04 2.774862792518503415e-04 4.710178712537779516e-04 8.279041013233344546e-04
6.388629767374232870e+03 3.510035810231559254e-04 2.806297765157465731e-04 4.785713415479337708e-04 8.235914876109541463e-04
6.435423922515822596e+03 3.508008199568456013e-04 2.850319701228145350e-04 4.888432046512802788e-04 8.212426661371907861e-04
6.482218077657413232e+03 3.473172443810412097e-04 2.833739851488300925e-04 4.917642267183062414e-04 8.198019920252185835e-04
6.529012232799002959e+03 3.390048711711740538e-04 2.784902129015228529e-04 4.924387578925621756e-04 8.172219364184907372e-04
6.575806387940593595e+03 3.295488420934640072e-04 2.718597253270949358e-04 4.902735654784685752e-04 8.123539271231239658e-04
6.622600543082183322e+03 3.201015790061426092e-04 2.659413786392883332e-04 4.883333013123531893e-04 8.087404426925803597e-04
6.669394698223773958e+03 3.152414830777744100e-04 2.632570600053350958e-04 4.899090087852780214e-04 8.092022481399403127e-04
6.716188853365363684e+03 3.123668868138994520e-04 2.636689507090813895e-04 4.957280527338135939e-04 8.112124438406291375e-04
6.762983008506954320e+03 3.103313887152336198e-04 2.647947841800475568e-04 5.006659171880170145e-04 8.152824933021149412e-04
6.809777163648544047e+03 3.082373990429131843e-04 2.686085726464782376e-04 5.103673760211336783e-04 8.172508176257518766e-04
6.856571318790134683e+03 3.054852334238559075e-04 2.672655902125062929e-04 5.123710266079410745e-04 8.243026557251128357e-04
6.903365473931724409e+03 2.967822839935011794e-04 2.612699748319995282e-04 5.080913038243868845e-04 8.261683008575276474e-04
6.950159629073315045e+03 2.869063840137709440e-04 2.524824066792413346e-04 5.023199786820896741e-04 8.346193997638287967e-04
6.996953784214904772e+03 2.788633898546093322e-04 2.472966150345057312e-04 5.027569361899154486e-04 8.294319670548237463e-04
7.043747939356495408e+03 2.751178781462113076e-04 2.464999416565984668e-04 5.055060720053001274e-04 8.392851613775242437e-04
7.090542094498085135e+03 2.703554297786230727e-04 2.460794978112639583e-04 5.078639969481106532e-04 8.318750347760350654e-04
7.137336249639674861e+03 2.686324132769972450e-04 2.473469592534186271e-04 5.178479143608626231e-04 8.389690867519532334e-04
7.184130404781265497e+03 2.640491979910928461e-04 2.509767685559628259e-04 5.324117092149773228e-04 8.126299262737378751e-04
7.230924559922855224e+03 2.584293890459719400e-04 2.485694686332041536e-04 5.396691206341528400e-04 8.107041272296634186e-04
7.277718715064445860e+03 2.429747470978412417e-04 2.397463618862231277e-04 5.428431723184492163e-04 7.502602818251017649e-04
7.324512870206035586e+03 2.373632036089325678e-04 2.364934359895288227e-04 5.481543235913997935e-04 7.197075887546782423e-04
7.371307025347626222e+03 2.209055767829049119e-04 2.259128385302362014e-04 5.559669993545944891e-04 5.976604280103987909e-04
7.418101180489215949e+03 2.139277211226708951e-04 2.337916803573759450e-04 6.121946944400312365e-04 4.954318675512511686e-04
7.464895335630806585e+03 1.802439233689378585e-04 2.383923444776888908e-04 7.232017531292047555e-04 3.583287005599142673e-04
