# Columns: yplus uu_plus uv_plus vv_plus ww_plus | Case=jet_M12_T05 | x*=-14.979769
4.004998581449374928e-01 2.755528331439546091e-02 -1.290313402120413103e-04 7.930308590341174010e-06 1.169232941395514577e-02
1.173307542060210151e+00 2.415108022656262399e-01 -2.295984884355945724e-03 2.390285560844736235e-04 8.461767842214559798e-02
1.949299294786368986e+00 6.579075886356522407e-01 -1.002550941244564724e-02 1.362722737241693063e-03 1.948206897767693069e-01
2.729337786542452182e+00 1.256276733892003339e+00 -2.661433698360591085e-02 4.162404659834036992e-03 3.201214509809708897e-01
3.514379336533248743e+00 1.995710793427503571e+00 -5.407168507240932981e-02 9.306529509459839783e-03 4.482667826980352155e-01
4.305461299004218922e+00 2.817962366196565149e+00 -9.233780521313939005e-02 1.713602734147307016e-02 5.728352117156000345e-01
5.103689482376212894e+00 3.660073592931375686e+00 -1.399524299411523398e-01 2.789027468544629657e-02 6.914384283079287874e-01
5.910226681026127693e+00 4.467233095201444293e+00 -1.942370421101647648e-01 4.150890942499319697e-02 8.033766898069464313e-01
6.726282996621284482e+00 5.199770011537574455e+00 -2.525226070699700953e-01 5.801183620505354771e-02 9.092017213085130667e-01
7.553108254945926525e+00 5.834530168670039707e+00 -3.120620080835026511e-01 7.716883588815656725e-02 1.009508612738233113e+00
8.391986529719334342e+00 6.362004465539591536e+00 -3.709258283299172176e-01 9.894604693214849311e-02 1.105041859819210215e+00
9.244232585244880340e+00 6.782575073092449891e+00 -4.274342129179592442e-01 1.230652851351178856e-01 1.196050638722736315e+00
1.011118994141417282e+01 7.102704902671425735e+00 -4.807751674429570632e-01 1.494901825259019323e-01 1.282697765245150556e+00
1.099423023040849046e+01 7.332282283315828764e+00 -5.302508424847982571e-01 1.779264898396593908e-01 1.364799835349061130e+00
1.189475353146588077e+01 7.482724393547892205e+00 -5.758110489514888242e-01 2.083332073396750861e-01 1.442281684947114506e+00
1.281418941598941252e+01 7.565644898210678981e+00 -6.173067692377203208e-01 2.404080322679050252e-01 1.514961154147699940e+00
1.375399849212082515e+01 7.592061205471590135e+00 -6.550279529822855551e-01 2.741081131384185410e-01 1.582803309362710520e+00
1.471567429353767764e+01 7.572045451582853026e+00 -6.890416094031658334e-01 3.091157950877457816e-01 1.645695560454847550e+00
1.570074540495293292e+01 7.514405993722149013e+00 -7.197220313298173799e-01 3.453829091406368512e-01 1.703597070017443871e+00
1.671077775411109911e+01 7.426706727360236293e+00 -7.471804034178939347e-01 3.826104164625737658e-01 1.756398012285849131e+00
1.774737702720130983e+01 7.315460113301127443e+00 -7.717687185521198145e-01 4.207416450881449888e-01 1.804096005583529116e+00
1.881219118315178918e+01 7.186425895635935035e+00 -7.936212951333740939e-01 4.594663748910789436e-01 1.846781665474278133e+00
1.990691305428494928e+01 7.044652107607748626e+00 -8.131075177334955439e-01 4.987059936239741087e-01 1.884813406856376217e+00
2.103328302823535978e+01 6.894288104898128822e+00 -8.304254071138789106e-01 5.381344261601971324e-01 1.918636731737938916e+00
2.219309181043335855e+01 6.738478939429707104e+00 -8.459618718392928338e-01 5.776510032686751339e-01 1.948718512980700979e+00
2.338818326898032041e+01 6.579662776872228669e+00 -8.599090779678558727e-01 6.169761135870662772e-01 1.975415860836903903e+00
2.462045736516023098e+01 6.419724126353084870e+00 -8.725203943629676884e-01 6.559960032001278529e-01 1.999006598762791187e+00
2.589187317363259311e+01 6.260308264529607314e+00 -8.838174584139351087e-01 6.944413985823707502e-01 2.019707351519766103e+00
2.720445199682374948e+01 6.102680608926237760e+00 -8.939491589982010433e-01 7.322248908137495294e-01 2.037767845839688619e+00
2.856028057834090106e+01 5.947694391953765702e+00 -9.029450791522367625e-01 7.691406472368775837e-01 2.053396139804566367e+00
2.996151442046248903e+01 5.795846820371836294e+00 -9.109729046158464572e-01 8.051129189122739893e-01 2.066644838755975044e+00
3.141038121095636981e+01 5.647614678127396814e+00 -9.180454919352721843e-01 8.399970596336930884e-01 2.077507873042782727e+00
3.290918436466449037e+01 5.503214370294027269e+00 -9.242591702735661885e-01 8.737507450026033018e-01 2.086038001609880954e+00
3.446030668548082332e+01 5.362726962074680692e+00 -9.295896265000386238e-01 9.062823925707660377e-01 2.092471137453087771e+00
3.606621415454323909e+01 5.226201880977678016e+00 -9.341568736450169830e-01 9.375448018158123453e-01 2.097276691301186879e+00
3.772945985066105123e+01 5.094225630545438754e+00 -9.379410559024760063e-01 9.674675101265125532e-01 2.101044566759409093e+00
3.945268800921097352e+01 4.967928352026231842e+00 -9.410234693594667910e-01 9.960059140574254455e-01 2.104210444524289514e+00
4.123863822595431827e+01 4.848329104925033661e+00 -9.433586537635150204e-01 1.023111896076718486e+00 2.107112660163764861e+00
4.309014981245832843e+01 4.735375979714021355e+00 -9.449823332060175440e-01 1.048657396909411954e+00 2.110082537827520976e+00
4.501016631004642932e+01 4.629044990884834121e+00 -9.459568810077391143e-01 1.072507665046404046e+00 2.113058843269042253e+00
4.700174016945317135e+01 4.529658104080820813e+00 -9.465991591070299638e-01 1.094523059580299718e+00 2.115288980356647031e+00
4.906803760362399203e+01 4.436894343344971681e+00 -9.469508768770299456e-01 1.114749827061131127e+00 2.115614999271406393e+00
5.121234362137447960e+01 4.349821791345323874e+00 -9.470430323924392546e-01 1.133249079915298552e+00 2.113191911694385361e+00
5.343806724991213741e+01 4.267857236910795216e+00 -9.469624269885432710e-01 1.150184004812180527e+00 2.107718160173026600e+00
5.574874695452271567e+01 4.190249376425658312e+00 -9.469397649731010613e-01 1.165621365502555573e+00 2.099457973379729836e+00
5.814805626403819616e+01 4.116237102702447359e+00 -9.469678924185249702e-01 1.179697638453311548e+00 2.088991868779316974e+00
6.063980961102899414e+01 4.045349119374677116e+00 -9.468335632160562731e-01 1.192334924193139578e+00 2.077444692025949280e+00
6.322796839600592733e+01 3.977839704993955117e+00 -9.462858066254409284e-01 1.203521221717201106e+00 2.065733946359285866e+00
6.591664728527238992e+01 3.913218662108588486e+00 -9.453411154654185466e-01 1.213223643876101265e+00 2.053806381850460827e+00
6.871012075243868367e+01 3.851086982917267143e+00 -9.440158148002802951e-01 1.221639585462514610e+00 2.040907224267736186e+00
7.161282987399955857e+01 3.792476662633707196e+00 -9.425224367325294450e-01 1.228917842015883721e+00 2.026323341120197963e+00
7.462938938977697489e+01 3.738448863653637488e+00 -9.408596525009066402e-01 1.235184158767494322e+00 2.010285095563723257e+00
7.776459503945409324e+01 3.688899767506792937e+00 -9.389090990718695906e-01 1.240225111191319840e+00 1.994018597838414619e+00
8.102343118686330570e+01 3.642572408147443763e+00 -9.360889321966406884e-01 1.243976327363754075e+00 1.977945182650791001e+00
8.441107874415028789e+01 3.597271532440736053e+00 -9.323595879463444369e-01 1.246496817098160070e+00 1.963222830354327986e+00
8.793292340841058774e+01 3.552507733164477433e+00 -9.279648242439931805e-01 1.248027222937872160e+00 1.950395743001779980e+00
9.159456422389509100e+01 3.510030301516510409e+00 -9.231151210326982159e-01 1.248703408761667299e+00 1.937457180760677966e+00
9.540182248339527860e+01 3.470309458798204183e+00 -9.176336729366335598e-01 1.248916946615318269e+00 1.923124430021909248e+00
9.936075098296038277e+01 3.430585202513398713e+00 -9.121094994568281766e-01 1.249002193270050132e+00 1.908697359725821663e+00
1.034776436446590537e+02 3.390606219461393511e+00 -9.075977295163007996e-01 1.249225051178541879e+00 1.895904030766502490e+00
1.077590455226849571e+02 3.350296763652808707e+00 -9.039636275936682175e-01 1.249408260048595620e+00 1.884254006553829797e+00
1.122117632087126111e+02 3.311490473733671891e+00 -9.008682359982416177e-01 1.249248314339748145e+00 1.871869092869452578e+00
1.168428756530471873e+02 3.274225188849695378e+00 -8.980409200621811694e-01 1.248212589646618076e+00 1.858044087585068782e+00
1.216597454187710099e+02 3.234104409728772556e+00 -8.948006562644590378e-01 1.245453889884908127e+00 1.843315271315681514e+00
1.266700303867788051e+02 3.189570174590935281e+00 -8.913149912141935527e-01 1.240838828870789001e+00 1.827703738986927950e+00
1.318816959303110252e+02 3.145261657128755051e+00 -8.878046439426244829e-01 1.234128925803491761e+00 1.810462745650952554e+00
1.373030275783392824e+02 3.103540711049458167e+00 -8.839524798218041379e-01 1.225894816654844899e+00 1.791849316243755430e+00
1.429426441879368497e+02 3.066349963826145775e+00 -8.790677168748265435e-01 1.217495802906514157e+00 1.770818440563522111e+00
1.488095116465762828e+02 3.029384566800039202e+00 -8.717488476116568297e-01 1.209289593035763888e+00 1.749216732490372239e+00
1.549129571261365470e+02 2.989405370910187543e+00 -8.619412419055508812e-01 1.200243040119280735e+00 1.729785010547933322e+00
1.612626839112825792e+02 2.948060139509453226e+00 -8.517041211440988802e-01 1.190205758406971182e+00 1.712730852707381901e+00
1.678687868257900959e+02 2.907734393843877996e+00 -8.412528698628574109e-01 1.179345162341310260e+00 1.695144511322973058e+00
1.747417682813411659e+02 2.864861329313096672e+00 -8.307713771371244560e-01 1.167567839971991983e+00 1.678578082071544131e+00
1.818925549743046872e+02 2.814223902223274010e+00 -8.189690822306996409e-01 1.153390771676763293e+00 1.663738360751539913e+00
1.893325152570468788e+02 2.758242794532563380e+00 -8.056782421225034962e-01 1.137602906436196326e+00 1.645465514726581535e+00
1.970734772113883650e+02 2.704733087463525809e+00 -7.926226593850684843e-01 1.120553550128084108e+00 1.622986187245408995e+00
2.051277474529406959e+02 2.654821531890268815e+00 -7.798129082989602168e-01 1.102175688030152312e+00 1.599990324566341382e+00
2.135081306962186147e+02 2.602990259102543114e+00 -7.643551112646556067e-01 1.082380472721218956e+00 1.573840897633378866e+00
2.222279501116321399e+02 2.546598053829176589e+00 -7.493601308855352139e-01 1.063190559649573652e+00 1.543658047289242718e+00
2.313010685067219470e+02 2.490883588468466581e+00 -7.358748780963396685e-01 1.044736501670328277e+00 1.511739169826827656e+00
2.407419103653133732e+02 2.437142964661816791e+00 -7.234806231620837247e-01 1.026307931856282663e+00 1.479744494911886976e+00
2.505654847796280364e+02 2.377732938300678001e+00 -7.096536962618299471e-01 1.006503323302120556e+00 1.441256045713762646e+00
2.607874093118145993e+02 2.308384256352661534e+00 -6.910590638189441082e-01 9.837222553441068440e-01 1.399149823136351056e+00
2.714239348228446715e+02 2.241951564981594203e+00 -6.734725777572124761e-01 9.581956170200749412e-01 1.352305438759258127e+00
2.824919713082777548e+02 2.171219173624535426e+00 -6.538914073453838682e-01 9.282329424243689342e-01 1.303656690204158197e+00
2.940091147820417632e+02 2.086769915449417478e+00 -6.284772541927525769e-01 8.956071109011330966e-01 1.252877369667687146e+00
3.059936752511478062e+02 1.992303255254516126e+00 -6.002465981892536329e-01 8.609905046335779577e-01 1.194723035178675286e+00
3.184647058262246446e+02 1.900435914505925306e+00 -5.716072369683030674e-01 8.259588494911161982e-01 1.133806289281315438e+00
3.314420330150474001e+02 1.809353058436074857e+00 -5.404692221523914597e-01 7.864839850047530279e-01 1.065102391381207658e+00
3.449462882490665834e+02 1.710441223089656182e+00 -5.070595052905021438e-01 7.452717605531887779e-01 9.901394069251369112e-01
3.589989406966118395e+02 1.597571481771908886e+00 -4.723333205215458630e-01 7.036175040970824579e-01 9.174092711061329064e-01
3.736223314212290347e+02 1.487811246723555803e+00 -4.382304154289240472e-01 6.617325441412057474e-01 8.426277470507221867e-01
3.888397089493616932e+02 1.371686231645756093e+00 -4.034130759795411247e-01 6.149662037891735489e-01 7.669014518127914570e-01
4.046752663166438424e+02 1.239265617268992425e+00 -3.664131878173543244e-01 5.651995656040227356e-01 6.889164433743391047e-01
4.211541796608315167e+02 1.102075025004257025e+00 -3.261705749209903304e-01 5.170075530682005649e-01 6.008405183291856133e-01
4.383026484074788982e+02 9.599026006407722633e-01 -2.819108499720516248e-01 4.686495296707313685e-01 5.153848945040657714e-01
4.561479370200461858e+02 8.099910910026401067e-01 -2.357232761925947828e-01 4.162981594864273438e-01 4.349171659788111377e-01
4.747184180963027416e+02 6.664685954828438730e-01 -1.954745838237306188e-01 3.649891152173979636e-01 3.615317672702932916e-01
4.940436161742388776e+02 5.288842099027785126e-01 -1.582985878017157955e-01 3.138961238652239749e-01 2.917130344382405371e-01
5.141542507766752124e+02 4.071873192062684388e-01 -1.230036376046843155e-01 2.658776997943170795e-01 2.272295927057381981e-01
5.350822756947700327e+02 3.000303799734361787e-01 -9.195459092292769532e-02 2.191980788806484892e-01 1.735232378246943930e-01
5.568609089110589139e+02 2.068674076280526131e-01 -6.466049360951180158e-02 1.758038140036144448e-01 1.254949756174922049e-01
5.795246434544825433e+02 1.390903577819543047e-01 -4.329727126257195552e-02 1.361998982624925969e-01 8.853957375559418086e-02
6.031092234584206153e+02 9.112353911436177345e-02 -2.666168920137051632e-02 1.013926360767355289e-01 6.034689990300195345e-02
6.276515615646973174e+02 5.753161844451182977e-02 -1.475711607255832114e-02 7.362348250833705698e-02 3.841617349150364125e-02
6.531895638609886419e+02 3.657276669466586611e-02 -7.341330549255146651e-03 5.203215578825190479e-02 2.399176985967209699e-02
6.797618178151595885e+02 2.443681573993913836e-02 -3.428875137707419751e-03 3.571232371353372237e-02 1.514497441186515164e-02
7.074070892804762707e+02 1.667055355084161306e-02 -1.270469549676755917e-03 2.419268598324972319e-02 1.006749483723984838e-02
7.361635698153942258e+02 1.196895134569555402e-02 -4.950189080095216939e-04 1.651095957436411396e-02 6.704955242064739203e-03
7.660678193669998564e+02 8.642160097438667671e-03 -2.513784563030120492e-04 1.168100200573679234e-02 4.777428572792155083e-03
7.971533659885409406e+02 6.488574740649847433e-03 -1.638002235055534988e-04 8.477768951708678988e-03 3.597936238705086876e-03
8.294489567556222482e+02 5.010553282383310367e-03 -8.170270907857670969e-05 6.260653693214642511e-03 2.817856670666326821e-03
8.629765028295694265e+02 3.921945476224958371e-03 -5.700683806674619798e-05 4.710185259518160847e-03 2.279152484756539598e-03
8.977488230768984749e+02 3.118737364408440821e-03 -3.757009986039653719e-05 3.596451140785730805e-03 1.889185607368484105e-03
9.337673564485158977e+02 2.517205311671976212e-03 -1.536813035843633514e-05 2.783746195417827023e-03 1.598980871258935286e-03
9.710200709192774866e+02 2.066193117815014278e-03 -7.079078581800150341e-06 2.171117322506591497e-03 1.380406092627078788e-03
1.009479831530054298e+03 1.724307782269501573e-03 1.341078715470741299e-07 1.706067030940593317e-03 1.213995235419440717e-03
1.049103488573484583e+03 1.454933355954072692e-03 1.431901552778687046e-06 1.348078796941681867e-03 1.087119091827559551e-03
1.089831901082822469e+03 1.241494790865012255e-03 7.671875076363955643e-06 1.072386317759995008e-03 9.900376709701644469e-04
1.131591021011769726e+03 1.079367258272529145e-03 1.634825990179047481e-05 8.622831830914211857e-04 9.172896392501906021e-04
1.174294040488564633e+03 9.531784914905987085e-04 2.037160455367464037e-05 6.979010188618013470e-04 8.610049231910759521e-04
1.217844467955134860e+03 8.572661263568313308e-04 2.655049613677595133e-05 5.713688958928512737e-04 8.183492010073909698e-04
1.262139873638394647e+03 7.818991049567239381e-04 3.221390942306687324e-05 4.691517421284159659e-04 7.846654547595684724e-04
1.307075954787331511e+03 7.231014308304048541e-04 3.990751729172247386e-05 3.901064557829461970e-04 7.582954322836597989e-04
1.352550533969495746e+03 6.775364382840386862e-04 4.691275019825951224e-05 3.286527013450332344e-04 7.393962613209533949e-04
1.398467125942628400e+03 6.388412764923652627e-04 5.284998002989144285e-05 2.802082171994821390e-04 7.279020457538453717e-04
1.444737784164718960e+03 6.049903825623136619e-04 5.962607275037443806e-05 2.434885461751177030e-04 7.192049935567277567e-04
1.491285050172409456e+03 5.771877850056288074e-04 6.371085780434750372e-05 2.131267992239789955e-04 7.125133580982154820e-04
1.538042955011826962e+03 5.567131569306248747e-04 6.898284433664985673e-05 1.880253082492779396e-04 7.084893204958212605e-04
1.584957138456666826e+03 5.396023334116286296e-04 7.360100948356374396e-05 1.693173601193450077e-04 7.066721695131039519e-04
1.631984240597415464e+03 5.264237358178360622e-04 7.860647493948120211e-05 1.542038871480260213e-04 7.051022513143138546e-04
1.679090771473235918e+03 5.165613801634249538e-04 8.324696024801584967e-05 1.419673603266554806e-04 7.052469310035592697e-04
1.726251676722279399e+03 5.104461247988527958e-04 8.670692890733397982e-05 1.311173550137934127e-04 7.068453387745042170e-04
1.773448797231909566e+03 5.050110073381233614e-04 9.139297734421699944e-05 1.237105417073382403e-04 7.089816676177221940e-04
1.820669379463318364e+03 5.019951431289987592e-04 9.540501159346524099e-05 1.170473167426309768e-04 7.116877344867247141e-04
1.867904742616599833e+03 4.989105271500703185e-04 9.853787547213099676e-05 1.106077910845485558e-04 7.141904910286970502e-04
1.915149159541362224e+03 4.975319890940422965e-04 1.038329487104857994e-04 1.064894578153161508e-04 7.171629727757075634e-04
1.962398967423456043e+03 4.960767733147944955e-04 1.077479761767507853e-04 1.044500479111531310e-04 7.206376428843592379e-04
2.009651895202695869e+03 4.955131327603613496e-04 1.128505606309928070e-04 1.020609252934898272e-04 7.251972891066624542e-04
2.056906577625161390e+03 4.944265215850243700e-04 1.170086741722789719e-04 1.005461388975778156e-04 7.278500384090998403e-04
2.104162218903092253e+03 4.948517313575474764e-04 1.221282107670807837e-04 1.009877776766794421e-04 7.306913084037599962e-04
2.151418369253261062e+03 4.953676871763653192e-04 1.280148240488090863e-04 1.016513067558936286e-04 7.328258789270279379e-04
2.198674782156763285e+03 4.957972221161518296e-04 1.324423476338955233e-04 1.020686753864720491e-04 7.359726881800967777e-04
2.245931326588949105e+03 4.953567707444048954e-04 1.371216398194545017e-04 1.028276310736710592e-04 7.389175775487591023e-04
2.293187935015772382e+03 4.947621274111417946e-04 1.410101792167424190e-04 1.031891115565299413e-04 7.431985911482906189e-04
2.340444573679965742e+03 4.950490207625967299e-04 1.452952092109371051e-04 1.051690271054955779e-04 7.477291605163337686e-04
2.387701226217478506e+03 4.960923126688482300e-04 1.498486217186543209e-04 1.072511304053518072e-04 7.527793339050292470e-04
2.434957884935322909e+03 4.964428410044538368e-04 1.538437994570060181e-04 1.087532422287647635e-04 7.586518927068759211e-04
2.482214546326163600e+03 4.958262768815976116e-04 1.572222144630260260e-04 1.105730851012345581e-04 7.653431150991333838e-04
2.529471208839279370e+03 4.942953056648386649e-04 1.602684738966619611e-04 1.120595611923507200e-04 7.732319693421199017e-04
2.576727871809772751e+03 4.963036183168153051e-04 1.647654649647962782e-04 1.142994890593788211e-04 7.803286639656536712e-04
2.623984534961184181e+03 4.994497388063737263e-04 1.697428125663525984e-04 1.162036781804702898e-04 7.857950992211866536e-04
2.671241198182047356e+03 5.020263249917347303e-04 1.748772432134385784e-04 1.196872649508201212e-04 7.909320288654806937e-04
2.718497861428782016e+03 5.037673859823353032e-04 1.797614540431134527e-04 1.225777407100628541e-04 7.955737862755821264e-04
2.765754524684868102e+03 5.066770716093099269e-04 1.857556339239955850e-04 1.261662068211706611e-04 8.006613171686052192e-04
2.813011187944233370e+03 5.074540532479236048e-04 1.901796360654776420e-04 1.294120166004447334e-04 8.059058049457750632e-04
2.860267851204714589e+03 5.063754540121377700e-04 1.934951036116447256e-04 1.321608122037966858e-04 8.093781411642538177e-04
2.907524514465564152e+03 5.063348526089117433e-04 1.975750297000331956e-04 1.359278486853626700e-04 8.116978102863695813e-04
2.954781177726530586e+03 5.062004334358013004e-04 2.022734090112287685e-04 1.394941609267710846e-04 8.120019178195366470e-04
3.002037840987534764e+03 5.043593089355242034e-04 2.061318907846452608e-04 1.435200768517888841e-04 8.156216059582985017e-04
3.049294504248548492e+03 4.992055557812558313e-04 2.075016167080263798e-04 1.460673785169977707e-04 8.179146425193458770e-04
3.096551167509567222e+03 4.935284555922575186e-04 2.094529944527218567e-04 1.490514171155377543e-04 8.196749349978151196e-04
3.143807830770585952e+03 4.897855104369479859e-04 2.125286466312591941e-04 1.531637081051723140e-04 8.207139579253444487e-04
3.191064494031604681e+03 4.875739536424980201e-04 2.151205882603739118e-04 1.575605744329207478e-04 8.220460233161492464e-04
3.238321157292623411e+03 4.881600231451896105e-04 2.190642774013843493e-04 1.618877237717354059e-04 8.235573065369442003e-04
3.285577820553642141e+03 4.911609025641414062e-04 2.241468949642503781e-04 1.661920759999092304e-04 8.232222206658942757e-04
3.332834483814660871e+03 4.930590128851044520e-04 2.287911749346184932e-04 1.713661957518598973e-04 8.244752013804550325e-04
3.380091147075679601e+03 4.936109550868720153e-04 2.314722826731550475e-04 1.742770844023158641e-04 8.267893762629409176e-04
3.427347810336698331e+03 4.956288104040138800e-04 2.363190118654553127e-04 1.792020232228996196e-04 8.300914309816579458e-04
3.474604473597717060e+03 4.956093777529110280e-04 2.394552455011809250e-04 1.825051837248635174e-04 8.329486606281403215e-04
3.521861136858735790e+03 4.943826254833009201e-04 2.427651824724993610e-04 1.866444306654929837e-04 8.365878870509099036e-04
3.569117800119754065e+03 4.915256763671914560e-04 2.457933078894663191e-04 1.913272422490027650e-04 8.398383955286952774e-04
3.616374463380772795e+03 4.891668822876679180e-04 2.483353359127425273e-04 1.953167795855564404e-04 8.419890528634457359e-04
3.663631126641791525e+03 4.898709014218911211e-04 2.529392965837294030e-04 2.012057662398722066e-04 8.410370736253739094e-04
3.710887789902810255e+03 4.928434210761158943e-04 2.587596807765329184e-04 2.077104061853467525e-04 8.402960191325959316e-04
3.758144453163828985e+03 4.928746463988450651e-04 2.631704465821859610e-04 2.130524474618203422e-04 8.396882807034256740e-04
3.805401116424848624e+03 4.896307022773786245e-04 2.644381445660328421e-04 2.172067904310399640e-04 8.399638724224405993e-04
3.852657779685867354e+03 4.817580889275753639e-04 2.639556590765979472e-04 2.200728211464753092e-04 8.397443401567752670e-04
3.899914442946885629e+03 4.698179728449794652e-04 2.605639701438750163e-04 2.209633158353825242e-04 8.421928796306986462e-04
3.947171106207904359e+03 4.634166554000961427e-04 2.619325881836936844e-04 2.258158688337701526e-04 8.448892639267861684e-04
3.994427769468923088e+03 4.609677757943407756e-04 2.645195045664497716e-04 2.312170106076671483e-04 8.473441180959124814e-04
4.041684432729941818e+03 4.601154863202289690e-04 2.668924875918556364e-04 2.351910169610470875e-04 8.509482973801564413e-04
4.088941095990960548e+03 4.583456611355425018e-04 2.681685817871224905e-04 2.382160943352564278e-04 8.555970882742305232e-04
4.136197759251979733e+03 4.564690081266908721e-04 2.699166870011694220e-04 2.419062567058448247e-04 8.593929800066084715e-04
4.183454422512998462e+03 4.600357153230097244e-04 2.766015328098790247e-04 2.497984089960496703e-04 8.607524832124069381e-04
4.230711085774016283e+03 4.628173214764528501e-04 2.820606352241213977e-04 2.563815621850539590e-04 8.630939270914419169e-04
4.277967749035035013e+03 4.589229434586044893e-04 2.841813373088244760e-04 2.613299676965652181e-04 8.625411815807808823e-04
4.325224412296053742e+03 4.508811146382094427e-04 2.826357177065971088e-04 2.642910222033208818e-04 8.638009425696114088e-04
4.372481075557072472e+03 4.470979736583879970e-04 2.834109643789545132e-04 2.682973191557775131e-04 8.620020951908696771e-04
4.419737738818091202e+03 4.484869194130338809e-04 2.876776852880215504e-04 2.751076596506949281e-04 8.580727402630546107e-04
4.466994402079109932e+03 4.504255905506174794e-04 2.942021111498180548e-04 2.854512733796100619e-04 8.530912756784540720e-04
4.514251065340128662e+03 4.454636646345095925e-04 2.945441920294861616e-04 2.897949466764085532e-04 8.505891476345532479e-04
4.561507728601147392e+03 4.377256246869169688e-04 2.921724698860124177e-04 2.916567098428603276e-04 8.476807615185982499e-04
4.608764391862166121e+03 4.327667827781325792e-04 2.923707797169998088e-04 2.967053990041202977e-04 8.451322694177455580e-04
4.656021055123184851e+03 4.276737775714376270e-04 2.916650428214921545e-04 2.991796062211817095e-04 8.419428938773674534e-04
4.703277718384203581e+03 4.193582913021637521e-04 2.882687834935552976e-04 3.003461321621555147e-04 8.418615060577640079e-04
4.750534381645222311e+03 4.131044298071796686e-04 2.858890895947490459e-04 3.018016653738789658e-04 8.423726079471240439e-04
4.797791044906241041e+03 4.128989816324532503e-04 2.901333776214856035e-04 3.097295302698801589e-04 8.426610322862151253e-04
4.845047708167259771e+03 4.141715179633616707e-04 2.953505838413341073e-04 3.185102434915668460e-04 8.431419853124187290e-04
4.892304371428278500e+03 4.122704394326110215e-04 2.965111932180469301e-04 3.225554010078861625e-04 8.429170406403777753e-04
4.939561034689297230e+03 4.089914486697351415e-04 2.986264820575364903e-04 3.289084968760144973e-04 8.434834855088915685e-04
4.986817697950315960e+03 4.062765288229779862e-04 3.003551602600657228e-04 3.353068699186877622e-04 8.460708309316794561e-04
5.034074361211334690e+03 4.038032220431255273e-04 3.016605503103768392e-04 3.395724546583148563e-04 8.448628378288728378e-04
5.081331024472353420e+03 4.007487736928092882e-04 3.022515133533111575e-04 3.446213828584709796e-04 8.407854169382251910e-04
5.128587687733372150e+03 3.977817818623885721e-04 3.025553740636191969e-04 3.500828355551625893e-04 8.341961875134664989e-04
5.175844350994390879e+03 3.955672663403312890e-04 3.041401639478816905e-04 3.555675096423102253e-04 8.280140349087324438e-04
5.223101014255409609e+03 3.914524942919909967e-04 3.040344583781475689e-04 3.604436823389853403e-04 8.202723981112980877e-04
5.270357677516428339e+03 3.838023922286158880e-04 2.994115624316609470e-04 3.599609489862672161e-04 8.147901765233726574e-04
5.317614340777447069e+03 3.791241751598946157e-04 2.986821288311576400e-04 3.636627677489677013e-04 8.099352506999217766e-04
5.364871004038465799e+03 3.762384171685160790e-04 2.995808997209954889e-04 3.696741131044245466e-04 8.076010813212746060e-04
5.412127667299484528e+03 3.715360389295902931e-04 2.983844974834525530e-04 3.737728379869061286e-04 8.055566327886252336e-04
5.459384330560503258e+03 3.644840132516072111e-04 2.958775244692059118e-04 3.754873394804475288e-04 8.066288266594370728e-04
5.506640993821521988e+03 3.581323182115265114e-04 2.950060045165799278e-04 3.806156824855198135e-04 8.076895610963565498e-04
5.553897657082540718e+03 3.542691682461258994e-04 2.949730762265858307e-04 3.855104015258677716e-04 8.117141128036498314e-04
5.601154320343559448e+03 3.560957179886957446e-04 3.000066136535724693e-04 3.930592538529110959e-04 8.140878279729286222e-04
5.648410983604578178e+03 3.566356055376875413e-04 3.041280850065593809e-04 4.010971144833256502e-04 8.168677133372097060e-04
5.695667646865595998e+03 3.494653197586010829e-04 3.009762131705498423e-04 4.034622744753108003e-04 8.177393921259735630e-04
5.742924310126614728e+03 3.428722470539262326e-04 2.975176986184040304e-04 4.041107007504943119e-04 8.169595806601851048e-04
5.790180973387633458e+03 3.421511574808620750e-04 2.973439288430097110e-04 4.066577620066578525e-04 8.145529460837092756e-04
5.837437636648652187e+03 3.413146888809916440e-04 2.985622831289031810e-04 4.131852255962681700e-04 8.128028742888927490e-04
5.884694299909670917e+03 3.351771154809374004e-04 2.961391465658336393e-04 4.162571937398782621e-04 8.115571551549798698e-04
5.931950963170689647e+03 3.279041289966823781e-04 2.933163223902048185e-04 4.194151592257359170e-04 8.110833228394516642e-04
5.979207626431708377e+03 3.202789374112635342e-04 2.885385333300760874e-04 4.189750982148392894e-04 8.116634966752408770e-04
6.026464289692727107e+03 3.165892871379392807e-04 2.891949436164318959e-04 4.252782450785312163e-04 8.122432891467146372e-04
6.073720952953746746e+03 3.167727301173004894e-04 2.936543658651205525e-04 4.369081822719410421e-04 8.101586192728632996e-04
6.120977616214765476e+03 3.162940389080772310e-04 2.963673868951613791e-04 4.460501113270907481e-04 8.057946391758094790e-04
6.168234279475784206e+03 3.126709058425560482e-04 2.948292191861575382e-04 4.471692130262205521e-04 8.034061403998326006e-04
6.215490942736802936e+03 3.064280134343673077e-04 2.888045590520505650e-04 4.439366517874664196e-04 8.026746548951259417e-04
6.262747605997821665e+03 3.030716925455301182e-04 2.861684449551644581e-04 4.462639545067439550e-04 8.033711116480953809e-04
6.310004269258840395e+03 3.030696918773113512e-04 2.892493202414447395e-04 4.530574378011204256e-04 8.038600628608010825e-04
6.357260932519859125e+03 3.001178756300255457e-04 2.879615092449022045e-04 4.543322496231299462e-04 8.045909943828620688e-04
6.404517595780877855e+03 2.919851253429993571e-04 2.820096179611823370e-04 4.548346297110933715e-04 8.039196533687730916e-04
6.451774259041896585e+03 2.852178550003067639e-04 2.770826522362289488e-04 4.542548686731715532e-04 7.997003047379882927e-04
6.499030922302915315e+03 2.830017256398880310e-04 2.785404059466378766e-04 4.618284977852190882e-04 7.955723065710615383e-04
6.546287585563934044e+03 2.818673704653083768e-04 2.796304715830891523e-04 4.674095326401111181e-04 7.934235697607543332e-04
6.593544248824952774e+03 2.801367601304760894e-04 2.794222319809646390e-04 4.726188118583552898e-04 7.902470599170731457e-04
6.640800912085971504e+03 2.771985671903012208e-04 2.783553818804873972e-04 4.744479801745207781e-04 7.865771023367305621e-04
6.688057575346990234e+03 2.735559070110471936e-04 2.770619359473079873e-04 4.771260740466138099e-04 7.841301022963975513e-04
6.735314238608008054e+03 2.699366572575521202e-04 2.736558138744983213e-04 4.755967060934635426e-04 7.824424032831981237e-04
6.782570901869026784e+03 2.691827021600625954e-04 2.749978219036924810e-04 4.827451520844287369e-04 7.840070919653525190e-04
6.829827565130045514e+03 2.656257493976034532e-04 2.720179469941186421e-04 4.824816746187838949e-04 7.922435672328384830e-04
6.877084228391064244e+03 2.606336826472263135e-04 2.700344947103441927e-04 4.849474253860008421e-04 7.957243757279448913e-04
6.924340891652082973e+03 2.564552407030711869e-04 2.669575294507412909e-04 4.863994853812490175e-04 8.020392135584744489e-04
6.971597554913101703e+03 2.534786727325153257e-04 2.644221237382214347e-04 4.885272787167842376e-04 8.042973111712189331e-04
7.018854218174120433e+03 2.496509402910783134e-04 2.608816014055920186e-04 4.857837825808976480e-04 8.149175076188675849e-04
7.066110881435139163e+03 2.455957898940563412e-04 2.568712195135373802e-04 4.830309261495271478e-04 8.128272374352185289e-04
7.113367544696157893e+03 2.455991350923476726e-04 2.583243772999148781e-04 4.876478083556792299e-04 8.207383044036165726e-04
7.160624207957176623e+03 2.427089000751508397e-04 2.579147990358243605e-04 4.895766521868316970e-04 8.096595257014798600e-04
7.207880871218195352e+03 2.386594810814717037e-04 2.553760029595070723e-04 4.964316097749644401e-04 8.151805909606819585e-04
7.255137534479214082e+03 2.322426239233612894e-04 2.538653227051471464e-04 5.039594398064036482e-04 7.876178434853404976e-04
7.302394197740232812e+03 2.270517731033401944e-04 2.525824366237750061e-04 5.111815913248122329e-04 7.819669084814435435e-04
7.349650861001251542e+03 2.156179016501914999e-04 2.479589405000567947e-04 5.190647292194706854e-04 7.213819041771639103e-04
7.396907524262270272e+03 2.134787011471023102e-04 2.502387267654338160e-04 5.363145308003141589e-04 6.893888353155703825e-04
7.444164187523289002e+03 1.962671238588008704e-04 2.385357668112632822e-04 5.432599617436935108e-04 5.749937448701889550e-04
7.491420850784307731e+03 1.879194587329952081e-04 2.424610358353937022e-04 5.878364283938786400e-04 4.799942540845372361e-04
7.538677514045326461e+03 1.558629405019067073e-04 2.455525958379030610e-04 6.900820184412336314e-04 3.477903884284237594e-04
