# Columns: yplus uu_plus uv_plus vv_plus ww_plus | Case=jet_M08_T05 | x*=-14.979769
3.990089055286068498e-01 2.715256324150972997e-02 -1.268187185407988868e-04 7.711883970002957728e-06 1.136827358219854797e-02
1.168939635520372944e+00 2.379090277026741362e-01 -2.236182458114319236e-03 2.293253818078312863e-04 8.235072013291856730e-02
1.942042580896294446e+00 6.481745891230417111e-01 -9.749627870777570135e-03 1.306699599614266367e-03 1.897632750030674165e-01
2.719177200387580484e+00 1.238777313394603175e+00 -2.588535756988798869e-02 3.995968820570013763e-03 3.120888624075912610e-01
3.501296253081353171e+00 1.971247760548678674e+00 -5.267583710103524580e-02 8.946123354036163502e-03 4.374041644389343730e-01
4.289433231433873672e+00 2.789617415617020146e+00 -9.015895599063897259e-02 1.649847328258266174e-02 5.594310516919346332e-01
5.084689827240419291e+00 3.632041893743251038e+00 -1.370063824249639906e-01 2.689949676407181467e-02 6.758155371845159243e-01
5.888224506109016154e+00 4.443452076448581423e+00 -1.906514002170993927e-01 4.011424371182933934e-02 7.858134030948239479e-01
6.701242864825872836e+00 5.182921324783983152e+00 -2.485234348229912182e-01 5.618019673210020160e-02 8.898231032578309829e-01
7.524990076411978812e+00 5.825698847373165457e+00 -3.079326449292144607e-01 7.489763944930888373e-02 9.882172059353704352e-01
8.360745434327563785e+00 6.361062538234490304e+00 -3.669762319876384016e-01 9.624199353854477612e-02 1.081532021571146363e+00
9.209818808364209630e+00 6.788740625680629748e+00 -4.239658612218291656e-01 1.199565964974629029e-01 1.169880030917614722e+00
1.007354871685246067e+01 7.115052979759854956e+00 -4.780256987599772467e-01 1.459978027263790779e-01 1.253374117822286804e+00
1.095330168575807761e+01 7.350188774633291011e+00 -5.283481371339650012e-01 1.740821799793429436e-01 1.331837392372286155e+00
1.185047258220289912e+01 7.506006572921188003e+00 -5.747528529362736505e-01 2.041652890611024007e-01 1.405224175470192405e+00
1.276648565568243221e+01 7.594480845705682270e+00 -6.169892623045394320e-01 2.359567620115113618e-01 1.473481467375681975e+00
1.370279607688947188e+01 7.626836912895865517e+00 -6.553094649585140541e-01 2.693953576450547893e-01 1.536822013254162345e+00
1.466089181947977238e+01 7.612943475004072980e+00 -6.897995667564466027e-01 3.041731091634140016e-01 1.595483898838520487e+00
1.564229577765897261e+01 7.561147919627836167e+00 -7.208861100111801923e-01 3.402158195587355882e-01 1.649854851117789512e+00
1.664856804964624715e+01 7.478631433775281501e+00 -7.487647172069659129e-01 3.772212809026336267e-01 1.700254605041193079e+00
1.768130834409546992e+01 7.371509119728942849e+00 -7.738520935482242624e-01 4.150934675418115338e-01 1.747008126647142223e+00
1.874215848502962700e+01 7.245101026390278420e+00 -7.962974718512804140e-01 4.535425636140331673e-01 1.790321411060496803e+00
1.983280500281439984e+01 7.104030937071923901e+00 -8.163945798163962930e-01 4.924744448371820571e-01 1.830246491262008002e+00
2.095498180609205363e+01 6.952419120622533200e+00 -8.342330899743743977e-01 5.316161317958056909e-01 1.866728503973232645e+00
2.211047293398108238e+01 6.793808152453062910e+00 -8.500773366567284661e-01 5.708713345463469757e-01 1.899772454154945889e+00
2.330111539036077772e+01 6.631080726349778409e+00 -8.640598111403166026e-01 6.099717764220472516e-01 1.929399183226681247e+00
2.452880206347331438e+01 6.466467165266502448e+00 -8.764326846298318152e-01 6.488053587956622570e-01 1.955615385399969819e+00
2.579548473487325211e+01 6.301652879356637982e+00 -8.873196977161696974e-01 6.871307148317503666e-01 1.978444644643596151e+00
2.710317718222487215e+01 6.138146919370671917e+00 -8.968820828771737474e-01 7.248574614466996024e-01 1.998011577204868994e+00
2.845395838075349459e+01 5.977198009110156640e+00 -9.051796516661807512e-01 7.618067589160526509e-01 2.014611807967441770e+00
2.984997580838575004e+01 5.819745193199692856e+00 -9.123206585866684426e-01 7.979279669265705310e-01 2.028667827093788567e+00
3.129344885981064195e+01 5.666455580606535314e+00 -9.184259008399623392e-01 8.330749470087368547e-01 2.040551286443696544e+00
3.278667237487984210e+01 5.518079403820229878e+00 -9.236227206335989592e-01 8.671646784542643704e-01 2.050510922075336584e+00
3.433202028695311014e+01 5.375397416100661907e+00 -9.280385161439314023e-01 9.000191982597950391e-01 2.058651933694795488e+00
3.593194939698770440e+01 5.238731258233793042e+00 -9.317290755902388755e-01 9.314681458741040920e-01 2.064985674647993985e+00
3.758900327937126207e+01 5.108172702297216539e+00 -9.347855927514766572e-01 9.613362339413369373e-01 2.069496994782953347e+00
3.930581632570760320e+01 4.984069550324069731e+00 -9.371874171269237719e-01 9.895067458102816405e-01 2.072235534941668345e+00
4.108511793298420400e+01 4.866907729544276862e+00 -9.390766270463303256e-01 1.016018304900283331e+00 2.073276083298319694e+00
4.292973684277953339e+01 4.756332524083508595e+00 -9.403726925019271210e-01 1.040906504642289176e+00 2.072802924369602895e+00
4.484260563840904723e+01 4.651612699752263325e+00 -9.411874324087948773e-01 1.064306173901418129e+00 2.070963570165663459e+00
4.682676540715905134e+01 4.552109742062275366e+00 -9.415481196355212079e-01 1.086156522623777265e+00 2.067816926848263570e+00
4.888537057502080785e+01 4.457010811377777770e+00 -9.418863103497157052e-01 1.106508387377240776e+00 2.063615504377698695e+00
5.102169392161084005e+01 4.365871192787936117e+00 -9.423184219731327582e-01 1.125206514979391725e+00 2.058968066491100313e+00
5.323913178325068429e+01 4.278333444952484577e+00 -9.428526948794667684e-01 1.142371466539487068e+00 2.054232410729947222e+00
5.554120945247715468e+01 4.193978538802154432e+00 -9.431587950931563658e-01 1.157891998474590123e+00 2.049163475564919956e+00
5.793158678256828154e+01 4.112660591591721371e+00 -9.433391572723138774e-01 1.171947930505075064e+00 2.043202648221351669e+00
6.041406400599400683e+01 4.035054038902087470e+00 -9.435216198178892899e-01 1.184422087701994197e+00 2.036112953827303063e+00
6.299258777604281079e+01 3.962593941574733325e+00 -9.438073159762523368e-01 1.195520528197192789e+00 2.027844843493579852e+00
6.567125744122866138e+01 3.895900138690082670e+00 -9.438143529203911752e-01 1.205315976155045377e+00 2.018129497738673450e+00
6.845433156245307771e+01 3.834655857757494068e+00 -9.434060126190245699e-01 1.214174591689983540e+00 2.006911291360638394e+00
7.134623468328454976e+01 3.778303135628381160e+00 -9.424265861738623240e-01 1.222136056005687532e+00 1.994912956732406650e+00
7.435156436411720904e+01 3.725394311918319712e+00 -9.409388907481824882e-01 1.229259289832163260e+00 1.983383721794205190e+00
7.747509849139287041e+01 3.674493647288984643e+00 -9.387813675219746079e-01 1.235359842003236786e+00 1.973116040679049332e+00
8.072180287350589367e+01 3.624069985609978950e+00 -9.359579132291510062e-01 1.240429605562523463e+00 1.963755359200561879e+00
8.409683913546773226e+01 3.575337564795965761e+00 -9.330941850374255830e-01 1.244720948891608225e+00 1.954054913331291443e+00
8.760557292488076087e+01 3.529445196050559730e+00 -9.305646179243949323e-01 1.248454099397194206e+00 1.943345492990184775e+00
9.125358244226893589e+01 3.486746722439528323e+00 -9.279468997998253643e-01 1.251724399688925349e+00 1.931167743579536245e+00
9.504666730932564178e+01 3.447047326301825532e+00 -9.253929176498699727e-01 1.254424665134093564e+00 1.917096911268705517e+00
9.899085778917799416e+01 3.411115048459195442e+00 -9.232078148822234764e-01 1.256465091380959853e+00 1.901705599732888219e+00
1.030924243733256134e+02 3.376318531670795320e+00 -9.209346723840291515e-01 1.257659745224178227e+00 1.887556284735843359e+00
1.073578877504961895e+02 3.338999369414517027e+00 -9.176199491199398262e-01 1.257976803925694442e+00 1.875639706972974663e+00
1.117940291732649314e+02 3.299986843619233667e+00 -9.134887544862720921e-01 1.257207741924401656e+00 1.863652015595800071e+00
1.164079012389202745e+02 3.261156970087553120e+00 -9.090520421921154393e-01 1.255298308769599691e+00 1.848937916498963219e+00
1.212068391017140954e+02 3.223129255629014978e+00 -9.050593135642029941e-01 1.252132634716292214e+00 1.831379923998426085e+00
1.261984721343224436e+02 3.185329693706699494e+00 -9.010014563512698249e-01 1.247640701014915754e+00 1.814702670051816957e+00
1.313907360570561877e+02 3.149329436211557365e+00 -8.967769316677335345e-01 1.242174469345678212e+00 1.799943982958934097e+00
1.367918855541042547e+02 3.114371264131732708e+00 -8.914693644239979342e-01 1.235776186231954288e+00 1.783700408981763630e+00
1.424105073968668762e+02 3.078454102163965089e+00 -8.855561499621041888e-01 1.228449547714723256e+00 1.766041004560608529e+00
1.482555340952432914e+02 3.039139527805167162e+00 -8.787252346684668591e-01 1.220211618564310596e+00 1.749400827267253655e+00
1.543362580985749730e+02 2.998034098908219924e+00 -8.712141158724148182e-01 1.210419442669899093e+00 1.735615560185147288e+00
1.606623465688233523e+02 2.956254121548403724e+00 -8.625048136131195919e-01 1.199301744623559207e+00 1.720357621321344288e+00
1.672438567494663744e+02 2.912793394485338805e+00 -8.529766843006501009e-01 1.186528454065767235e+00 1.701047393717682210e+00
1.740912519545487953e+02 2.869015225772100219e+00 -8.426300349977436932e-01 1.172775466136452227e+00 1.680270352087164909e+00
1.812154182033052336e+02 2.826948848558593852e+00 -8.309439347965265066e-01 1.158474534091104680e+00 1.662452111433505353e+00
1.886276815268017231e+02 2.786509837238326792e+00 -8.189019765069547319e-01 1.143523388150470499e+00 1.646967548671590009e+00
1.963398259741103686e+02 2.739921820292936072e+00 -8.064503935242254284e-01 1.127365801622698616e+00 1.627549648591364306e+00
2.043641123466423721e+02 2.684333327035478778e+00 -7.932017675607399010e-01 1.110979267100054679e+00 1.601851993104930427e+00
2.127132976904246675e+02 2.624115786983896914e+00 -7.782521514359873605e-01 1.093568243887067526e+00 1.570878986091238882e+00
2.214006555773084415e+02 2.563279631365114941e+00 -7.593463045021825453e-01 1.073318962109559793e+00 1.534379771671364523e+00
2.304399972073524339e+02 2.505293930204466335e+00 -7.407776304069335627e-01 1.051681522916863232e+00 1.500826568897539071e+00
2.398456933659312824e+02 2.438845846198911538e+00 -7.238267222812151402e-01 1.027739575799142768e+00 1.471284498056765644e+00
2.496326972704770526e+02 2.368180447470982664e+00 -7.079424365412347875e-01 1.003725086249546372e+00 1.435666092668399063e+00
2.598165683431797675e+02 2.293788411715912190e+00 -6.900757319862093064e-01 9.790868611435360469e-01 1.391730191262102512e+00
2.704134969474524155e+02 2.213368515743032727e+00 -6.701927528003940315e-01 9.530923208382884315e-01 1.340421993877890960e+00
2.814403301275159492e+02 2.130388154943315460e+00 -6.485631220473732084e-01 9.258295712301327640e-01 1.287812417829966138e+00
2.929145983920990943e+02 2.050377567972062831e+00 -6.228405250580959507e-01 8.959512219293532809e-01 1.234480693916721217e+00
3.048545435850106742e+02 1.964866004020773937e+00 -5.936917788454852962e-01 8.608723638726376581e-01 1.182785998890774959e+00
3.172791478873033384e+02 1.873819894524155094e+00 -5.652117031381349577e-01 8.216684379009016048e-01 1.127743460907883133e+00
3.302081639980278851e+02 1.776588707869864114e+00 -5.365307904980252118e-01 7.803163268773021244e-01 1.067832965615428176e+00
3.436621465433973981e+02 1.675708522205458628e+00 -5.034991891414303256e-01 7.377487065547465583e-01 1.001324690057319611e+00
3.576624847678363039e+02 1.566980163343341337e+00 -4.671412588826012180e-01 6.937260885709469749e-01 9.245410141613015220e-01
3.722314365651553203e+02 1.452170544539486796e+00 -4.320423570894049714e-01 6.487541624353998504e-01 8.450612102778748413e-01
3.873921639138238788e+02 1.333905376609094251e+00 -3.921993105116274858e-01 5.988192070273798961e-01 7.629761348615254901e-01
4.031687697853498094e+02 1.207778441108244394e+00 -3.521388648966899404e-01 5.476638769601426260e-01 6.769187893569298398e-01
4.195863365935396700e+02 1.083781874171081627e+00 -3.115572899448261213e-01 4.973297472334116676e-01 5.907324075648420214e-01
4.366709662305746065e+02 9.429902914330340336e-01 -2.708339004644372272e-01 4.492199365892282636e-01 5.076167518395774403e-01
4.544498216616938180e+02 8.015580217305032784e-01 -2.312232333769749237e-01 4.013017035459771065e-01 4.281843947615073809e-01
4.729511698611613042e+02 6.635964478395707244e-01 -1.943652201237560107e-01 3.529528122637655141e-01 3.515597849626520555e-01
4.922044254551004201e+02 5.265003501451576140e-01 -1.566754823468775037e-01 3.036677835840531636e-01 2.830454980142155241e-01
5.122401936058594174e+02 3.973864867884044916e-01 -1.190568744712644789e-01 2.550290924054896546e-01 2.216410345814815441e-01
5.330903091492774593e+02 2.924380724970249146e-01 -8.604224187223216691e-02 2.071823972706371420e-01 1.651906463975905404e-01
5.547878664063279075e+02 2.067317022370367685e-01 -6.138113377804933768e-02 1.655446525901043131e-01 1.172308160814570510e-01
5.773672299977370130e+02 1.379575504070215952e-01 -4.116503740062202321e-02 1.287020765581813053e-01 8.170908909917398710e-02
6.008640109911466425e+02 8.848954255015979709e-02 -2.500954233249969710e-02 9.717464045480207757e-02 5.447943793400881335e-02
6.253149846126019611e+02 5.566392755046318391e-02 -1.492340060603157721e-02 7.110793034158598147e-02 3.609039495282604509e-02
6.507579158356703601e+02 3.510551039097585535e-02 -8.589904652382162817e-03 5.081008248173866926e-02 2.419141787976057320e-02
6.772312484775135317e+02 2.311224381793403754e-02 -4.013533175709398972e-03 3.525466018767352272e-02 1.563105005073069098e-02
7.047736040766141059e+02 1.593443613477267193e-02 -1.601010319102895733e-03 2.377647574620462417e-02 9.694878678984044859e-03
7.334230320145884434e+02 1.144593868747084339e-02 -7.839252434002750734e-04 1.604498565003606436e-02 6.387322755201924399e-03
7.632159561357309485e+02 8.360212183006952152e-03 -4.541370111411169113e-04 1.129902769872529779e-02 4.515490879389036892e-03
7.941857796774185090e+02 6.342934864931051853e-03 -2.901962310101359314e-04 8.252458008087850544e-03 3.418955024035947709e-03
8.263611426976708572e+02 4.908928632835578981e-03 -1.877843981922489253e-04 6.134795869807307955e-03 2.652914455366239214e-03
8.597638747884878967e+02 3.851689379037407518e-03 -9.329035711281884527e-05 4.623720826153065663e-03 2.171847123024043830e-03
8.944067470952138592e+02 3.073133936094672291e-03 -3.292459062329145664e-05 3.506511264249811619e-03 1.781824632997524400e-03
9.302911932119305902e+02 2.490251586225467224e-03 -1.403877769218971603e-05 2.702174866270869169e-03 1.508274795239541955e-03
9.674052259054680007e+02 2.056578120553714459e-03 -1.359512886465824557e-05 2.111375926374324443e-03 1.308936907077395094e-03
1.005721811232808477e+03 1.722557587510140358e-03 -8.381251185977547141e-06 1.664796542222960179e-03 1.157440108576200145e-03
1.045197960121276765e+03 1.457288035031635738e-03 -2.672486940278275193e-06 1.325389331668229941e-03 1.044302098202978943e-03
1.085774751769945397e+03 1.246426774298045300e-03 7.774743133740637084e-06 1.060953291882422208e-03 9.585320989706296556e-04
1.127378413793359186e+03 1.084670107077963502e-03 1.754886146304475753e-05 8.577435990976583135e-04 8.923781638991606143e-04
1.169922461481976597e+03 9.581380608483239724e-04 2.112002578332304508e-05 6.988078787180742896e-04 8.417885053683698713e-04
1.213310762489690205e+03 8.587165661006420942e-04 2.599699749832707447e-05 5.744086817414308793e-04 8.019626957185462804e-04
1.257441268361747234e+03 7.813523016609461372e-04 3.099283760463586890e-05 4.760262029243938131e-04 7.723346200542366424e-04
1.302210064638057702e+03 7.188839062464809837e-04 3.567618509499518686e-05 3.978994085490058304e-04 7.493137416471934605e-04
1.347515354265108954e+03 6.702462790865769751e-04 4.174846710753919276e-05 3.351652018819778305e-04 7.332245475605386710e-04
1.393261011189094461e+03 6.309997748268786908e-04 4.684621453882559336e-05 2.861433960615012372e-04 7.212188072490102915e-04
1.439359416269186340e+03 5.979990957808010337e-04 5.158260903083111264e-05 2.463083093645275262e-04 7.132882672149585667e-04
1.485733399398928668e+03 5.709506860436999037e-04 5.494641230622811191e-05 2.143212098544424815e-04 7.079012265142444653e-04
1.532317237209015957e+03 5.499838031496148303e-04 6.012720963905308777e-05 1.906181402559024157e-04 7.040018159909881010e-04
1.579056771841558657e+03 5.347042849478075323e-04 6.646788736980250147e-05 1.711076386283572959e-04 7.011753400590242961e-04
1.625908804804255851e+03 5.246600799857341086e-04 7.240413476579367835e-05 1.537708597826301961e-04 7.015192204594642182e-04
1.672839970810333625e+03 5.182356391465662128e-04 7.760208691183569953e-05 1.409419410048015913e-04 7.026509148298604960e-04
1.719825308768553668e+03 5.123342306503797950e-04 8.284625822190623198e-05 1.299909521051834788e-04 7.044415415321471276e-04
1.766846727167743666e+03 5.074534298202843397e-04 8.674336065278196416e-05 1.204704127519479531e-04 7.065692275488229821e-04
1.813891519947069582e+03 5.037450911292792486e-04 9.200957654730687802e-05 1.145733899365181493e-04 7.097214054606874488e-04
1.860951038622895112e+03 4.999515908316010896e-04 9.711963208752202913e-05 1.094946287821083091e-04 7.122446361861227773e-04
1.908019577365459782e+03 4.955606825635242886e-04 1.013468466367548320e-04 1.054034947102417595e-04 7.163529654319192655e-04
1.955093486996280262e+03 4.919784204452224861e-04 1.053466412181256384e-04 1.033978481027089647e-04 7.210876812604314528e-04
2.002170504909713600e+03 4.901216587807570970e-04 1.097570385333675229e-04 1.016008963112127668e-04 7.266000967288810787e-04
2.049249270934310971e+03 4.895205137864616337e-04 1.141773191561844600e-04 1.005992729468895811e-04 7.329224914294547475e-04
2.096328992244813890e+03 4.891637504407861511e-04 1.189504188414940714e-04 1.007535474894353410e-04 7.409670367475199937e-04
2.143409220732416543e+03 4.905940134955586330e-04 1.240126173470120570e-04 1.002016364740608182e-04 7.485047856326734880e-04
2.190489710795937754e+03 4.940837795355080631e-04 1.292008415418752167e-04 1.006676015287611043e-04 7.562897494198608534e-04
2.237570331898496988e+03 4.967192054602877389e-04 1.340829751797868242e-04 1.013783711464863376e-04 7.627617297733775082e-04
2.284651016757458365e+03 4.979868009430945749e-04 1.388936791381316772e-04 1.022050094291589118e-04 7.677958541547867666e-04
2.331731731741224849e+03 4.986300091158370066e-04 1.431071283131793740e-04 1.042960192642005378e-04 7.717736164392936110e-04
2.378812460546664170e+03 4.975535135826326645e-04 1.469328634556441244e-04 1.058558858122198894e-04 7.758623324448218807e-04
2.425893195509426732e+03 4.966606788091063691e-04 1.507753069861309794e-04 1.072483676868343083e-04 7.795496975146238997e-04
2.472973933135235711e+03 4.971897558102980142e-04 1.535924100721905081e-04 1.089838654135045674e-04 7.841145494894153755e-04
2.520054671879141097e+03 4.987455232480251860e-04 1.586005440950616276e-04 1.112625724812857039e-04 7.881724987639517586e-04
2.567135411078721972e+03 4.990227617647801685e-04 1.626956444924728719e-04 1.136104675814793996e-04 7.913826155997643946e-04
2.614216150458546508e+03 4.989780934307070379e-04 1.667290602398519613e-04 1.160246523219463365e-04 7.935943399384184568e-04
2.661296889907564946e+03 4.995600771557080592e-04 1.727537176545293810e-04 1.207537699384988219e-04 7.946334933798159450e-04
2.708377629382358464e+03 4.990237894933593826e-04 1.771543264207274754e-04 1.243445441965420240e-04 7.952118631189013156e-04
2.755458368866468390e+03 4.994179567064434971e-04 1.816627251196685706e-04 1.279766353401243651e-04 7.974486592428961388e-04
2.802539108353845677e+03 5.016065278939158987e-04 1.865164918746112330e-04 1.309216191868707373e-04 8.001795088776682318e-04
2.849619847842334366e+03 5.031607186277882449e-04 1.898548771370388798e-04 1.330112213277848934e-04 8.028483908232796583e-04
2.896700587331190036e+03 5.051299842811271925e-04 1.940285497450919847e-04 1.361053666359727469e-04 8.070886583994790016e-04
2.943781326820162576e+03 5.061153037065672889e-04 1.975155123007066261e-04 1.382608731375718682e-04 8.090554209804878133e-04
2.990862066309171951e+03 5.055628743920580898e-04 2.003768874103283742e-04 1.414714513342788980e-04 8.119558268342240816e-04
3.037942805798191785e+03 5.051054989424313664e-04 2.048057505070436258e-04 1.452945601785260649e-04 8.146946355380108116e-04
3.085023545287216166e+03 5.051135261600159070e-04 2.102338746269855464e-04 1.507255536098989896e-04 8.173213367717028404e-04
3.132104284776240547e+03 5.021854581563834274e-04 2.137032358396642956e-04 1.552311458631289534e-04 8.203964320859722910e-04
3.179185024265264474e+03 4.991586880719861953e-04 2.162420012380303835e-04 1.582020702472428379e-04 8.237508343135463559e-04
3.226265763754288855e+03 4.993537432326025389e-04 2.210671220775545839e-04 1.633119811074420016e-04 8.267960841034686318e-04
3.273346503243313236e+03 4.992008859088395509e-04 2.252910057485344830e-04 1.683661162844052078e-04 8.289657867648338131e-04
3.320427242732337618e+03 4.969742863774063426e-04 2.278880733570461971e-04 1.720399585619535781e-04 8.322322553582036818e-04
3.367507982221361999e+03 4.956145840383439612e-04 2.311697272711452523e-04 1.761532116551220233e-04 8.337943505145630190e-04
3.414588721710386380e+03 4.951323962224628413e-04 2.346818553622794987e-04 1.810201828153545141e-04 8.373724556155641213e-04
3.461669461199410762e+03 4.936227246280919983e-04 2.367937691059860458e-04 1.845353217782684670e-04 8.415918935132651532e-04
3.508750200688434688e+03 4.909099226233567138e-04 2.390589527230236016e-04 1.887264862166631587e-04 8.462777652585363238e-04
3.555830940177459070e+03 4.853205180165426065e-04 2.397867975800872320e-04 1.922710489982089083e-04 8.482912703776995453e-04
3.602911679666483451e+03 4.809664607353601176e-04 2.407268073981959616e-04 1.960228870147112353e-04 8.499198055409259338e-04
3.649992419155507832e+03 4.832231389193842068e-04 2.457252789515610922e-04 2.019893035620258515e-04 8.494820235344007018e-04
3.697073158644532214e+03 4.878793050835985028e-04 2.525593625291949426e-04 2.085922289177480501e-04 8.499842598396619656e-04
3.744153898133556595e+03 4.891182570166165144e-04 2.577585570616983319e-04 2.145169353549148230e-04 8.516816167678632017e-04
3.791234637622581431e+03 4.869652103367200029e-04 2.592572771279263348e-04 2.180067734672273860e-04 8.553601034880772619e-04
3.838315377111605812e+03 4.828617404896125634e-04 2.603533548068744249e-04 2.211427479924439621e-04 8.585722320842570235e-04
3.885396116600630194e+03 4.819872162219577291e-04 2.643181549687611707e-04 2.272866098915978558e-04 8.635365008773368198e-04
3.932476856089654575e+03 4.830592156686261711e-04 2.691057547464343561e-04 2.333945026355491170e-04 8.658466441990714507e-04
3.979557595578678956e+03 4.806454015382282080e-04 2.713029064003815208e-04 2.367430139397288266e-04 8.654596228735804680e-04
4.026638335067702883e+03 4.754273159685336184e-04 2.730724983316920097e-04 2.428188027427559262e-04 8.623628908061037757e-04
4.073719074556727264e+03 4.721737501027019508e-04 2.765265329706131469e-04 2.501319621407287501e-04 8.584740943541842089e-04
4.120799814045752100e+03 4.688562186010308028e-04 2.767580277358334820e-04 2.523807714696525034e-04 8.551262914642596266e-04
4.167880553534775572e+03 4.631789316657877200e-04 2.751078537185826646e-04 2.536039314564175078e-04 8.529346115841378957e-04
4.214961293023799954e+03 4.575688695771273668e-04 2.756872426409073579e-04 2.582590124405664215e-04 8.531895323728131168e-04
4.262042032512824335e+03 4.518100951413778752e-04 2.758792183357069148e-04 2.623180123021524521e-04 8.549955033779727638e-04
4.309122772001848716e+03 4.467972593572104296e-04 2.750600459937356068e-04 2.644964016512916225e-04 8.539209099721710569e-04
4.356203511490873098e+03 4.476857861465182928e-04 2.782873749598530977e-04 2.695059057587063890e-04 8.487549342714904247e-04
4.403284250979897479e+03 4.488122036442670701e-04 2.833770916406476740e-04 2.781842520806516051e-04 8.469322924774107817e-04
4.450364990468921860e+03 4.475789798281890877e-04 2.867414745696464091e-04 2.848080567043024961e-04 8.476077940482479485e-04
4.497445729957946241e+03 4.437725197798370025e-04 2.869832346015404917e-04 2.876486870155173865e-04 8.510836332843288226e-04
4.544526469446970623e+03 4.383907579295549827e-04 2.868363435216026054e-04 2.924106758405929088e-04 8.540845358189491773e-04
4.591607208935995004e+03 4.334702662810371865e-04 2.871462395042950365e-04 2.973476286119600088e-04 8.556069314641202113e-04
4.638687948425019385e+03 4.309722314894693642e-04 2.874485861294510079e-04 3.001980814060069367e-04 8.566146445215603710e-04
4.685768687914043767e+03 4.330616193117005483e-04 2.918760803598688196e-04 3.072581054058498248e-04 8.532764615508286240e-04
4.732849427403068148e+03 4.357322918935739630e-04 2.973660592099823204e-04 3.153692708533396708e-04 8.487697371378190780e-04
4.779930166892092529e+03 4.320575122181088165e-04 2.981453626513819459e-04 3.205233997473131259e-04 8.438976588374840545e-04
4.827010906381116911e+03 4.215648306876737354e-04 2.926902796502069267e-04 3.197520081059109323e-04 8.423838625927188668e-04
4.874091645870140383e+03 4.124475579313345184e-04 2.903395565268794033e-04 3.232155799463457902e-04 8.403005193192322449e-04
4.921172385359164764e+03 4.086970301541027598e-04 2.919027168724837632e-04 3.298645867471792430e-04 8.376116249466696506e-04
4.968253124848189145e+03 4.043256052651711288e-04 2.917187046978468438e-04 3.345946350448500005e-04 8.334860501599204155e-04
5.015333864337213527e+03 4.010251054484253856e-04 2.927472696448720174e-04 3.406647762276803480e-04 8.285143875622409020e-04
5.062414603826237908e+03 3.991908389697623738e-04 2.950920908252099828e-04 3.470583611688095641e-04 8.243751923851597987e-04
5.109495343315262289e+03 3.974950739414509862e-04 2.978573270425048983e-04 3.553607235437427551e-04 8.204373995222439880e-04
5.156576082804286671e+03 3.934254801573883317e-04 2.962807902004479924e-04 3.575381871294888974e-04 8.214584489827329991e-04
5.203656822293311052e+03 3.901440491859609516e-04 2.963157964011866002e-04 3.612080485060625173e-04 8.224272387609099467e-04
5.250737561782335433e+03 3.891458752343264493e-04 2.989785926584191764e-04 3.683065359775318276e-04 8.232913054123292993e-04
5.297818301271359815e+03 3.890031682761055224e-04 3.022667133173950423e-04 3.763448398888741882e-04 8.205427405051041265e-04
5.344899040760384196e+03 3.873429140147163362e-04 3.041041763868230358e-04 3.818753398976623692e-04 8.186106459394555668e-04
5.391979780249408577e+03 3.796582880996126372e-04 3.005089047017627272e-04 3.825299234067467877e-04 8.185332657886274128e-04
5.439060519738432959e+03 3.711954415303520471e-04 2.973267072845570862e-04 3.850693042070580719e-04 8.227248598657228330e-04
5.486141259227457340e+03 3.654641974344821436e-04 2.959302043052141522e-04 3.902144982662087845e-04 8.237514014271585033e-04
5.533221998716480812e+03 3.593037081891980382e-04 2.916010665498702174e-04 3.884682184234139533e-04 8.233811089152370550e-04
5.580302738205505193e+03 3.574938792462197370e-04 2.911058754522236254e-04 3.906688575496007686e-04 8.216833901878847421e-04
5.627383477694529574e+03 3.573337714857229507e-04 2.958618833087156867e-04 4.020082527360410024e-04 8.196529234289061817e-04
5.674464217183553956e+03 3.544261264326733834e-04 2.956352927257517712e-04 4.062535028840168465e-04 8.180804730556910827e-04
5.721544956672578337e+03 3.491370382044535047e-04 2.929729292126672193e-04 4.085608691572543928e-04 8.150082585098765778e-04
5.768625696161602718e+03 3.444742716087456354e-04 2.913370366303052539e-04 4.130734649415007394e-04 8.117569176915828385e-04
5.815706435650627100e+03 3.431026861353877870e-04 2.939293532947942012e-04 4.220701497144301734e-04 8.111862912248815399e-04
5.862787175139651481e+03 3.436578467302605386e-04 2.963456888577497010e-04 4.288245051572637970e-04 8.092517364374254537e-04
5.909867914628675862e+03 3.416672841484429276e-04 2.958315676592277637e-04 4.314049177488509055e-04 8.088755607169069569e-04
5.956948654117700244e+03 3.366095331323506329e-04 2.942361160835668785e-04 4.356215112626427043e-04 8.101673782657828294e-04
6.004029393606724625e+03 3.266454067475425761e-04 2.863135416492726426e-04 4.314573592233534823e-04 8.154202522897912404e-04
6.051110133095749006e+03 3.214125115735869641e-04 2.839236578967484713e-04 4.334183874956556558e-04 8.197199908417787456e-04
6.098190872584773388e+03 3.200811307467814576e-04 2.853724442714167925e-04 4.387718014924560806e-04 8.221294690390312495e-04
6.145271612073797769e+03 3.172790564380147528e-04 2.851025533714911762e-04 4.423144393755367885e-04 8.225162250629700208e-04
6.192352351562822150e+03 3.138718646396425620e-04 2.850837119475517424e-04 4.482262235319671071e-04 8.208264948346306053e-04
6.239433091051846532e+03 3.091006535504049074e-04 2.828361439101685724e-04 4.511630427193194320e-04 8.172187133587415246e-04
6.286513830540870913e+03 3.051666868165739356e-04 2.821746572209491571e-04 4.568478343889403989e-04 8.150468406526694808e-04
6.333594570029895294e+03 3.056916288934647817e-04 2.841265426603930178e-04 4.631392285162301884e-04 8.109112247167137586e-04
6.380675309518919676e+03 3.037706290219816647e-04 2.831551937304869430e-04 4.667188452979084646e-04 8.077227186360228439e-04
6.427756049007944057e+03 2.999660807324774328e-04 2.800638457370032623e-04 4.680292212592468870e-04 8.036648952640588995e-04
6.474836788496968438e+03 2.965749674515777488e-04 2.799436282174659488e-04 4.745280258492151236e-04 7.989948308532982988e-04
6.521917527985992820e+03 2.938043739206353346e-04 2.801451105027559074e-04 4.802363955750348469e-04 7.960593577309233370e-04
6.568998267475017201e+03 2.871179111816005852e-04 2.755783712147576734e-04 4.816433504746229794e-04 7.968388996559551104e-04
6.616079006964041582e+03 2.803488919191999347e-04 2.708333097568283148e-04 4.800322773359567453e-04 7.967759163665095838e-04
6.663159746453065964e+03 2.769453263516638585e-04 2.695246591843977572e-04 4.823998577758254131e-04 7.962757958295075883e-04
6.710240485942089435e+03 2.748461306677644003e-04 2.684166956891277786e-04 4.858553129739151652e-04 7.952932198589388654e-04
6.757321225431113817e+03 2.727612225879229736e-04 2.676415235182126617e-04 4.905053542495901864e-04 7.941564463287681787e-04
6.804401964920138198e+03 2.697420549179525167e-04 2.657880801080570528e-04 4.915081301633319197e-04 7.979874538458147726e-04
6.851482704409162579e+03 2.667881226648637343e-04 2.642608598281895446e-04 4.922698171039030252e-04 8.018759422510161059e-04
6.898563443898186961e+03 2.647881428898589211e-04 2.622228724049537225e-04 4.917985000277788361e-04 8.092342947486695203e-04
6.945644183387211342e+03 2.624007567373159663e-04 2.624172465873595588e-04 4.985015343220366383e-04 8.081580127391841751e-04
6.992724922876235723e+03 2.596127730350245499e-04 2.601433395660189725e-04 4.979016099852136279e-04 8.173749537917436624e-04
7.039805662365260105e+03 2.570447177523954964e-04 2.596997570348817848e-04 5.017692436359843253e-04 8.151316246545115734e-04
7.086886401854284486e+03 2.527484121495245919e-04 2.544926109465283823e-04 4.994213877526388094e-04 8.248101437559008861e-04
7.133967141343308867e+03 2.452390769110444424e-04 2.469696671188465874e-04 4.937792697146323184e-04 8.152508708601638237e-04
7.181047880832333249e+03 2.398879559230482805e-04 2.438020248433459079e-04 4.987939463516352732e-04 8.187285265279949358e-04
7.228128620321357630e+03 2.349385652209019218e-04 2.461974407090517457e-04 5.125091824163146605e-04 7.868855654039884654e-04
7.275209359810382011e+03 2.324178420065486938e-04 2.472281298650931243e-04 5.237207665243277148e-04 7.841541537034331334e-04
7.322290099299406393e+03 2.221553609022629662e-04 2.431709580150599867e-04 5.334103891130368260e-04 7.297681459781295375e-04
7.369370838788430774e+03 2.210010129223344473e-04 2.446388373382549783e-04 5.433984821735277256e-04 7.048329206462434484e-04
7.416451578277454246e+03 2.082733333559543074e-04 2.369126563539650590e-04 5.524225488656743770e-04 5.874089788112177172e-04
7.463532317766478627e+03 2.023297791650792790e-04 2.461578288530586649e-04 6.098238089892237066e-04 4.858783553449586706e-04
7.510613057255503008e+03 1.662559295826509804e-04 2.443134494329252462e-04 7.085280942360930399e-04 3.517463166902986627e-04
