# Columns: ustar Tstar(=Ttilde/Tinf) | Case=jet_M16_T05 | x*=10.00
0.000000000000000000e+00 1.049731095100318035e+00
1.813784667525580874e-02 1.049698859001537921e+00
5.449388187479320411e-02 1.049374753160634111e+00
9.078653648973829260e-02 1.048741436267317972e+00
1.266580445606283745e-01 1.047824498032128515e+00
1.616407170104247337e-01 1.046665796938689663e+00
1.952740380653416041e-01 1.045319304812037275e+00
2.271951412977930851e-01 1.043842096347263659e+00
2.571739524531960197e-01 1.042286307586268723e+00
2.851079385628243479e-01 1.040695307825157512e+00
3.109917286151137605e-01 1.039102736400377980e+00
3.348902148423034686e-01 1.037533614393247650e+00
3.569083458347631077e-01 1.036005318870456327e+00
3.771746517937495935e-01 1.034529279931832413e+00
3.958264479488741161e-01 1.033111830558262056e+00
4.130035808716047696e-01 1.031756077603992683e+00
4.288394215096127393e-01 1.030462081028270971e+00
4.434636236794786690e-01 1.029228194718365463e+00
4.569934599510855899e-01 1.028051538436597356e+00
4.695397917742860638e-01 1.026929734782196846e+00
4.812034212829596203e-01 1.025861039884354842e+00
4.920768348647429069e-01 1.024843604722290857e+00
5.022382401538638685e-01 1.023875531551080131e+00
5.117595014452683833e-01 1.022955448452341543e+00
5.207029779611208609e-01 1.022080280494342075e+00
5.291284651310284026e-01 1.021248174144254728e+00
5.370846733795472394e-01 1.020456549180122074e+00
5.446158132350678027e-01 1.019703463193656789e+00
5.517576637156172970e-01 1.018986516656805508e+00
5.585401768821798285e-01 1.018304128147806464e+00
5.649900176625312076e-01 1.017653755338860044e+00
5.711368728225718616e-01 1.017033532248474703e+00
5.770090169250078338e-01 1.016440278598333080e+00
5.826357947749505328e-01 1.015874558593455212e+00
5.880396753220775707e-01 1.015336929988080561e+00
5.932427442327724565e-01 1.014828194065171107e+00
5.982667392109840554e-01 1.014343352838587675e+00
6.031309543885067237e-01 1.013876148851923675e+00
6.078506146636823981e-01 1.013421616011734638e+00
6.124403442149203292e-01 1.012981151436656679e+00
6.169146687204895008e-01 1.012554940111457302e+00
6.212801492484328891e-01 1.012141576271131660e+00
6.255495928729575272e-01 1.011737207367234603e+00
6.297398055935614636e-01 1.011340564421021160e+00
6.338636659708051235e-01 1.010949399683926497e+00
6.379261823761195327e-01 1.010562585824407167e+00
6.419345284695754383e-01 1.010177006966217039e+00
6.458950426001566214e-01 1.009796150638424095e+00
6.498117232302274004e-01 1.009419534077935499e+00
6.536886834183200934e-01 1.009055067020137475e+00
6.575437696966123235e-01 1.008702072403208083e+00
6.614118480692745550e-01 1.008347652704620900e+00
6.653109460356524396e-01 1.007975967992920774e+00
6.692396284221752145e-01 1.007570544249618338e+00
6.731724635187357197e-01 1.007131764217279013e+00
6.770768328871100694e-01 1.006661605079784971e+00
6.809505993969424686e-01 1.006166126223204671e+00
6.848017430422674856e-01 1.005661518690662115e+00
6.886587586409546047e-01 1.005140506496385866e+00
6.925377285465825761e-01 1.004603439394530007e+00
6.964231045377210494e-01 1.004053336042336486e+00
7.003126282895532073e-01 1.003492034719772663e+00
7.042168326700776193e-01 1.002896964089571741e+00
7.081361124323477529e-01 1.002259795523468888e+00
7.120908975571480504e-01 1.001600594004468325e+00
7.160249693132761939e-01 1.000913513401323174e+00
7.199543418609608558e-01 1.000165536444681758e+00
7.238598902214795627e-01 9.994046911900906771e-01
7.277020014350558119e-01 9.986777689818037151e-01
7.314654134217070114e-01 9.979543911080356322e-01
7.351668055351405773e-01 9.971870235472263255e-01
7.388781875819703249e-01 9.963671469698880401e-01
7.426168329006825886e-01 9.955507188715396749e-01
7.463783972264755873e-01 9.947338938668964792e-01
7.500630567721603414e-01 9.938684988304660184e-01
7.536957699203206129e-01 9.929368400416462848e-01
7.573688667457849633e-01 9.920114286209464893e-01
7.609465858116195580e-01 9.911173973225213540e-01
7.645185759996941943e-01 9.901920872382490302e-01
7.681262751996120741e-01 9.893415555677254059e-01
7.717605380119819669e-01 9.885178925377817727e-01
7.754177551476935104e-01 9.875705742317496538e-01
7.789948423154139379e-01 9.865172698968187603e-01
7.825834432062847013e-01 9.854581127025576759e-01
7.862286933649319520e-01 9.844146187145724758e-01
7.898750180375659902e-01 9.833613403116461260e-01
7.935440939649730518e-01 9.822579290535184970e-01
7.972133062224604494e-01 9.812559905027375962e-01
8.007631713299913079e-01 9.803321822404851282e-01
8.043946933387103870e-01 9.793445015924381325e-01
8.081248410310868380e-01 9.783593092541613689e-01
8.121435420407424610e-01 9.774653666092024684e-01
8.164869981662576937e-01 9.764967249929716875e-01
8.210828113682585583e-01 9.756060567567617081e-01
8.259610199750607729e-01 9.746570781256697069e-01
8.311084349887899458e-01 9.738618404772310111e-01
8.363958570357598044e-01 9.731616731794285879e-01
8.420205726711258443e-01 9.724748624796621943e-01
8.483284228272911509e-01 9.719539059906684431e-01
8.549794151668984599e-01 9.713166541515458885e-01
8.621707952694467325e-01 9.708548182875332833e-01
8.701512150112182820e-01 9.704656034331188286e-01
8.787896330629301200e-01 9.705842715676098464e-01
8.880285372399862043e-01 9.705530628493471701e-01
8.984904955736701115e-01 9.706948966592273687e-01
9.098129314161247372e-01 9.714893915416017434e-01
9.212012673912726157e-01 9.725917442452461925e-01
9.326619097754965670e-01 9.739763377717713944e-01
9.442606225016236809e-01 9.758216565170012569e-01
9.558522451834770006e-01 9.780341087018571411e-01
9.667348583362351810e-01 9.806664396094937342e-01
9.764100200899069604e-01 9.841529795801012837e-01
9.844680282909102909e-01 9.877299160397338129e-01
9.909845212676460235e-01 9.908022100262219301e-01
9.956015130471346231e-01 9.940017399456100300e-01
9.987145934465972985e-01 9.965172668449062687e-01
1.000408167018863592e+00 9.980552035175122016e-01
1.001097438061072875e+00 9.989505541345857775e-01
1.001419044494570976e+00 9.994759661667094175e-01
1.001534033903096033e+00 9.997396922343950720e-01
1.001534025093457014e+00 9.997958466476084549e-01
1.001508100402547674e+00 9.998052686711668136e-01
1.001486082867298233e+00 9.998178181819471488e-01
1.001460092875287700e+00 9.998260035566052251e-01
1.001436831149056683e+00 9.998356037106358452e-01
1.001407015777320719e+00 9.998425953871449279e-01
1.001377192427084228e+00 9.998497468042563119e-01
1.001344567832128440e+00 9.998557351557944006e-01
1.001318588569908297e+00 9.998646368577455146e-01
1.001286972003512687e+00 9.998720365137448995e-01
1.001255953621961847e+00 9.998811914711351889e-01
1.001224788279100775e+00 9.998888607600282530e-01
1.001190866974241311e+00 9.998964867116127975e-01
1.001158163019451486e+00 9.999039746405020690e-01
1.001123693238492596e+00 9.999132192175960165e-01
1.001093919646142361e+00 9.999235851575574152e-01
1.001058439505132514e+00 9.999321963820086978e-01
1.001026290068630864e+00 9.999415350354780019e-01
1.000987631889584728e+00 9.999502165563487477e-01
1.000954374402108105e+00 9.999602419302962009e-01
1.000916093244750504e+00 9.999700807880738118e-01
1.000880577847887976e+00 9.999802411430108728e-01
1.000840092928046765e+00 9.999894235466461057e-01
1.000803856311047735e+00 9.999994049314110400e-01
1.000763682992250825e+00 1.000010147866428944e+00
1.000725495284717992e+00 1.000020675520150615e+00
1.000685695556493782e+00 1.000031520329015100e+00
1.000645705675691444e+00 1.000041343496403057e+00
1.000603967648603598e+00 1.000052792540474966e+00
1.000564159527554509e+00 1.000063248744573974e+00
1.000520142872961538e+00 1.000074022538835372e+00
1.000479019886101106e+00 1.000085311158279477e+00
1.000432802290785128e+00 1.000095324571702360e+00
1.000389678586514064e+00 1.000106064951767015e+00
1.000345752015505019e+00 1.000117727968580228e+00
1.000302464552089265e+00 1.000129134737660186e+00
1.000258354954995932e+00 1.000142144718841664e+00
1.000212772024855479e+00 1.000152320317583277e+00
1.000167794774559749e+00 1.000164467180050476e+00
1.000122476060359089e+00 1.000175369197013220e+00
1.000075440815388239e+00 1.000187785194177392e+00
1.000030758938271092e+00 1.000199752706051992e+00
9.999844994848587909e-01 1.000212156962748011e+00
9.999405010265830507e-01 1.000224051508967760e+00
9.998935718879272683e-01 1.000236873220497147e+00
9.998496060804309415e-01 1.000249956019599651e+00
9.998013687317185427e-01 1.000262499558080220e+00
9.997569091638185412e-01 1.000274302862895093e+00
9.997063032592089504e-01 1.000286133079025142e+00
9.996612695360854728e-01 1.000298930939242270e+00
9.996115542793578834e-01 1.000311618489322152e+00
9.995664013345479937e-01 1.000323859833710971e+00
9.995170931906958156e-01 1.000336163530877398e+00
9.994704974258697971e-01 1.000348438132159234e+00
9.994216052642760362e-01 1.000361694465213835e+00
9.993740913058135611e-01 1.000373819293945976e+00
9.993251008986675510e-01 1.000386928506627138e+00
9.992759670865385413e-01 1.000397616953722091e+00
9.992268332569326228e-01 1.000411444772622227e+00
9.991791857634314544e-01 1.000422226225834876e+00
9.991293381547352581e-01 1.000435666112590383e+00
9.990837503939072883e-01 1.000448932985742445e+00
9.990336581154839468e-01 1.000460675162997193e+00
9.989880270277644581e-01 1.000474399092550648e+00
9.989370113723702316e-01 1.000485996403273958e+00
9.988904775541722625e-01 1.000498739902248246e+00
9.988398699247991175e-01 1.000511822596311440e+00
9.987909304583021397e-01 1.000522023399730509e+00
9.987407183754273277e-01 1.000534847273609973e+00
9.986935313615097343e-01 1.000546749713383088e+00
9.986461081605193524e-01 1.000559645305369116e+00
9.986003472994098296e-01 1.000572638623900668e+00
9.985528109022604459e-01 1.000585296869709984e+00
9.985077676277840375e-01 1.000598094390362736e+00
9.984595454940978776e-01 1.000610886987306269e+00
9.984130666903600071e-01 1.000622746141490049e+00
9.983641222229934220e-01 1.000635032556167481e+00
9.983173373067792955e-01 1.000646837167767700e+00
9.982687941248762353e-01 1.000658730491340576e+00
9.982224462617399485e-01 1.000670813655138769e+00
9.981748855456582525e-01 1.000683132331704472e+00
9.981294703859432405e-01 1.000695089355959855e+00
9.980823041613707813e-01 1.000707457495833896e+00
9.980368102228804883e-01 1.000718943403627215e+00
9.979890164283181653e-01 1.000731062108855651e+00
9.979430533703944617e-01 1.000742538324126629e+00
9.978951466690947347e-01 1.000753937358880519e+00
9.978496385490313036e-01 1.000765311704885807e+00
9.978024581628319734e-01 1.000776573092877042e+00
9.977578811646772294e-01 1.000787865210333472e+00
9.977123308405505542e-01 1.000799809704812748e+00
9.976695436127994698e-01 1.000811565566368744e+00
9.976248589022147506e-01 1.000823629932078074e+00
9.975819855487806365e-01 1.000834928960460335e+00
9.975367692907735062e-01 1.000846589867924186e+00
9.974937848339625601e-01 1.000857587174280638e+00
9.974490364753336724e-01 1.000869076244556011e+00
9.974062762844165819e-01 1.000880106453813534e+00
9.973618641159731624e-01 1.000891630386134379e+00
9.973195690527818513e-01 1.000902626327083045e+00
9.972751390069189981e-01 1.000913848349590962e+00
9.972326287597020888e-01 1.000924346229310258e+00
9.971879529688024713e-01 1.000935122181861203e+00
9.971455388984239443e-01 1.000945261424454946e+00
9.971009851607496310e-01 1.000955927314329585e+00
9.970596700466149986e-01 1.000966107083602452e+00
9.970163412045716100e-01 1.000977170229510937e+00
9.969767576239348950e-01 1.000987599664906469e+00
9.969354208872910350e-01 1.000998946595339056e+00
9.968971393558894167e-01 1.001009584977467615e+00
9.968560904543547485e-01 1.001020672853784044e+00
9.968162488980353286e-01 1.001030663491300210e+00
9.967728520347615140e-01 1.001040961720703226e+00
9.967332985866560469e-01 1.001050437273661498e+00
9.966916179129182707e-01 1.001060610798327088e+00
9.966539733425994196e-01 1.001070434910122708e+00
9.966134577839019792e-01 1.001080898844177725e+00
9.965749129814612806e-01 1.001090589348675897e+00
9.965330611028289098e-01 1.001100304880266023e+00
9.964945444157633503e-01 1.001109298298190842e+00
9.964546166426205831e-01 1.001119439044866777e+00
9.964192068280139924e-01 1.001129582352766834e+00
9.963809180225909889e-01 1.001139835463810357e+00
9.963448139175934415e-01 1.001149152315349955e+00
9.963064069103910736e-01 1.001158986914740812e+00
9.962702168481587517e-01 1.001168063008970099e+00
9.962311760673072669e-01 1.001177247962921957e+00
9.961942736281337307e-01 1.001185581517996415e+00
9.961556999245922972e-01 1.001194649408049475e+00
9.961214556941342391e-01 1.001203772160508043e+00
9.960848499859865646e-01 1.001213178188964381e+00
9.960514821933762475e-01 1.001222427745632970e+00
9.960150750689392707e-01 1.001231724476557394e+00
9.959811826928107736e-01 1.001239903203664516e+00
9.959445551341445935e-01 1.001249112200126579e+00
9.959095049042733239e-01 1.001256160933155837e+00
9.958760209813094511e-01 1.001262053872024937e+00
