# Columns: ustar Tstar(=Ttilde/Tinf) | Case=jet_M16_T75 | x*=20.00
0.000000000000000000e+00 1.082366411517261318e+00
1.691957396582953466e-02 1.082335591524146823e+00
5.082013730541949659e-02 1.082069799380045216e+00
8.471061109963348712e-02 1.081544039506795452e+00
1.183746510182656642e-01 1.080768894523566503e+00
1.514952408362492953e-01 1.079764605046858339e+00
1.837140661563888833e-01 1.078561761131050956e+00
2.146948563222123019e-01 1.077198355517332562e+00
2.441669104188946837e-01 1.075715448021795861e+00
2.719460220707942688e-01 1.074153052558430854e+00
2.979354980108406825e-01 1.072547063861762684e+00
3.221152360630300526e-01 1.070927631230741639e+00
3.445240612301155303e-01 1.069318778710517837e+00
3.652418455572996603e-01 1.067738610954759748e+00
3.843737422395227532e-01 1.066200104625205425e+00
4.020367147423149490e-01 1.064712192334205554e+00
4.183517671677809968e-01 1.063280637596467182e+00
4.334366893556990674e-01 1.061908712088470264e+00
4.474035811089183690e-01 1.060598039431323247e+00
4.603559582803390948e-01 1.059348835544200229e+00
4.723890338011115797e-01 1.058160418971927808e+00
4.835879009926514205e-01 1.057031261959040291e+00
4.940307102039561138e-01 1.055959245238232924e+00
5.037862392701056846e-01 1.054941667140795403e+00
5.129174279323247543e-01 1.053975689418284567e+00
5.214802540780635320e-01 1.053058098171506529e+00
5.295282418049959139e-01 1.052185860439297738e+00
5.371099531974429242e-01 1.051355632638639515e+00
5.442725728637268778e-01 1.050564607802763062e+00
5.510559802830753418e-01 1.049810020196934035e+00
5.574984879578825936e-01 1.049089374528545893e+00
5.636328528698847373e-01 1.048399861252423459e+00
5.694925452222185935e-01 1.047738933456078936e+00
5.751044462313029682e-01 1.047103641106448935e+00
5.804977331514858951e-01 1.046491296825850847e+00
5.856923461871290648e-01 1.045899517413366953e+00
5.907085717709524841e-01 1.045326540587424580e+00
5.955593846827920146e-01 1.044770786015157160e+00
6.002632929086046953e-01 1.044230835880068042e+00
6.048322682344919876e-01 1.043704614468030645e+00
6.092864565427803525e-01 1.043190274165418652e+00
6.136362739148137901e-01 1.042685914241647360e+00
6.178981003895320789e-01 1.042190639103931282e+00
6.220768552614049929e-01 1.041703191937497719e+00
6.261823454535634381e-01 1.041222713776244202e+00
6.302086153810129154e-01 1.040748604466884553e+00
6.341571820824167816e-01 1.040282981800442874e+00
6.380273335115173028e-01 1.039826847963128076e+00
6.418460189401115068e-01 1.039380276831815442e+00
6.456324435993701094e-01 1.038940709786133842e+00
6.494144924069901181e-01 1.038506543725695064e+00
6.531957985995696658e-01 1.038074315010630855e+00
6.569823573214288448e-01 1.037640288073606865e+00
6.607559424722163621e-01 1.037202137755226516e+00
6.645221345185526873e-01 1.036761750866972420e+00
6.682754713037177829e-01 1.036321092324758775e+00
6.720250837808761091e-01 1.035883479485259384e+00
6.757888929036831582e-01 1.035443887914789363e+00
6.796037772720548986e-01 1.034996352969216105e+00
6.834720796154362121e-01 1.034538547087109572e+00
6.873791764645519331e-01 1.034077152931516252e+00
6.913128909771635300e-01 1.033616039052356994e+00
6.952908644096171820e-01 1.033155274833936765e+00
6.992831676471498170e-01 1.032698907241670350e+00
7.033132076502779384e-01 1.032248508046081481e+00
7.074062952771684731e-01 1.031797706176553087e+00
7.115742317990436661e-01 1.031335215003292838e+00
7.157678103388176449e-01 1.030863900528994570e+00
7.200146046560781388e-01 1.030371561634033650e+00
7.243374363390514548e-01 1.029860738000084153e+00
7.287875293402288346e-01 1.029340141578490186e+00
7.332940894200157267e-01 1.028820165281062682e+00
7.378539711759853903e-01 1.028278433630314348e+00
7.425240323275068555e-01 1.027705102526696113e+00
7.473173177893694952e-01 1.027106440337269389e+00
7.521998233253297528e-01 1.026495397886173722e+00
7.571165468794591735e-01 1.025886228611557094e+00
7.621029204456057915e-01 1.025263546457745978e+00
7.671704968087803556e-01 1.024609538640866013e+00
7.722343700714634496e-01 1.023931266708750565e+00
7.773723729288327666e-01 1.023222980880261090e+00
7.825264915749313710e-01 1.022495942878137498e+00
7.877116734451028446e-01 1.021747897657284909e+00
7.929757612684996682e-01 1.020987629983381106e+00
7.982970754342773034e-01 1.020174449362608815e+00
8.036630598806548953e-01 1.019341344076743150e+00
8.090745454836146822e-01 1.018494083804595274e+00
8.144394593880207589e-01 1.017637886816961990e+00
8.197174121350977449e-01 1.016724804365108925e+00
8.249327981467101667e-01 1.015795667446996342e+00
8.302192106003800642e-01 1.014885366008892564e+00
8.354867459220178816e-01 1.013921337234927167e+00
8.407246982379628086e-01 1.012936957157018814e+00
8.458851856003457570e-01 1.011944304491188662e+00
8.509160665626972486e-01 1.010885448086005001e+00
8.556899694428559133e-01 1.009858008803522722e+00
8.605015931393443784e-01 1.008795987058223265e+00
8.654018516734769406e-01 1.007743430848649924e+00
8.704740907410717377e-01 1.006666689324481778e+00
8.753887568637168659e-01 1.005536196635407498e+00
8.802138547711896299e-01 1.004444036004142005e+00
8.849492454027237942e-01 1.003365064876113211e+00
8.897655255600611657e-01 1.002267287535820950e+00
8.943981415816166791e-01 1.001142690568657789e+00
8.986642873878163407e-01 1.000035391851278765e+00
9.026530472567061425e-01 9.988671168370332198e-01
9.067252974430943802e-01 9.977418238585891164e-01
9.102756370667792751e-01 9.966721800512201579e-01
9.131832581513602554e-01 9.957050384658453490e-01
9.160352650832794819e-01 9.948351106910184871e-01
9.184836853664962719e-01 9.940328354583108927e-01
9.204291299038064311e-01 9.934407346628194579e-01
9.226515680513583950e-01 9.929644379509405816e-01
9.251007230690004857e-01 9.926982547055210881e-01
9.274778800281315849e-01 9.925521674709005815e-01
9.301317905831407717e-01 9.925240054183704919e-01
9.332787884537488976e-01 9.925158308667265672e-01
9.367749791656210245e-01 9.926525826449819068e-01
9.410893490710434683e-01 9.928806523456591426e-01
9.464609659319472845e-01 9.932439014782106224e-01
9.522709274843528249e-01 9.935861819029384590e-01
9.584055849386026171e-01 9.940282855400316420e-01
9.648134905088344704e-01 9.945239105802838875e-01
9.712149878051596907e-01 9.951430544918198340e-01
9.769609638019266518e-01 9.957446624167024529e-01
9.822570556725723767e-01 9.964311126735919677e-01
9.865241274169809227e-01 9.970864141122228741e-01
9.902426668046921954e-01 9.977832519644386222e-01
9.932009417593929967e-01 9.983797798952815938e-01
9.952181429073891916e-01 9.989923868270990104e-01
9.966078721039461907e-01 9.994898489994155089e-01
9.975416531697637312e-01 9.998415566755977091e-01
9.980684929284135976e-01 1.000093645153848465e+00
9.983641022453203506e-01 1.000249656824605315e+00
9.985622318627833671e-01 1.000362109488437179e+00
9.986728116778617048e-01 1.000454966065122075e+00
9.987302587409876420e-01 1.000510470260566276e+00
9.987577734270907115e-01 1.000542578115879655e+00
9.987717830538264119e-01 1.000557659104995389e+00
9.987753275160539124e-01 1.000563574968123870e+00
9.987814073755469924e-01 1.000564237790694921e+00
9.987821933726777068e-01 1.000565646248139151e+00
9.987864623490103622e-01 1.000565118083815319e+00
9.987886828673638862e-01 1.000566928865817884e+00
9.987937865598585097e-01 1.000566815879575966e+00
9.987961252819445024e-01 1.000567563630905044e+00
9.988014149525437091e-01 1.000567728907339582e+00
9.988033414149051215e-01 1.000568891510618563e+00
9.988067328844829618e-01 1.000568209712092260e+00
9.988070809762235047e-01 1.000568969444272760e+00
9.988093960818302808e-01 1.000568375593814618e+00
9.988089550930835392e-01 1.000568003490100333e+00
9.988101992069712276e-01 1.000568073010311476e+00
9.988109245830359972e-01 1.000568962931859707e+00
9.988126513334906198e-01 1.000568173555548945e+00
9.988136321743418256e-01 1.000569661804279420e+00
9.988166604736754550e-01 1.000570836685378717e+00
9.988150400632552772e-01 1.000571320502878114e+00
9.988170914501868225e-01 1.000571579006911627e+00
9.988124245780016786e-01 1.000571005098395583e+00
9.988131660271569734e-01 1.000571878241873991e+00
9.988079954634190294e-01 1.000571417965163024e+00
9.988091469470846695e-01 1.000572169329353889e+00
9.988045993167119496e-01 1.000572352497160589e+00
9.988040838909805208e-01 1.000573094593147472e+00
9.987991578013102334e-01 1.000573223074524343e+00
9.987973279813278094e-01 1.000573101801833120e+00
9.987939442189475159e-01 1.000574554682898132e+00
9.987919487463235990e-01 1.000575004757723319e+00
9.987902027977492159e-01 1.000576831253185528e+00
9.987882455624095268e-01 1.000577970648879989e+00
9.987839602884081014e-01 1.000579383623727558e+00
9.987798833440807433e-01 1.000579204310988901e+00
9.987731866943955206e-01 1.000579758595200541e+00
9.987689023575037073e-01 1.000579732995634963e+00
9.987637319302170580e-01 1.000580942072639479e+00
9.987619336232542722e-01 1.000583158851207743e+00
9.987593114794250937e-01 1.000585798866580944e+00
9.987561345239436283e-01 1.000586953491366060e+00
9.987516424051311459e-01 1.000588903193584400e+00
9.987462876388777389e-01 1.000588916599730149e+00
9.987396322560664341e-01 1.000590746042589352e+00
9.987343454222149530e-01 1.000591763733236217e+00
9.987271984466423724e-01 1.000592843177944502e+00
9.987221751904414857e-01 1.000594595827914102e+00
9.987142645704676358e-01 1.000595879229144503e+00
9.987090605740801541e-01 1.000596636902043146e+00
9.987011675431023416e-01 1.000598785082250641e+00
9.986951231432604770e-01 1.000600126391548050e+00
9.986868942327582488e-01 1.000601691245307734e+00
9.986810786568312004e-01 1.000603012458822771e+00
9.986721572137556846e-01 1.000604397897956632e+00
9.986663847587217147e-01 1.000606119140250660e+00
9.986577691046630845e-01 1.000607766154627098e+00
9.986529073671843726e-01 1.000609492189413752e+00
9.986453650664635084e-01 1.000612026154220180e+00
9.986397258953337852e-01 1.000614285349876065e+00
9.986313710288858836e-01 1.000616091574385580e+00
9.986235580338695961e-01 1.000616831069255586e+00
9.986146441973573484e-01 1.000619565709769176e+00
9.986070959949082670e-01 1.000620884287670043e+00
9.985969693231135924e-01 1.000622171483176892e+00
9.985885512687976417e-01 1.000623266961487401e+00
9.985789728788773134e-01 1.000625193424793613e+00
9.985731357052590740e-01 1.000628081476965692e+00
9.985642877246215798e-01 1.000630484736017234e+00
9.985570462319620644e-01 1.000631784679233638e+00
9.985472036074792834e-01 1.000634161680583833e+00
9.985391483910488475e-01 1.000635584836130576e+00
9.985283332152352642e-01 1.000637524374225151e+00
9.985197873654357847e-01 1.000639218373157835e+00
9.985089754500736658e-01 1.000641054423538456e+00
9.985005886058061497e-01 1.000642230056443038e+00
9.984903205875168553e-01 1.000644507108024550e+00
9.984824100782122569e-01 1.000646522642383296e+00
9.984724425083039145e-01 1.000648939374607638e+00
9.984638471092099898e-01 1.000650202727412896e+00
9.984530271585906336e-01 1.000652169794549629e+00
9.984443193519397797e-01 1.000653745704158659e+00
9.984331770138171747e-01 1.000656145895223226e+00
9.984243777964671995e-01 1.000657568167771405e+00
9.984135962735745107e-01 1.000659645371418494e+00
9.984061004956019669e-01 1.000661908360765295e+00
9.983957951052813140e-01 1.000664359784389834e+00
9.983879137232156697e-01 1.000666327533098032e+00
9.983763987652983785e-01 1.000668494435246636e+00
9.983669291307337712e-01 1.000669334204274286e+00
9.983557838005989726e-01 1.000672092068579877e+00
9.983473224003007740e-01 1.000674026885483903e+00
9.983357979901704704e-01 1.000676090181833677e+00
9.983256754369229657e-01 1.000677074776305187e+00
9.983139107762255549e-01 1.000678870890060690e+00
9.983049144867863767e-01 1.000680748613713922e+00
9.982937886396866523e-01 1.000683388250328321e+00
9.982838037054421187e-01 1.000684426355459955e+00
9.982733239909640233e-01 1.000687243127674320e+00
9.982646273186491781e-01 1.000688884189115280e+00
9.982534621562515476e-01 1.000691215184932981e+00
9.982439891186662972e-01 1.000692986324893896e+00
9.982325080805537487e-01 1.000695157603454399e+00
9.982248875939351285e-01 1.000697425315106637e+00
9.982138892434068156e-01 1.000699387696767584e+00
9.982044865108705700e-01 1.000700735040905842e+00
9.981928748781118133e-01 1.000702976058917226e+00
9.981817536503847510e-01 1.000703841983996201e+00
9.981702172838663456e-01 1.000705814187581533e+00
9.981598329410584780e-01 1.000706642929066970e+00
9.981494132233553751e-01 1.000709311057449868e+00
9.981400228032784039e-01 1.000710805329758202e+00
9.981288107103447604e-01 1.000712579213846043e+00
9.981187806735368762e-01 1.000713870240578673e+00
9.981068995949592404e-01 1.000715393638525574e+00
9.980976644485826110e-01 1.000717138233584214e+00
9.980861474214423046e-01 1.000719039706551072e+00
9.980752791902892662e-01 1.000720424097174321e+00
9.980662154597006452e-01 1.000721196552231573e+00
9.980514251221069832e-01 1.000720620446584386e+00
