# Columns: ustar Tstar(=Ttilde/Tinf) | Case=jet_M08_T05 | x*=5.00
0.000000000000000000e+00 9.979841817373150681e-01
1.640576272392001503e-02 9.979666835950893322e-01
4.953129348492038564e-02 9.976467908995065859e-01
8.272248933716290498e-02 9.970462592322938411e-01
1.154400875206220700e-01 9.962169450658207026e-01
1.471304513726042207e-01 9.952224428505259679e-01
1.773714547182218271e-01 9.941244802771469491e-01
2.059116089449315457e-01 9.929710726912203134e-01
2.326385829166764396e-01 9.917950239343344965e-01
2.575385791365756294e-01 9.906175212150168941e-01
2.806589011606807071e-01 9.894529054588078187e-01
3.020873660717113274e-01 9.883117402352753489e-01
3.219314462567601232e-01 9.872030748169825509e-01
3.403102849257704232e-01 9.861332516113895386e-01
3.573434211168808328e-01 9.851063291419676071e-01
3.731474481983184655e-01 9.841248344288797689e-01
3.878313957193126327e-01 9.831882266880792587e-01
4.014955689040172748e-01 9.822941239227621635e-01
4.142305010181771552e-01 9.814398481623382020e-01
4.261212723237123856e-01 9.806253664110997637e-01
4.372431094085425518e-01 9.798513464724515343e-01
4.476656361235362702e-01 9.791180103395742407e-01
4.574520036420571256e-01 9.784246647534057262e-01
4.666592945514702606e-01 9.777692809680480490e-01
4.753391507981978847e-01 9.771466451667414344e-01
4.835375173698376883e-01 9.765547014949558235e-01
4.912956939918729504e-01 9.759913060631937309e-01
4.986510683325885429e-01 9.754563832761564690e-01
5.056365017949637775e-01 9.749447048297165130e-01
5.122780499888348604e-01 9.744527463007083279e-01
5.185975085959041442e-01 9.739765179357831038e-01
5.246175970550867040e-01 9.735111372566669363e-01
5.303655374003151124e-01 9.730590218156879301e-01
5.358645706390970931e-01 9.726235362287314334e-01
5.411288140292372928e-01 9.721993616979497377e-01
5.461644478690975690e-01 9.717783098590484503e-01
5.509790644977964336e-01 9.713586652579266900e-01
5.555869051327021468e-01 9.709482600525665141e-01
5.600058833829270055e-01 9.705469404035063086e-01
5.642430608384794155e-01 9.701510487562476914e-01
5.683049267273302396e-01 9.697593265777443294e-01
5.721949397364743950e-01 9.693780477198158385e-01
5.759236122540835057e-01 9.690059550788525655e-01
5.794962117345496821e-01 9.686392247186448312e-01
5.829290318707551766e-01 9.682721040135519042e-01
5.862380965694207191e-01 9.678820522474855803e-01
5.894435141838922920e-01 9.674723400919942318e-01
5.925457616834244323e-01 9.670680623095397888e-01
5.955511685598519067e-01 9.666739296807430604e-01
5.984536379831970621e-01 9.662760905469598427e-01
6.012454637099112764e-01 9.658783159705067733e-01
6.039493030004069452e-01 9.655112199559661157e-01
6.065923166078474038e-01 9.651701538863427521e-01
6.091510083376225904e-01 9.648286030710430117e-01
6.116248720185601950e-01 9.644786671368558162e-01
6.140133225722854693e-01 9.641149876148873421e-01
6.162978867239594649e-01 9.637374880600962923e-01
6.185105801037436013e-01 9.633442984923694663e-01
6.206951963869504763e-01 9.629687683892405037e-01
6.228768568481151124e-01 9.626538533051924862e-01
6.250591789690735922e-01 9.623941997483586031e-01
6.272734292006154622e-01 9.621308881785868294e-01
6.295158981193399450e-01 9.618608253983288447e-01
6.317379543242640505e-01 9.615246580559729805e-01
6.339767492752874656e-01 9.612023752288312295e-01
6.363046930427677106e-01 9.609305860887967787e-01
6.386938676065592180e-01 9.606146340183667753e-01
6.411213086356873925e-01 9.602569974891573823e-01
6.436170979925373015e-01 9.599534558469690060e-01
6.462192977610908828e-01 9.596980152990086665e-01
6.489086408437344522e-01 9.594317100935265685e-01
6.517818723283523852e-01 9.591420721146109996e-01
6.549224791107550736e-01 9.588863224461432466e-01
6.583183890403355720e-01 9.586219139427347713e-01
6.619869413996648522e-01 9.584466725657879715e-01
6.659539983412047226e-01 9.582666098889129902e-01
6.701853394605925551e-01 9.581961758835151333e-01
6.747023534915429499e-01 9.582493275667064436e-01
6.795889257330326449e-01 9.583050659521786807e-01
6.848986826495547797e-01 9.583941070192779632e-01
6.907564282433832359e-01 9.585181864644352068e-01
6.972702749350492279e-01 9.587445963314785713e-01
7.044772297015415852e-01 9.590454204030984808e-01
7.119464410039781921e-01 9.594796046113250876e-01
7.198765006153520218e-01 9.600060146000557459e-01
7.283360789484620845e-01 9.604045692422013003e-01
7.374951362477651928e-01 9.611462613336341221e-01
7.474715381527062830e-01 9.619638033254883647e-01
7.582549306554672297e-01 9.630221154825380214e-01
7.698352000927081162e-01 9.643940796861280029e-01
7.821754330113528386e-01 9.660162953610136327e-01
7.950938440044308386e-01 9.678026333857588925e-01
8.087153835346794217e-01 9.700888367926235878e-01
8.230531647574867993e-01 9.726628970734013668e-01
8.379902174768268930e-01 9.753528240525258797e-01
8.534166771495270698e-01 9.782481768914803588e-01
8.690824449336487234e-01 9.815080374970215349e-01
8.847601867491057259e-01 9.851811109128855160e-01
9.003643615913544673e-01 9.890664423266977145e-01
9.154846815732405885e-01 9.927314573233706474e-01
9.296989073420797167e-01 9.962836813652393708e-01
9.428559419672131181e-01 9.993512280935041847e-01
9.549525283208023518e-01 1.001849648572449958e+00
9.656578404481401812e-01 1.003383898804366625e+00
9.749641222667285723e-01 1.004010123738048987e+00
9.832704950682460421e-01 1.004120393504325470e+00
9.905518216822906119e-01 1.003508357255726624e+00
9.968421820228026142e-01 1.002375470718950723e+00
1.002122732970379015e+00 1.001136416717122612e+00
1.006298489094596516e+00 9.999739848887589933e-01
1.009269797243593558e+00 9.989280801612184790e-01
1.011140129702048140e+00 9.981235357217691506e-01
1.012183594065044989e+00 9.975869839434191588e-01
1.012652219363484152e+00 9.972660788099361184e-01
1.012746359735465340e+00 9.971043799452705692e-01
1.012658691751786355e+00 9.970376802375546799e-01
1.012489675154967905e+00 9.970322572806351591e-01
1.012294810787776278e+00 9.970634140409971868e-01
1.012076573659725476e+00 9.971106577451978037e-01
1.011849189799045590e+00 9.971659291829884086e-01
1.011607292677810133e+00 9.972256093695653911e-01
1.011366513824168978e+00 9.972862678076528375e-01
1.011118328013872247e+00 9.973491614593753551e-01
1.010870386920235120e+00 9.974125803808669977e-01
1.010615681293952406e+00 9.974779757182986595e-01
1.010363618128227836e+00 9.975421581261320059e-01
1.010107456918664326e+00 9.976079670563103852e-01
1.009854603114180405e+00 9.976723198259771497e-01
1.009599833796391177e+00 9.977381148787717313e-01
1.009348860172739171e+00 9.978018579153874468e-01
1.009095869337116369e+00 9.978663887409910949e-01
1.008847752909505235e+00 9.979291532662577513e-01
1.008598534611615749e+00 9.979922537883628708e-01
1.008355830288057975e+00 9.980537974842198512e-01
1.008113282485063156e+00 9.981158673821440841e-01
1.007877498712035358e+00 9.981764545894612484e-01
1.007641174299459763e+00 9.982371082230561132e-01
1.007412032025793769e+00 9.982961866632104053e-01
1.007182976076951952e+00 9.983552859606489305e-01
1.006960880531317493e+00 9.984131634028144964e-01
1.006737572836948091e+00 9.984709864488182651e-01
1.006521486377033758e+00 9.985268751765438155e-01
1.006305021352000617e+00 9.985823626558731902e-01
1.006095667682799899e+00 9.986364565790094572e-01
1.005885949675688007e+00 9.986908342593560084e-01
1.005683361544017940e+00 9.987436667884183050e-01
1.005480306568066418e+00 9.987962283185923829e-01
1.005283457751526832e+00 9.988462329198979361e-01
1.005087147626606781e+00 9.988968386677066214e-01
1.004897624111381393e+00 9.989457776374169873e-01
1.004706845590055631e+00 9.989954452562028742e-01
1.004522940595204750e+00 9.990431749380690452e-01
1.004338500054471561e+00 9.990897029762714210e-01
1.004160182846912441e+00 9.991354079594897408e-01
1.003981750131258677e+00 9.991813117310628378e-01
1.003811067173173477e+00 9.992260510926996853e-01
1.003639759594816772e+00 9.992708083917924977e-01
1.003475161818575545e+00 9.993131125535340553e-01
1.003310074572562938e+00 9.993567440718768013e-01
1.003151383462633106e+00 9.993987537196645787e-01
1.002991342058378921e+00 9.994402602559401272e-01
1.002836852410568191e+00 9.994796941689788605e-01
1.002681471785313416e+00 9.995192663070550099e-01
1.002532057090709472e+00 9.995575994045308166e-01
1.002381428143171993e+00 9.995960762488019791e-01
1.002238065062293293e+00 9.996330319449868718e-01
1.002094754475856497e+00 9.996706804066453067e-01
1.001956882632412782e+00 9.997068499163389577e-01
1.001817362630265551e+00 9.997428895850390962e-01
1.001683570874245532e+00 9.997771120907974485e-01
1.001548851381779182e+00 9.998117019693718577e-01
1.001419459898477582e+00 9.998451582826974882e-01
1.001288598687782638e+00 9.998787002657659739e-01
1.001163114673654375e+00 9.999107020405556545e-01
1.001036182576928502e+00 9.999427622195994347e-01
1.000915163082442438e+00 9.999738142777585548e-01
1.000793484651097964e+00 1.000005514682218877e+00
1.000677654902538460e+00 1.000035720827766150e+00
1.000560521338717201e+00 1.000066183633432138e+00
1.000448420987465115e+00 1.000095307044515325e+00
1.000335513119994912e+00 1.000125397523758508e+00
1.000227717407476513e+00 1.000154051472229799e+00
1.000117732793785796e+00 1.000182691239274613e+00
1.000012089492366751e+00 1.000209813333904352e+00
9.999042003390102851e-01 1.000237113279948131e+00
9.998009865150200293e-01 1.000263184414918793e+00
9.996959953101135499e-01 1.000289523731208163e+00
9.995961213504035436e-01 1.000314804560620274e+00
9.994952620829021805e-01 1.000340783882096574e+00
9.993997397536454885e-01 1.000365719204049597e+00
9.993030083194958113e-01 1.000391292328736359e+00
9.992108384654376785e-01 1.000415590938540822e+00
9.991164565072480075e-01 1.000439798472679387e+00
9.990261343704128771e-01 1.000463122580830921e+00
9.989338724132235114e-01 1.000486707630064087e+00
9.988455278594682296e-01 1.000509126064918819e+00
9.987558317938811658e-01 1.000531995766328119e+00
9.986702002943017575e-01 1.000553732354065639e+00
9.985829031941583223e-01 1.000575997646273141e+00
9.984997919396443322e-01 1.000597015513069010e+00
9.984159333163805661e-01 1.000618878848676285e+00
9.983379663065571341e-01 1.000640211821449688e+00
9.982577592735606409e-01 1.000662088900359237e+00
9.981799507643078773e-01 1.000682331575881046e+00
9.980982615556026616e-01 1.000702501437988445e+00
9.980203190389582701e-01 1.000721332703002897e+00
9.979405965640577580e-01 1.000740624793758471e+00
9.978659310852310282e-01 1.000759329307145062e+00
9.977898386691531618e-01 1.000779145949568294e+00
9.977183470638042451e-01 1.000798175355426700e+00
9.976444138589485311e-01 1.000817497216372365e+00
9.975744335583381917e-01 1.000835786436595098e+00
9.975024844311368710e-01 1.000854879927003172e+00
9.974342710146550939e-01 1.000872957006230246e+00
9.973627814793658564e-01 1.000891079899280722e+00
9.972936363763849066e-01 1.000907634818677172e+00
9.972220399166767946e-01 1.000924763152470476e+00
9.971560210262958579e-01 1.000941625061949614e+00
9.970898277328296144e-01 1.000959896425000828e+00
9.970272599417800974e-01 1.000977340164606044e+00
9.969602118675277014e-01 1.000994539567225283e+00
9.968946876393329770e-01 1.001010004285081134e+00
9.968277944291945580e-01 1.001026264590854087e+00
9.967653792802941837e-01 1.001042102817652379e+00
9.967018858660545710e-01 1.001058916018247036e+00
9.966410991558440902e-01 1.001074568217050098e+00
9.965780729477844435e-01 1.001090635538643303e+00
9.965187638973961315e-01 1.001106212957983521e+00
9.964568360598957675e-01 1.001121892126522361e+00
9.963981883401210604e-01 1.001137176687990848e+00
9.963371940383263237e-01 1.001152929967450866e+00
9.962794783648759589e-01 1.001167799542542980e+00
9.962207644553127128e-01 1.001183477676516054e+00
9.961638253961524470e-01 1.001197763954835285e+00
9.961043197631200830e-01 1.001212390626347926e+00
9.960473697572669316e-01 1.001226507547448241e+00
9.959882136259643470e-01 1.001241036993009592e+00
9.959330290792686169e-01 1.001255140794879095e+00
9.958752707811124871e-01 1.001269352145290004e+00
9.958206919094036991e-01 1.001283028370427486e+00
9.957651134167270213e-01 1.001297841207540618e+00
9.957126267234257533e-01 1.001312161023999225e+00
9.956582147466351840e-01 1.001326727526633098e+00
9.956059733684093915e-01 1.001340473908002293e+00
9.955501341709084295e-01 1.001354204386210700e+00
9.954966921795951329e-01 1.001367191061566020e+00
9.954417583274206560e-01 1.001380745222544499e+00
9.953896206980186179e-01 1.001393990939578371e+00
9.953357343558715264e-01 1.001407604032025889e+00
9.952839665993123974e-01 1.001420725985051607e+00
9.952300391429137472e-01 1.001433869278219424e+00
9.951805086366242170e-01 1.001447423510095636e+00
9.951268966245830905e-01 1.001460693873531760e+00
9.950760606540179909e-01 1.001472850388161584e+00
9.950237289294163734e-01 1.001486867538259329e+00
9.949733473943670470e-01 1.001498885356258750e+00
9.949289959330092081e-01 1.001508953126000856e+00
