# Columns: ustar Tstar(=Ttilde/Tinf) | Case=jet_M08_T75 | x*=5.00
0.000000000000000000e+00 1.050000127794113780e+00
1.484850179637657933e-02 1.049978748867689049e+00
4.522122066043321453e-02 1.049642811135210074e+00
7.617959569814888865e-02 1.049009085665759455e+00
1.073028769124339254e-01 1.048122286031023975e+00
1.381209366203768885e-01 1.047032729805443818e+00
1.682284327338855745e-01 1.045789341916595117e+00
1.973266509465787522e-01 1.044432827426181598e+00
2.252200714195014553e-01 1.042996649357785133e+00
2.517981327720879015e-01 1.041506156115469039e+00
2.770133568582068273e-01 1.039982110117869452e+00
3.008655425895547797e-01 1.038438990794717798e+00
3.233851275443333506e-01 1.036888314275046241e+00
3.446217792398361124e-01 1.035337038643445728e+00
3.646349419572909034e-01 1.033792821172242693e+00
3.834889714847944941e-01 1.032261311602876930e+00
4.012513582079003105e-01 1.030749498609950354e+00
4.179880672853166224e-01 1.029262321913926748e+00
4.337625095681688636e-01 1.027806078391510169e+00
4.486304550134430635e-01 1.026384380215187075e+00
4.626474503798040927e-01 1.025001343152263322e+00
4.758624863903046509e-01 1.023659690301271796e+00
4.883242241487652513e-01 1.022363349213035510e+00
5.000774168738971737e-01 1.021113783526941710e+00
5.111718754823876276e-01 1.019911992991431537e+00
5.216533364262059269e-01 1.018755837327023350e+00
5.315728783748994157e-01 1.017643565289242602e+00
5.409700657822850145e-01 1.016572227711554088e+00
5.498805663922412545e-01 1.015541948893680324e+00
5.583202252971203317e-01 1.014551205775319875e+00
5.663106156188014717e-01 1.013601661623085848e+00
5.738651996696021440e-01 1.012693676766329709e+00
5.810151901059300572e-01 1.011827481466359480e+00
5.877863925362856179e-01 1.010999259497389557e+00
5.942077585591704070e-01 1.010203820892253246e+00
6.002920508784810316e-01 1.009432466796084116e+00
6.060658280581660007e-01 1.008683321551500756e+00
6.115420230114989586e-01 1.007960131127495940e+00
6.167387286424963477e-01 1.007270592905263884e+00
6.216702506661122563e-01 1.006611773918254960e+00
6.263610426422366873e-01 1.005975191173223093e+00
6.308130312230121328e-01 1.005354039013007572e+00
6.350319276053227879e-01 1.004753207223439526e+00
6.390296402259441066e-01 1.004173958868866512e+00
6.428270922955436895e-01 1.003620841324626589e+00
6.464339040492483868e-01 1.003087318462213107e+00
6.498411433882271826e-01 1.002562529904541089e+00
6.530225212277160907e-01 1.002042697584309305e+00
6.559784020021922624e-01 1.001528131783147924e+00
6.587209714620120282e-01 1.001011234448241582e+00
6.612585346090419369e-01 1.000493196094913939e+00
6.635967042875020594e-01 9.999639559254155374e-01
6.657494028140565900e-01 9.994259022806557535e-01
6.676909868884002286e-01 9.988830070860710286e-01
6.694334492090522337e-01 9.983384794643959115e-01
6.709703296734531586e-01 9.977933975626964713e-01
6.723249986022519220e-01 9.972671306463587459e-01
6.735073716303895397e-01 9.967615674487989574e-01
6.745692553155026028e-01 9.962685334973367945e-01
6.754899867003991698e-01 9.957716909264298089e-01
6.762672791519073190e-01 9.952700723672248673e-01
6.769884093321241192e-01 9.947333091689182227e-01
6.776571053266593481e-01 9.941783959769021628e-01
6.782825055644312595e-01 9.936122217087035580e-01
6.788407593043410682e-01 9.930519723743422844e-01
6.792610723107008752e-01 9.925036676589454876e-01
6.796381592239301161e-01 9.919561721759148076e-01
6.800245874794613732e-01 9.914255936217682974e-01
6.804236958104412647e-01 9.908728667650125166e-01
6.808486320181881268e-01 9.902546986327858125e-01
6.812714100828638486e-01 9.896479267341681263e-01
6.817199215356611885e-01 9.890671726300457323e-01
6.821527554391564330e-01 9.884673498632545741e-01
6.826321299145210464e-01 9.878354371438932136e-01
6.831272834890061985e-01 9.871869145096563436e-01
6.835290542975801520e-01 9.865367234600606050e-01
6.839669395636058802e-01 9.858644119193278321e-01
6.844850415194025928e-01 9.851557756117684805e-01
6.850951221032214322e-01 9.844262115236697142e-01
6.858160158237011084e-01 9.836562306036268355e-01
6.866136043878382500e-01 9.828810112958225043e-01
6.874239089586791085e-01 9.820120192008063853e-01
6.883241213934034874e-01 9.811015412827910342e-01
6.894423632227647536e-01 9.801836579206489874e-01
6.906371131100287331e-01 9.792887627810062945e-01
6.921116654026776560e-01 9.784382989351384508e-01
6.941688155113693304e-01 9.774994455672798566e-01
6.968104501150179653e-01 9.765270384972134510e-01
7.000115781039790708e-01 9.755498095726076180e-01
7.037427466480574711e-01 9.745801631262831499e-01
7.078795272662046223e-01 9.736902112993017777e-01
7.125023643328221024e-01 9.727845150082222725e-01
7.178507839138409397e-01 9.718769825078319435e-01
7.239251727752433752e-01 9.709176035691606810e-01
7.309951500591085338e-01 9.698108992381623272e-01
7.394499160008556338e-01 9.686970137097147271e-01
7.494946961532731322e-01 9.676913627749200719e-01
7.608621857895380147e-01 9.667943116100496947e-01
7.736153983329141504e-01 9.658808630307423870e-01
7.876526035680863069e-01 9.650463823937667218e-01
8.033391574339400210e-01 9.645049711589132047e-01
8.208146354910229592e-01 9.641888733565936453e-01
8.398718072222510767e-01 9.641482929172949801e-01
8.598497235859964283e-01 9.644892917037657387e-01
8.804350867287841220e-01 9.651507065232624027e-01
9.016175936964139215e-01 9.662925876637862288e-01
9.227753022553430995e-01 9.677791059200725465e-01
9.434262546756736478e-01 9.699476259667901834e-01
9.627968000227747902e-01 9.722668646144549953e-01
9.807005252455893718e-01 9.750777062443155563e-01
9.963464656943786801e-01 9.779502842397180817e-01
1.009615372421627022e+00 9.810183288764391385e-01
1.020453747493701879e+00 9.835963313609155101e-01
1.028584994980423106e+00 9.858948456614340383e-01
1.034092310843936602e+00 9.873807358828557978e-01
1.037563275403676988e+00 9.883973119882029090e-01
1.039482012838785163e+00 9.891557680519612594e-01
1.040125841477048008e+00 9.895425044727019781e-01
1.039940788711199993e+00 9.897630924869921243e-01
1.039376472874127488e+00 9.899515255928782453e-01
1.038627657216081079e+00 9.901523329887508273e-01
1.037845290441242074e+00 9.903612448869267837e-01
1.037032890858837320e+00 9.905777295003271865e-01
1.036235709318695575e+00 9.907926292494023679e-01
1.035426948686633652e+00 9.910093758002206377e-01
1.034636796371122491e+00 9.912225509031746817e-01
1.033832854062386453e+00 9.914350369596943713e-01
1.033049990803711848e+00 9.916434377165789238e-01
1.032261060280145193e+00 9.918519589561877181e-01
1.031495703464829994e+00 9.920546986375523568e-01
1.030728004150193833e+00 9.922569111701484701e-01
1.029981984601251011e+00 9.924530779168092565e-01
1.029237310890431800e+00 9.926490386500110841e-01
1.028515238730334236e+00 9.928385632923107940e-01
1.027796257267415081e+00 9.930281300579403281e-01
1.027099202545432632e+00 9.932109451596254912e-01
1.026406166082143967e+00 9.933942486548724693e-01
1.025733785026407219e+00 9.935707721251103575e-01
1.025064866670028607e+00 9.937476463393989379e-01
1.024418497403490669e+00 9.939189715810571313e-01
1.023772503483184604e+00 9.940883857319586792e-01
1.023149093801027920e+00 9.942528317706136320e-01
1.022525505434373372e+00 9.944152687997450668e-01
1.021924167278266404e+00 9.945728217450309216e-01
1.021324378482970197e+00 9.947297168278861346e-01
1.020744604163229763e+00 9.948804546594515186e-01
1.020168045749972885e+00 9.950315688192272745e-01
1.019610360793407056e+00 9.951765384484312360e-01
1.019055144735212304e+00 9.953213010490468138e-01
1.018519573040102433e+00 9.954612218148217728e-01
1.017984643218627028e+00 9.956001087765835589e-01
1.017468105533618772e+00 9.957340403795209571e-01
1.016953392319874139e+00 9.958674306210917315e-01
1.016457811156292745e+00 9.959964021516733990e-01
1.015964036369172874e+00 9.961251127082895174e-01
1.015488353088900064e+00 9.962494722307934092e-01
1.015014549267075461e+00 9.963740345991084491e-01
1.014557458445494609e+00 9.964937105396650674e-01
1.014100197337586939e+00 9.966123932723345291e-01
1.013659321181039630e+00 9.967271088909188670e-01
1.013218436259733402e+00 9.968411075869920701e-01
1.012793841519894711e+00 9.969507125637732114e-01
1.012369895326095559e+00 9.970605870218602895e-01
1.011963122700378248e+00 9.971665729470584605e-01
1.011555955239805904e+00 9.972724359881115497e-01
1.011164591472148988e+00 9.973741939487739128e-01
1.010773046298954814e+00 9.974762675829184078e-01
1.010396431084715108e+00 9.975744222742497502e-01
1.010018334549674046e+00 9.976722496658665396e-01
1.009654941992597310e+00 9.977664933708170203e-01
1.009291021120801268e+00 9.978610910505343323e-01
1.008940481093915986e+00 9.979515521538614431e-01
1.008589057677499623e+00 9.980420965172761560e-01
1.008251163910966364e+00 9.981293237535406870e-01
1.007912135703464163e+00 9.982168529992205830e-01
1.007586890054766648e+00 9.983009012156950357e-01
1.007260299769556777e+00 9.983856757543830840e-01
1.006946744542005279e+00 9.984667012734016467e-01
1.006629802299129794e+00 9.985477066725644280e-01
1.006326315232794588e+00 9.986254945140461414e-01
1.006021032590214581e+00 9.987036875439128103e-01
1.005728117746736983e+00 9.987784170145440621e-01
1.005432211809772491e+00 9.988537693876862189e-01
1.005149922691118691e+00 9.989265947776042598e-01
1.004866586467985767e+00 9.990004200086348707e-01
1.004595122812932173e+00 9.990714317913651499e-01
1.004320923380147335e+00 9.991428443131501469e-01
1.004057566685601088e+00 9.992111087749675491e-01
1.003790665371790070e+00 9.992793299321287570e-01
1.003533432108254964e+00 9.993444487465250603e-01
1.003274340841526779e+00 9.994103196426502578e-01
1.003026565823798233e+00 9.994740037114349107e-01
1.002776108573975700e+00 9.995380123204768985e-01
1.002535376083411478e+00 9.995996234101965916e-01
1.002292319787058794e+00 9.996618553782504746e-01
1.002060083236103960e+00 9.997218236560323490e-01
1.001824898477301495e+00 9.997825844298046105e-01
1.001599708356059049e+00 9.998409003727288802e-01
1.001370738107625336e+00 9.998995866670007393e-01
1.001150692258056418e+00 9.999555807548713426e-01
1.000926716711107778e+00 1.000012082226378496e+00
1.000713627710904774e+00 1.000066541162943468e+00
1.000497054941932751e+00 1.000122152588500235e+00
1.000290045840053210e+00 1.000174882551639888e+00
1.000078488357076578e+00 1.000228415601364107e+00
9.998774740895773894e-01 1.000279992301835286e+00
9.996721007195851216e-01 1.000332555009846747e+00
9.994760796018190563e-01 1.000382328539352939e+00
9.992758606193617998e-01 1.000433247302706663e+00
9.990856379110119034e-01 1.000482277402034770e+00
9.988900594737256666e-01 1.000532090781744099e+00
9.987034340605150939e-01 1.000579182623301921e+00
9.985126376759408950e-01 1.000627628768994581e+00
9.983312803683650483e-01 1.000673961615671681e+00
9.981447713792155341e-01 1.000721143129229773e+00
9.979669361236513936e-01 1.000765789217734181e+00
9.977848782689661133e-01 1.000812179020453163e+00
9.976125367418127166e-01 1.000856473113873379e+00
9.974343715050938419e-01 1.000901707796959306e+00
9.972658304688126751e-01 1.000944615836535601e+00
9.970910568364268478e-01 1.000989112210917797e+00
9.969247590121765867e-01 1.001030726682829775e+00
9.967514048187866571e-01 1.001073566017253169e+00
9.965878984461871148e-01 1.001114396316574506e+00
9.964200903636303286e-01 1.001157183463780465e+00
9.962618806619363276e-01 1.001197897428195427e+00
9.960973530321304281e-01 1.001239809054506491e+00
9.959412659178888960e-01 1.001279249901648738e+00
9.957786937121748672e-01 1.001320012154479855e+00
9.956253505774691481e-01 1.001358775025385839e+00
9.954661226102706761e-01 1.001399268577813695e+00
9.953155854179183137e-01 1.001437268795584146e+00
9.951582289159704997e-01 1.001476719258833636e+00
9.950086208617610062e-01 1.001513525532153226e+00
9.948532338742135384e-01 1.001551901982990378e+00
9.947078651620770984e-01 1.001588774671469562e+00
9.945566365032951772e-01 1.001627340611106476e+00
9.944129008648399104e-01 1.001663558686395561e+00
9.942630630031490391e-01 1.001701105907722766e+00
9.941219793298530227e-01 1.001736919362542944e+00
9.939748577255659301e-01 1.001774318546275300e+00
9.938337030269798200e-01 1.001808962511531620e+00
9.936856381315064546e-01 1.001844200232479443e+00
9.935475655029182285e-01 1.001878891395279636e+00
9.934054632550143316e-01 1.001915903700409283e+00
9.932692608518809418e-01 1.001950246205877804e+00
9.931248467494881993e-01 1.001984757170390150e+00
9.929879385024953375e-01 1.002018015671600537e+00
9.928473735996703464e-01 1.002053313391772171e+00
9.927154575321079921e-01 1.002087820488848813e+00
9.925752894367353418e-01 1.002122563706625558e+00
9.924405727915738273e-01 1.002154725833270366e+00
9.923011994443741157e-01 1.002188744807906096e+00
9.921673173290926906e-01 1.002221205022906014e+00
9.920310102920544271e-01 1.002255719280080282e+00
9.919010177650929849e-01 1.002287765863495217e+00
9.917779941681988953e-01 1.002314226591347834e+00
