# Columns: ustar Tstar(=Ttilde/Tinf) | Case=jet_M08_T75 | x*=20.00
0.000000000000000000e+00 1.071763983031194689e+00
1.662041245470841089e-02 1.071734590256326891e+00
4.991936551688114926e-02 1.071471386483205501e+00
8.319528026427899792e-02 1.070952605566247051e+00
1.162198771191045032e-01 1.070190968530111641e+00
1.486636917554920168e-01 1.069209288712426931e+00
1.801622551211988499e-01 1.068040576730396651e+00
2.103790890509085743e-01 1.066724829531143559e+00
2.390513646109782286e-01 1.065303980996886724e+00
2.660094842948600435e-01 1.063817815902376340e+00
2.911743939998357456e-01 1.062300943738249126e+00
3.145421661740553931e-01 1.060781909658053745e+00
3.361641062561626647e-01 1.059282710277157147e+00
3.561279788661742551e-01 1.057819779481445677e+00
3.745426598558825315e-01 1.056404492431814335e+00
3.915264051829132064e-01 1.055044549625916428e+00
4.071994363037154674e-01 1.053744241225153866e+00
4.216786019288705223e-01 1.052505838718218456e+00
4.350749392045221153e-01 1.051329447009334617e+00
4.474906034725077975e-01 1.050214268786032079e+00
4.590185526478513522e-01 1.049158265399572798e+00
4.697409925320528146e-01 1.048159480773393604e+00
4.797326572299666636e-01 1.047215157720568168e+00
4.890598690166843565e-01 1.046323000282714188e+00
4.977857295708134067e-01 1.045479894089072159e+00
5.059672602022573518e-01 1.044683304013646064e+00
5.136594955212594460e-01 1.043929619757062666e+00
5.209106333892633556e-01 1.043216082470462380e+00
5.277662633187462093e-01 1.042538919896517147e+00
5.342657398437699046e-01 1.041895358403857941e+00
5.404459218625534689e-01 1.041281898228278324e+00
5.463370905182739490e-01 1.040696210738917937e+00
5.519684110883730233e-01 1.040135503345753998e+00
5.573618364543129200e-01 1.039598596302756972e+00
5.625372237668940789e-01 1.039083029588383278e+00
5.675079084201049007e-01 1.038587439025648651e+00
5.722932073125963637e-01 1.038109137441010521e+00
5.769139374229939055e-01 1.037646932275053224e+00
5.813928111560834333e-01 1.037198137225435080e+00
5.857465721223054089e-01 1.036762140270074850e+00
5.899946958491117943e-01 1.036336571868793799e+00
5.941515324913027030e-01 1.035921545076298189e+00
5.982251115646239903e-01 1.035515166545027510e+00
6.022188299634697595e-01 1.035118520069022718e+00
6.061378404781815332e-01 1.034730315734389450e+00
6.099887584790524286e-01 1.034352302323366501e+00
6.137813762214983093e-01 1.033984357381038777e+00
6.175288600848389819e-01 1.033627230087874160e+00
6.212449643551497536e-01 1.033278299671472444e+00
6.249387260999316185e-01 1.032937333759695209e+00
6.286083898486435340e-01 1.032604438968657945e+00
6.322568958917613724e-01 1.032280266190187534e+00
6.358850244951310682e-01 1.031962086415750601e+00
6.395056809253369945e-01 1.031646483019432292e+00
6.431304787084726193e-01 1.031332768494276797e+00
6.467625431123857904e-01 1.031021131598692353e+00
6.503929403716106616e-01 1.030710879628591314e+00
6.540328370601021790e-01 1.030402313041133500e+00
6.576950258185230158e-01 1.030099898508121115e+00
6.613919809637539560e-01 1.029806677190036934e+00
6.651022064572927883e-01 1.029519104311740429e+00
6.688315898097123569e-01 1.029231289178392794e+00
6.726210370339796851e-01 1.028937270418125438e+00
6.764767301338620031e-01 1.028637365090536271e+00
6.803430656503181018e-01 1.028335314357639918e+00
6.842396891576736362e-01 1.028031391881186751e+00
6.881756710135483734e-01 1.027724360455136265e+00
6.921474847217674586e-01 1.027416054169172588e+00
6.961505210571643509e-01 1.027109865760320373e+00
7.001545410149986326e-01 1.026806847950048951e+00
7.041825913179740049e-01 1.026505695711379396e+00
7.082836017380353955e-01 1.026200509871757927e+00
7.125142140609495023e-01 1.025889704815597492e+00
7.168807382979897058e-01 1.025567998474333775e+00
7.213182180458177495e-01 1.025234903790482210e+00
7.257843460418363923e-01 1.024882199847852560e+00
7.302946656389089908e-01 1.024503781570789585e+00
7.349244521536569819e-01 1.024105556509538495e+00
7.396802004381198836e-01 1.023702519849702508e+00
7.445158510543277153e-01 1.023285805812499838e+00
7.494057330634745773e-01 1.022852841785762745e+00
7.543465183283026843e-01 1.022383837468637147e+00
7.593655805844674589e-01 1.021902992386505282e+00
7.646005726194814445e-01 1.021397409136850509e+00
7.699790339611123358e-01 1.020868708701619498e+00
7.753147967429036003e-01 1.020294159290298319e+00
7.805974091570134776e-01 1.019716003036891916e+00
7.858977408989401559e-01 1.019108342924474941e+00
7.913732241889276375e-01 1.018485376300389378e+00
7.970324457161307441e-01 1.017827751001293413e+00
8.028048837715795472e-01 1.017137410571844480e+00
8.086356838998829399e-01 1.016355636759870951e+00
8.145197854931959247e-01 1.015528503589405274e+00
8.205302836534287270e-01 1.014697841879182771e+00
8.266089732491628261e-01 1.013920283996483152e+00
8.325305680011825249e-01 1.013077080656438644e+00
8.385875075244916266e-01 1.012223902172177059e+00
8.446569242011743306e-01 1.011354515736958115e+00
8.506891280454870197e-01 1.010428350441219925e+00
8.570246508120074047e-01 1.009473910289457432e+00
8.632657681022666285e-01 1.008483023261943057e+00
8.696199075711372739e-01 1.007426528601502946e+00
8.760129719829929940e-01 1.006372577159948323e+00
8.821036501648205075e-01 1.005241782894955360e+00
8.880292103351833388e-01 1.004131011200870116e+00
8.938401143229237622e-01 1.003029719630764260e+00
8.995098293188225069e-01 1.001993432261869099e+00
9.050143894694150370e-01 1.000961389930316470e+00
9.105543602731626107e-01 9.999092706721240953e-01
9.156556263416573138e-01 9.988902574190021699e-01
9.201848721639682704e-01 9.979559626124548943e-01
9.242810442069865351e-01 9.972027130045504340e-01
9.281753561269782127e-01 9.965918040434159630e-01
9.318679200699034881e-01 9.961345928307853148e-01
9.353150781028325422e-01 9.958334681040402758e-01
9.395241459647863946e-01 9.956628957820577996e-01
9.440483752597063072e-01 9.957161585559120009e-01
9.486955167999000516e-01 9.958883383105753273e-01
9.532497453910826479e-01 9.961060926266060989e-01
9.579256074724727954e-01 9.964025659915395350e-01
9.626314716315338416e-01 9.967341629051581497e-01
9.671226601823174063e-01 9.971187379324705224e-01
9.715838055018589658e-01 9.974442506014487009e-01
9.759751266402297842e-01 9.978133070235102320e-01
9.800350585528974090e-01 9.981751721496099350e-01
9.840288541012528478e-01 9.985121187679275589e-01
9.873938464501004209e-01 9.988326813043738595e-01
9.903988071527997095e-01 9.991612610292447405e-01
9.928898971046866695e-01 9.994594758299193415e-01
9.947386708926639898e-01 9.997400359325966379e-01
9.960626019437909262e-01 9.999772998764193677e-01
9.970202622898662881e-01 1.000161012263707461e+00
9.977809409918042549e-01 1.000321496998883619e+00
9.982300436231344998e-01 1.000426620890063845e+00
9.984366442855096002e-01 1.000495177262340496e+00
9.985262514154509272e-01 1.000534184758285150e+00
9.985698016021959944e-01 1.000554474753483358e+00
9.986266905858575127e-01 1.000570309141843417e+00
9.986668660848246892e-01 1.000581591401977777e+00
9.986871186930618149e-01 1.000588734837789096e+00
9.987017853024200420e-01 1.000591067826521074e+00
9.987164917689007604e-01 1.000589391823216712e+00
9.987302902227317425e-01 1.000588405064644970e+00
9.987446277574011377e-01 1.000586341370477417e+00
9.987573810253300710e-01 1.000584558642268806e+00
9.987716946461816514e-01 1.000582634604829657e+00
9.987815062364546748e-01 1.000580159456795570e+00
9.987965935733560396e-01 1.000578289835915902e+00
9.988093217919477018e-01 1.000576478157318761e+00
9.988240486599156975e-01 1.000575418297902530e+00
9.988364888735818958e-01 1.000574400408944298e+00
9.988468131681530471e-01 1.000570908041813034e+00
9.988572453780528715e-01 1.000569314373137342e+00
9.988667222163066794e-01 1.000566682518345019e+00
9.988757243671659847e-01 1.000564371041297251e+00
9.988844864396496659e-01 1.000561719265984140e+00
9.988939726550410958e-01 1.000560533728260593e+00
9.989022493166452854e-01 1.000557683115266716e+00
9.989107077569407966e-01 1.000555668400450626e+00
9.989192237572411814e-01 1.000553362769782906e+00
9.989268756386386894e-01 1.000551909188376776e+00
9.989347993596600084e-01 1.000549970331350735e+00
9.989410947170700439e-01 1.000547758914309693e+00
9.989472804374456283e-01 1.000545295705957960e+00
9.989528752719430971e-01 1.000543922175009870e+00
9.989588479238533658e-01 1.000541204692843689e+00
9.989645948495488037e-01 1.000539355845445399e+00
9.989717741782790927e-01 1.000537949973847596e+00
9.989775738566388785e-01 1.000536856828825316e+00
9.989855502180182700e-01 1.000536200927841568e+00
9.989901897626571881e-01 1.000534525583459677e+00
9.989960008073961450e-01 1.000532443333127075e+00
9.990005950575140403e-01 1.000531373360822984e+00
9.990063851355247548e-01 1.000530675132415004e+00
9.990111267408305906e-01 1.000529540164504017e+00
9.990160702052377495e-01 1.000528012192831273e+00
9.990198642643559612e-01 1.000527242390556681e+00
9.990236569660951860e-01 1.000525906174896340e+00
9.990255682449870056e-01 1.000524315923285945e+00
9.990301112675245010e-01 1.000523498340551098e+00
9.990328928399455632e-01 1.000522365889492171e+00
9.990373320661773970e-01 1.000522078060630315e+00
9.990404729763977532e-01 1.000521663619716062e+00
9.990431431965911546e-01 1.000520256392935847e+00
9.990460720776440651e-01 1.000520184412292179e+00
9.990476608420942872e-01 1.000518916485765075e+00
9.990504073575466881e-01 1.000518284941369851e+00
9.990531444411110407e-01 1.000518392640660226e+00
9.990557895804557109e-01 1.000518060228409389e+00
9.990568814238192097e-01 1.000517350438162145e+00
9.990576226638322455e-01 1.000516504473108581e+00
9.990561023423258913e-01 1.000515148372760121e+00
9.990562813854283464e-01 1.000514376183685883e+00
9.990550850047922316e-01 1.000513365495904639e+00
9.990553678458918840e-01 1.000512368495728666e+00
9.990556341136301866e-01 1.000512307736828532e+00
9.990563756895090020e-01 1.000512104524762913e+00
9.990562326746987853e-01 1.000511884518425543e+00
9.990564469285903026e-01 1.000510776293813908e+00
9.990567985976568366e-01 1.000511071353143544e+00
9.990589530100856264e-01 1.000511950861984634e+00
9.990591441841255582e-01 1.000512331559056056e+00
9.990603309168537560e-01 1.000512289237143193e+00
9.990599673016392623e-01 1.000512048383779939e+00
9.990600914276465128e-01 1.000512087755308199e+00
9.990585576862223149e-01 1.000512589295184052e+00
9.990562426320597211e-01 1.000511604283038203e+00
9.990532580525831596e-01 1.000510826307033696e+00
9.990509186717246859e-01 1.000510035168520329e+00
9.990496661199764761e-01 1.000510851060424811e+00
9.990496044850820656e-01 1.000511040689614051e+00
9.990476276276417655e-01 1.000511407322601576e+00
9.990459691474147252e-01 1.000511046055280628e+00
9.990430193005749304e-01 1.000511303247527684e+00
9.990417096482714365e-01 1.000511454749890117e+00
9.990370257415626121e-01 1.000510540833683626e+00
9.990345299921755684e-01 1.000510185674649666e+00
9.990313110583299849e-01 1.000510505437797848e+00
9.990304076303370140e-01 1.000510708965772988e+00
9.990274457262602326e-01 1.000511106312276466e+00
9.990254870203721937e-01 1.000510782758680550e+00
9.990225864195185768e-01 1.000511274969633657e+00
9.990211907277030123e-01 1.000511579615741997e+00
9.990177922955052470e-01 1.000511745920853457e+00
9.990171418476659904e-01 1.000512276910023202e+00
9.990144695815563747e-01 1.000513208903454521e+00
9.990129610611120370e-01 1.000513490565527963e+00
9.990084817974772546e-01 1.000513483565797168e+00
9.990054270271488956e-01 1.000512911782569070e+00
9.990003953782569113e-01 1.000512985041352776e+00
9.989969485201979360e-01 1.000512508220950503e+00
9.989925056316993901e-01 1.000512645423342173e+00
9.989900129805415752e-01 1.000511976084210941e+00
9.989861620760605021e-01 1.000512778764217403e+00
9.989834139850816142e-01 1.000512516788786721e+00
9.989792098623094807e-01 1.000512915002059078e+00
9.989771037092828321e-01 1.000512714340840326e+00
9.989727183428102064e-01 1.000512827579283170e+00
9.989711643982421840e-01 1.000513244204870533e+00
9.989669924249747757e-01 1.000513849556157409e+00
9.989642580196091970e-01 1.000513403486968045e+00
9.989591381983046192e-01 1.000513612611652281e+00
9.989565837530961501e-01 1.000513354285661682e+00
9.989530836197062502e-01 1.000514569359532313e+00
9.989505729686058988e-01 1.000514314934883853e+00
9.989453706653360632e-01 1.000514464449540508e+00
9.989416716279959640e-01 1.000514179620551003e+00
9.989357508943167430e-01 1.000514109944656393e+00
9.989312590236826273e-01 1.000513244642221355e+00
9.989258845450516011e-01 1.000513475096196370e+00
9.989226870393898006e-01 1.000513463643312395e+00
9.989182898374355801e-01 1.000514142510562365e+00
9.989140966499605589e-01 1.000513233049978856e+00
9.989088487820469986e-01 1.000513326348657417e+00
9.989054662742621327e-01 1.000513665562303700e+00
9.989035008049468312e-01 1.000513337627187971e+00
9.988945840871197301e-01 1.000511806463108666e+00
