# Columns: ustar Tstar(=Ttilde/Tinf) | Case=jet_M12_T75 | x*=5.00
0.000000000000000000e+00 1.065300778361219836e+00
1.450493487973917792e-02 1.065281536744616453e+00
4.422503822147916264e-02 1.064952160155364869e+00
7.458772860328916066e-02 1.064334763961956254e+00
1.052070602154172307e-01 1.063474371137419494e+00
1.356605517870919375e-01 1.062418843802089619e+00
1.655843981130090681e-01 1.061211412178764357e+00
1.946995802863343561e-01 1.059886796111814355e+00
2.228066656433886072e-01 1.058471727113645233e+00
2.497766831352995209e-01 1.056987090333464163e+00
2.755351535274387920e-01 1.055449704988743020e+00
3.000537334720629890e-01 1.053873895182476206e+00
3.233351237984948279e-01 1.052271758273485069e+00
3.454055119977321731e-01 1.050652850819755457e+00
3.663016763564381217e-01 1.049025692409167432e+00
3.860659994030596343e-01 1.047399018972716034e+00
4.047429137262846255e-01 1.045781862194559153e+00
4.223852575544909671e-01 1.044182638694650445e+00
4.390492824078902623e-01 1.042607720227411994e+00
4.547976240895275635e-01 1.041061579137420701e+00
4.696875711829914257e-01 1.039547649007656505e+00
4.837721146278928797e-01 1.038068562212153489e+00
4.970941811820690504e-01 1.036625991060220020e+00
5.096935855932664960e-01 1.035220829023932199e+00
5.216080235414748412e-01 1.033853809963270365e+00
5.328782372145758339e-01 1.032524934217154744e+00
5.435374301190929458e-01 1.031233784823319066e+00
5.536199862358525126e-01 1.029982380756141680e+00
5.631560409139230172e-01 1.028771713138161292e+00
5.721836245146835198e-01 1.027602891323780021e+00
5.807421250515276689e-01 1.026474969566337991e+00
5.888668043673401797e-01 1.025387239983136078e+00
5.965763921203817155e-01 1.024338338843633567e+00
6.038872746577554906e-01 1.023328068312852279e+00
6.108145784992234928e-01 1.022352450434452553e+00
6.173886911272010725e-01 1.021404143988805746e+00
6.236373070843806987e-01 1.020475676378844065e+00
6.295726078714068974e-01 1.019567282112981754e+00
6.351959189274553053e-01 1.018679164861065578e+00
6.405228415625534577e-01 1.017813456525377358e+00
6.455624898049659999e-01 1.016972303981947823e+00
6.503184334552004620e-01 1.016153097737936939e+00
6.548065105798476226e-01 1.015349763449463039e+00
6.590396313608389844e-01 1.014562503105772340e+00
6.630163982608587858e-01 1.013796087222317510e+00
6.667532908166727834e-01 1.013055938892633678e+00
6.702552168741119365e-01 1.012340509866624716e+00
6.735220993405200973e-01 1.011646425111386804e+00
6.765637150234713459e-01 1.010968346598711376e+00
6.794037682341277362e-01 1.010294492025487934e+00
6.820900220197352315e-01 1.009619986497661825e+00
6.846384609034578128e-01 1.008945286807495512e+00
6.870349986521180341e-01 1.008269581595649056e+00
6.892830368236891880e-01 1.007595024865923117e+00
6.914158167557800105e-01 1.006929281872035675e+00
6.933978814350232334e-01 1.006268304749576181e+00
6.951868003178656163e-01 1.005614432477798248e+00
6.968102320590212617e-01 1.004962552199830439e+00
6.982919415816480901e-01 1.004303357896063176e+00
6.996200287785104832e-01 1.003640888687295174e+00
7.007963169983808527e-01 1.002973829274296014e+00
7.018576093675245042e-01 1.002304621425996078e+00
7.028417940103184325e-01 1.001611412513033761e+00
7.037644405792572444e-01 1.000890944793549897e+00
7.045614285918078146e-01 1.000143492429087289e+00
7.052398757769388071e-01 9.993690341127230425e-01
7.058892328206974875e-01 9.986173535622995256e-01
7.065534153179118260e-01 9.978562493743666773e-01
7.072069154453536344e-01 9.970785455377025874e-01
7.077564440159005432e-01 9.963020644059107367e-01
7.082698595739189695e-01 9.955107710456280179e-01
7.088193354390358580e-01 9.946936857831387702e-01
7.093266098477100101e-01 9.938569181086969184e-01
7.097285397008064045e-01 9.929903465788674222e-01
7.100199318001647608e-01 9.920745140575846222e-01
7.102413352340265495e-01 9.910997014918234704e-01
7.104837979760298960e-01 9.901096626314306315e-01
7.108598257609017868e-01 9.891667183005538044e-01
7.111641364157136325e-01 9.882530665260581548e-01
7.114327318535600408e-01 9.873127691083484203e-01
7.118670648677942747e-01 9.863659875549131151e-01
7.123289038398371575e-01 9.854260810112841495e-01
7.127998632057612749e-01 9.844229489917536435e-01
7.135795499551814691e-01 9.833346138798166880e-01
7.143794865459890397e-01 9.822724590025168068e-01
7.152420490491940841e-01 9.812501525472555608e-01
7.163943389395768246e-01 9.801577770601488382e-01
7.179378287335660414e-01 9.788630571463798891e-01
7.200638031098752778e-01 9.774999814559501843e-01
7.226263532544188184e-01 9.761751210889672015e-01
7.254053294115021533e-01 9.747721942586992094e-01
7.288921921152805572e-01 9.732676596744602726e-01
7.331971658303266803e-01 9.718088403628228900e-01
7.382204708453700137e-01 9.704730465252253691e-01
7.443484054897113733e-01 9.691441874112707300e-01
7.516086233806271721e-01 9.678834700351121034e-01
7.600701196959309680e-01 9.666231544189688440e-01
7.697295066188518664e-01 9.652983149944723840e-01
7.807357458092839542e-01 9.640600790166570233e-01
7.937811571361016449e-01 9.629092555654266139e-01
8.090169381420282413e-01 9.618659436505334615e-01
8.258508517911421487e-01 9.609873264058904629e-01
8.438261277160011842e-01 9.604090276812552451e-01
8.627067357248439095e-01 9.602020592736064675e-01
8.825985408424902312e-01 9.602943631384401879e-01
9.026410716576439563e-01 9.609614753023808520e-01
9.226336423161234368e-01 9.619977850903586036e-01
9.424310530722600499e-01 9.638993514719830236e-01
9.610809135557640825e-01 9.660854945563394081e-01
9.783262124568878892e-01 9.687361442010015145e-01
9.928597912515808588e-01 9.719996268759399927e-01
1.004657832131982786e+00 9.758949347729620749e-01
1.014355492538127512e+00 9.798075249828749334e-01
1.022070615675920724e+00 9.834532352731828464e-01
1.028188829934968629e+00 9.864660966528439046e-01
1.032549615498012718e+00 9.884299244142780161e-01
1.035131657845085318e+00 9.895523228706814001e-01
1.036290774125136593e+00 9.901770664311172476e-01
1.036422351761747684e+00 9.905936688509313637e-01
1.035981237375237951e+00 9.908224521011886887e-01
1.035322532717650290e+00 9.910060911331475264e-01
1.034609846612835060e+00 9.912059179788214047e-01
1.033879679870678414e+00 9.914064417885590785e-01
1.033146129485008391e+00 9.916068385522313067e-01
1.032407220575419782e+00 9.918039670901659388e-01
1.031672594404206000e+00 9.919996604404982543e-01
1.030935520646313774e+00 9.921957795808691305e-01
1.030205304400681809e+00 9.923898099539135709e-01
1.029478945613045093e+00 9.925823228521413188e-01
1.028764817551827360e+00 9.927720207912377193e-01
1.028052679556984872e+00 9.929595471015725261e-01
1.027352840989335991e+00 9.931430502735767440e-01
1.026659411091055851e+00 9.933254378392952777e-01
1.025980150187934870e+00 9.935039027164112024e-01
1.025307603164801407e+00 9.936808561672331175e-01
1.024649889622624377e+00 9.938525913947532375e-01
1.023999116479831217e+00 9.940233564283498247e-01
1.023363480770593581e+00 9.941894846667611585e-01
1.022734667372460660e+00 9.943548927738268262e-01
1.022122314235836216e+00 9.945154041258364996e-01
1.021515025909749408e+00 9.946739009795437791e-01
1.020924367966520974e+00 9.948286993130185385e-01
1.020338179185524385e+00 9.949813302911317825e-01
1.019769728985453483e+00 9.951302735467740801e-01
1.019205535722726097e+00 9.952777957216891735e-01
1.018658325744310478e+00 9.954209084870822011e-01
1.018114899200579737e+00 9.955624380082446212e-01
1.017586754181951436e+00 9.956998209248695275e-01
1.017063454969767688e+00 9.958363140436545802e-01
1.016555525368584068e+00 9.959685363511634471e-01
1.016051666223966699e+00 9.960994620581160586e-01
1.015562960985613161e+00 9.962265338644155088e-01
1.015078267368962450e+00 9.963525863940649874e-01
1.014608918028861773e+00 9.964752101710743215e-01
1.014143321893115735e+00 9.965969047068107267e-01
1.013692365422616648e+00 9.967151351144541982e-01
1.013243239938666607e+00 9.968320494349581784e-01
1.012807680094454765e+00 9.969448178405359018e-01
1.012374117641661853e+00 9.970568136209634336e-01
1.011955039278153556e+00 9.971654254589054078e-01
1.011537910640519122e+00 9.972735489207017467e-01
1.011135233765447561e+00 9.973781785193104321e-01
1.010733869348060532e+00 9.974825964694203906e-01
1.010345838820926101e+00 9.975830528603036873e-01
1.009957767393571570e+00 9.976825266440659812e-01
1.009582763282597773e+00 9.977786731357303207e-01
1.009209140719695474e+00 9.978744842733099363e-01
1.008849790160521342e+00 9.979673833138797967e-01
1.008491615449623735e+00 9.980604315358000411e-01
1.008147058369893267e+00 9.981501507044576726e-01
1.007801980946734011e+00 9.982398787941586527e-01
1.007470380768135554e+00 9.983260997660732272e-01
1.007138217010427494e+00 9.984127358974328459e-01
1.006818269406622779e+00 9.984957336979338738e-01
1.006496636767200803e+00 9.985782356559670392e-01
1.006187543209149382e+00 9.986576324267436577e-01
1.005877726172036413e+00 9.987377291297629966e-01
1.005581315506057560e+00 9.988149660723897316e-01
1.005283476713881852e+00 9.988924720694601911e-01
1.004997414078816487e+00 9.989669071070188533e-01
1.004708330096326208e+00 9.990413576954608743e-01
1.004429917447819953e+00 9.991126039153251925e-01
1.004149278468089213e+00 9.991844436156294140e-01
1.003879917822792622e+00 9.992532047766301551e-01
1.003608481430424471e+00 9.993223540932247850e-01
1.003348266000504863e+00 9.993887659013922509e-01
1.003086228652888989e+00 9.994558277169570681e-01
1.002835111576980687e+00 9.995202609648525804e-01
1.002581792611142886e+00 9.995852659012516295e-01
1.002339424963412107e+00 9.996477843228840365e-01
1.002094253541399693e+00 9.997108646654443431e-01
1.001859223766321749e+00 9.997710601083988902e-01
1.001620983062632142e+00 9.998319013750954776e-01
1.001393953809102122e+00 9.998904582101953986e-01
1.001163593141795927e+00 9.999498467532696999e-01
1.000943688273634224e+00 1.000006504697397602e+00
1.000719570923734425e+00 1.000064233926212465e+00
1.000506314643447636e+00 1.000119178376100537e+00
1.000288450885964409e+00 1.000175287411526837e+00
1.000080683257108083e+00 1.000228291435548700e+00
9.998684413092188139e-01 1.000282252372271419e+00
9.996663208909691845e-01 1.000333461757328513e+00
9.994591061722005731e-01 1.000385694451428664e+00
9.992620169769480531e-01 1.000435341279974244e+00
9.990618134316081589e-01 1.000486453498889539e+00
9.988719421539723475e-01 1.000535481948214400e+00
9.986768606746667665e-01 1.000585179497101240e+00
9.984898074795330869e-01 1.000632130113971341e+00
9.982988819418767701e-01 1.000680636279052127e+00
9.981179668300753649e-01 1.000727308160479945e+00
9.979325040971565031e-01 1.000774860556964407e+00
9.977551389418553018e-01 1.000820085839547069e+00
9.975731582059095270e-01 1.000866060795669199e+00
9.973999900448545786e-01 1.000910172598112657e+00
9.972235255603876247e-01 1.000955276078271394e+00
9.970554267343039179e-01 1.000998761089156197e+00
9.968825920896612347e-01 1.001043192403109794e+00
9.967164390154529263e-01 1.001084902939075816e+00
9.965458874502540754e-01 1.001127260131052132e+00
9.963840556071613674e-01 1.001168341400259010e+00
9.962183195367861899e-01 1.001210377487619096e+00
9.960593446020102881e-01 1.001250274292479814e+00
9.958957325438274610e-01 1.001291167459918308e+00
9.957402213367866350e-01 1.001330501511376703e+00
9.955811402280814182e-01 1.001371093455961203e+00
9.954287342067251743e-01 1.001409417744659747e+00
9.952718766998117639e-01 1.001448872123186895e+00
9.951231953305383904e-01 1.001486883250788607e+00
9.949703592187075785e-01 1.001526149217209838e+00
9.948243863852782587e-01 1.001563710924310957e+00
9.946722399824858840e-01 1.001601455471122337e+00
9.945272914314293722e-01 1.001637453591927907e+00
9.943783521927959113e-01 1.001674926053892634e+00
9.942363425660866172e-01 1.001710645389190857e+00
9.940892257220275141e-01 1.001747243486370786e+00
9.939484846887757241e-01 1.001782134409218372e+00
9.938031165080856155e-01 1.001817940447564226e+00
9.936651288313912422e-01 1.001852551955633164e+00
9.935225907976247273e-01 1.001888166658759349e+00
9.933867147373935946e-01 1.001922723098973789e+00
9.932458604561230642e-01 1.001958344310927673e+00
9.931116354448049632e-01 1.001992242931458499e+00
9.929735674185374839e-01 1.002027404265507071e+00
9.928410443902404570e-01 1.002060997196270620e+00
9.927023456841749249e-01 1.002095108455330452e+00
9.925692526959103423e-01 1.002127529539875050e+00
9.924321253426863221e-01 1.002161221764815924e+00
9.923027504707990776e-01 1.002194254003565099e+00
9.921670045903360213e-01 1.002226984253417275e+00
9.920362961692813508e-01 1.002258453639455205e+00
9.919011191015340012e-01 1.002291573560806670e+00
9.917739260822737712e-01 1.002323386660133986e+00
9.916442784750070238e-01 1.002357388194975663e+00
9.915175142041597889e-01 1.002389136733763619e+00
9.913854898512366454e-01 1.002421180314927218e+00
9.912605464116446274e-01 1.002451197913097003e+00
9.911422820434587777e-01 1.002476560877944456e+00
