# Columns: ustar Tstar(=Ttilde/Tinf) | Case=jet_M08_T05 | x*=20.00
0.000000000000000000e+00 1.055885492969837802e+00
1.663282911419438834e-02 1.055856670521025942e+00
4.995153045074403331e-02 1.055599520225568355e+00
8.324103185620682077e-02 1.055092444911898797e+00
1.162724066535143763e-01 1.054347766413450405e+00
1.487188780749216510e-01 1.053387496814534696e+00
1.802205409453024043e-01 1.052243378298777232e+00
2.104497543304053309e-01 1.050953648591784750e+00
2.391512791292328410e-01 1.049558443821555054e+00
2.661589950467748711e-01 1.048096174879761922e+00
2.913891562398503443e-01 1.046600872366142188e+00
3.148309956748089333e-01 1.045101079277715339e+00
3.365274643880128425e-01 1.043619211370177435e+00
3.565617366557959356e-01 1.042172272941292110e+00
3.750394444797773286e-01 1.040772108422390874e+00
3.920800536402533898e-01 1.039426631182559069e+00
4.078051634845282769e-01 1.038140143609734833e+00
4.223346784700097167e-01 1.036914728052165335e+00
4.357798718911350955e-01 1.035750346620742945e+00
4.482441342505596449e-01 1.034646049309700944e+00
4.598209769249324563e-01 1.033599591110643701e+00
4.705959156105048447e-01 1.032608701087068592e+00
4.806452419608708282e-01 1.031670258543556873e+00
4.900386832545481353e-01 1.030781666317016176e+00
4.988387857815252402e-01 1.029939799642252130e+00
5.071024646135358083e-01 1.029142278629515905e+00
5.148798951556565751e-01 1.028385983565709427e+00
5.222156035109319916e-01 1.027668730887585813e+00
5.291478722909775945e-01 1.026987910164498530e+00
5.357124704398896764e-01 1.026341496519759477e+00
5.419427034464915360e-01 1.025726729577509877e+00
5.478692791245221017e-01 1.025142062169185797e+00
5.535192864475847463e-01 1.024585283014044501e+00
5.589172553330259419e-01 1.024054994041657896e+00
5.640876643643385480e-01 1.023548606525814142e+00
5.690550000152811982e-01 1.023063802565997493e+00
5.738416864264038741e-01 1.022597228813750592e+00
5.784689306300985212e-01 1.022146348174348685e+00
5.829540867343042665e-01 1.021708670459212209e+00
5.873121302001018673e-01 1.021283554583737541e+00
5.915568791679476357e-01 1.020870563587755520e+00
5.957009079533874818e-01 1.020470853676702427e+00
5.997572127538037812e-01 1.020085671305320130e+00
6.037352825080620766e-01 1.019715873854819543e+00
6.076438976742583042e-01 1.019360705960951741e+00
6.114903456937744730e-01 1.019018464443816718e+00
6.152838413669533546e-01 1.018687130524818185e+00
6.190316525893043709e-01 1.018364874675343090e+00
6.227437475694355129e-01 1.018050775265460617e+00
6.264233631836542138e-01 1.017744685601839283e+00
6.300744786580103618e-01 1.017447812437549448e+00
6.337041949776035521e-01 1.017163313444725548e+00
6.373185768036210286e-01 1.016891873855798156e+00
6.409256749946006249e-01 1.016629205400775060e+00
6.445424711625025171e-01 1.016372078125743261e+00
6.481846257944101630e-01 1.016121836523923516e+00
6.518441973074883267e-01 1.015878145351085893e+00
6.555114171053190164e-01 1.015638148158887866e+00
6.591767160813762905e-01 1.015398971381219262e+00
6.628383061835202428e-01 1.015161262631458561e+00
6.665098622253154970e-01 1.014929498772423555e+00
6.702057510909056326e-01 1.014700651564342859e+00
6.739157510562325815e-01 1.014466688987928134e+00
6.776405917836426651e-01 1.014231546958050290e+00
6.813755537523852324e-01 1.014005129010613571e+00
6.851334328626567105e-01 1.013786648961923165e+00
6.889672887128749368e-01 1.013560151063414017e+00
6.929040392338824406e-01 1.013327910130820575e+00
6.969149814675451582e-01 1.013094406001884273e+00
7.010076293430461680e-01 1.012862920102374886e+00
7.051509483813154233e-01 1.012641172497008801e+00
7.093275083488607136e-01 1.012439790434658482e+00
7.135619286705596753e-01 1.012255036040391021e+00
7.178753623266886930e-01 1.012063539258826417e+00
7.222318032288093104e-01 1.011855296620221667e+00
7.266740005370060373e-01 1.011638179750549371e+00
7.312629668929857552e-01 1.011426869173903009e+00
7.360000121255407812e-01 1.011187427416853080e+00
7.407783786118342650e-01 1.010913482807676678e+00
7.456273677544299483e-01 1.010653285878349461e+00
7.506011439499787885e-01 1.010381042300445120e+00
7.557382469499496214e-01 1.010074931357573425e+00
7.610087130314604487e-01 1.009764130061085785e+00
7.664358262687512857e-01 1.009450597155592266e+00
7.718876359572024448e-01 1.009134793283648523e+00
7.774625146050969660e-01 1.008832455674444795e+00
7.831575772918719647e-01 1.008537745284676879e+00
7.891902860262913766e-01 1.008185450594315524e+00
7.952975530021768602e-01 1.007779489118093785e+00
8.015399185456006936e-01 1.007378780096777282e+00
8.080204013968786958e-01 1.007040688367398351e+00
8.145696630860488341e-01 1.006664064918213919e+00
8.213477226069939574e-01 1.006250401595234045e+00
8.282305871757034144e-01 1.005824323483983429e+00
8.352617470827372603e-01 1.005335229372189776e+00
8.424763298190918182e-01 1.004845053198216487e+00
8.498883859031836074e-01 1.004333515235452001e+00
8.575287841066153716e-01 1.003815378553428062e+00
8.654273996299350902e-01 1.003340368582276154e+00
8.734331335532464768e-01 1.002910907882466507e+00
8.813996588970419710e-01 1.002430252975916147e+00
8.895897351332197056e-01 1.002018128037558187e+00
8.979882667454408551e-01 1.001582987605559749e+00
9.065675940728759041e-01 1.001191554460109545e+00
9.149519889151451757e-01 1.000691683921443031e+00
9.237521280583717020e-01 1.000122328950150408e+00
9.323576869061062089e-01 9.995856867477270757e-01
9.407889236759428009e-01 9.991135815363288986e-01
9.491290479950739156e-01 9.986512019736552004e-01
9.567370202144194202e-01 9.982696603449133788e-01
9.638671931074715982e-01 9.979203986799249915e-01
9.704428575617711772e-01 9.977524993135251652e-01
9.762824592285596070e-01 9.977984580490535382e-01
9.812729846750734009e-01 9.978925163360580219e-01
9.854710054850273071e-01 9.980579722400836351e-01
9.887339342662992969e-01 9.983439742671537109e-01
9.915836477460420184e-01 9.987293740581409951e-01
9.937612659387112801e-01 9.991922278951054226e-01
9.953042950387253063e-01 9.996141695589942922e-01
9.964812104555099692e-01 9.999684054646861275e-01
9.972125702208524123e-01 1.000270207277637047e+00
9.975557829469454685e-01 1.000453369383223823e+00
9.977394089480562389e-01 1.000577622787362619e+00
9.978267037815892193e-01 1.000664293123685100e+00
9.978424451278483653e-01 1.000716046717996299e+00
9.978522877360573862e-01 1.000737176898579772e+00
9.978547055338680138e-01 1.000741177512610491e+00
9.978592712540372833e-01 1.000741247486910401e+00
9.978622934787394483e-01 1.000741485565827649e+00
9.978660798700499379e-01 1.000741329818030989e+00
9.978683500152508712e-01 1.000740807836448809e+00
9.978719748630561215e-01 1.000740015086865720e+00
9.978758968398823148e-01 1.000739710080982947e+00
9.978796166011821844e-01 1.000739094055064227e+00
9.978842793280153778e-01 1.000738531778204266e+00
9.978883977438377517e-01 1.000737978396068151e+00
9.978932161538174306e-01 1.000737727411050493e+00
9.978964103247598416e-01 1.000737064844786861e+00
9.979011396506636267e-01 1.000736324834405222e+00
9.979044778271378702e-01 1.000735822179085632e+00
9.979086107432920683e-01 1.000734937820642489e+00
9.979111460232784614e-01 1.000734162421104578e+00
9.979142892237703455e-01 1.000732982755898837e+00
9.979168156294720982e-01 1.000732454514549286e+00
9.979219001570519554e-01 1.000731862660849902e+00
9.979246649639716971e-01 1.000731776418520624e+00
9.979290707408515759e-01 1.000731015411515878e+00
9.979317683623128987e-01 1.000730614336192925e+00
9.979353133365018724e-01 1.000729698667184087e+00
9.979366577735455657e-01 1.000729187371403928e+00
9.979405193906547566e-01 1.000728247514335978e+00
9.979420080130421145e-01 1.000728004975052432e+00
9.979467150916117024e-01 1.000727557694397696e+00
9.979481383376501702e-01 1.000727220705373011e+00
9.979525966494272593e-01 1.000726744303856997e+00
9.979548079676164862e-01 1.000726931552435861e+00
9.979599644075970444e-01 1.000726777061956563e+00
9.979616185540204354e-01 1.000726910638692013e+00
9.979655604491554088e-01 1.000726301769945925e+00
9.979664190868723361e-01 1.000726203654754620e+00
9.979706259647899147e-01 1.000725597212836382e+00
9.979727040105388358e-01 1.000726297029353784e+00
9.979770949683888226e-01 1.000726315176559966e+00
9.979791527696493247e-01 1.000727286996433207e+00
9.979828352563259175e-01 1.000727170934129440e+00
9.979831350173914428e-01 1.000727235138003879e+00
9.979860459434335418e-01 1.000726624009940391e+00
9.979857092157928822e-01 1.000726875962095308e+00
9.979876351736309825e-01 1.000726046608509723e+00
9.979872113695794633e-01 1.000726193363288052e+00
9.979891724740678205e-01 1.000725647323120748e+00
9.979884072815878859e-01 1.000725888813358111e+00
9.979901855886902373e-01 1.000725379995051512e+00
9.979893074494023963e-01 1.000725970548890009e+00
9.979910986706859166e-01 1.000725435689924447e+00
9.979890167512391885e-01 1.000725130279025654e+00
9.979898685477159859e-01 1.000724475873334018e+00
9.979884884944939527e-01 1.000724632002252479e+00
9.979907662211552344e-01 1.000724520380595006e+00
9.979897979935201668e-01 1.000725351922279183e+00
9.979922940964839340e-01 1.000725391330389291e+00
9.979915294685858251e-01 1.000725922562615056e+00
9.979931818945075861e-01 1.000726199459581967e+00
9.979923153785010825e-01 1.000726642118302312e+00
9.979936983625847802e-01 1.000726365417736519e+00
9.979920123414087740e-01 1.000726833631876866e+00
9.979930090332518322e-01 1.000726966597028422e+00
9.979915680166990821e-01 1.000727812124243554e+00
9.979934084511934422e-01 1.000727918341122846e+00
9.979930038500772760e-01 1.000728710882450523e+00
9.979956159124155901e-01 1.000729432340365932e+00
9.979960125521212255e-01 1.000731039000231970e+00
9.979969922146152417e-01 1.000731330881721837e+00
9.979950967308622856e-01 1.000732050048926292e+00
9.979935590911094279e-01 1.000731349755829447e+00
9.979893920087922199e-01 1.000730915605796190e+00
9.979885247322713981e-01 1.000730545464309396e+00
9.979872363580732930e-01 1.000731935793411020e+00
9.979883742983147732e-01 1.000732808598211676e+00
9.979871834015875409e-01 1.000733892382617229e+00
9.979871161970191862e-01 1.000733801697176739e+00
9.979839700858067486e-01 1.000734069223690126e+00
9.979830227168277057e-01 1.000733785263589137e+00
9.979787640674930849e-01 1.000734039721160373e+00
9.979781476310111143e-01 1.000734171026425923e+00
9.979745238782711247e-01 1.000734627371571817e+00
9.979729524840107446e-01 1.000734317322306000e+00
9.979700008792230514e-01 1.000734837729742477e+00
9.979695027370051319e-01 1.000735042462655544e+00
9.979671319364018522e-01 1.000735493307246093e+00
9.979683774416737707e-01 1.000736721499347004e+00
9.979680519799282168e-01 1.000738741273875521e+00
9.979694725419984147e-01 1.000739602740028600e+00
9.979677140557298154e-01 1.000740310498345664e+00
9.979673243259833404e-01 1.000740602546891012e+00
9.979652962419320872e-01 1.000742158055561104e+00
9.979638338296613620e-01 1.000742261359135687e+00
9.979597930641336267e-01 1.000742182349618536e+00
9.979577318607377734e-01 1.000742195781005650e+00
9.979546162719297175e-01 1.000743233776990593e+00
9.979528043700447437e-01 1.000742984519535028e+00
9.979493991531406261e-01 1.000743109745506398e+00
9.979482474215598531e-01 1.000743416609511272e+00
9.979452596812991017e-01 1.000744418251882317e+00
9.979445123732160194e-01 1.000745220069762631e+00
9.979418534383922568e-01 1.000746261147263727e+00
9.979407067177002988e-01 1.000746244215813041e+00
9.979371384755479912e-01 1.000746631883427717e+00
9.979355341064319873e-01 1.000746855406236868e+00
9.979321804859538902e-01 1.000747849306315773e+00
9.979317690554655451e-01 1.000748556045413018e+00
9.979287657463077332e-01 1.000749253006043560e+00
9.979280671075010378e-01 1.000749839872387303e+00
9.979248710551135160e-01 1.000750854201817086e+00
9.979230819944698849e-01 1.000750536914342348e+00
9.979195656289494565e-01 1.000750880705276957e+00
9.979194887958421356e-01 1.000751837159566060e+00
9.979182655262587298e-01 1.000753596406975587e+00
9.979180175603113989e-01 1.000754349214883154e+00
9.979151034035689261e-01 1.000755052664655365e+00
9.979122426509312582e-01 1.000754305244178743e+00
9.979075919447418785e-01 1.000754987326230916e+00
9.979053762490197599e-01 1.000754829859623163e+00
9.979023740010316557e-01 1.000755446015513472e+00
9.979025983097289387e-01 1.000756112055541935e+00
9.979003483404723651e-01 1.000757408050735986e+00
9.978990831004651563e-01 1.000757577086213823e+00
9.978948379921204204e-01 1.000757745108961094e+00
9.978925382798035093e-01 1.000757244179009575e+00
9.978890149570202039e-01 1.000758200892876149e+00
9.978878326220880224e-01 1.000758566159267060e+00
9.978852329556777701e-01 1.000759155915462939e+00
9.978843753173942677e-01 1.000759030600278487e+00
9.978829710397967290e-01 1.000760240327250195e+00
9.978838638503769731e-01 1.000761688293788643e+00
9.978810468091717789e-01 1.000762066333426903e+00
9.978787029900962890e-01 1.000760814720913716e+00
