# Columns: ustar Tstar(=Ttilde/Tinf) | Case=jet_M12_T75 | x*=20.00
0.000000000000000000e+00 1.076569442418950473e+00
1.672414117133904157e-02 1.076539346692265919e+00
5.024728834642745723e-02 1.076275976625148623e+00
8.376759758097804265e-02 1.075755705935398376e+00
1.170566285880538654e-01 1.074989969282911240e+00
1.497852842816881080e-01 1.074000407782994548e+00
1.815887504167575106e-01 1.072818993623767536e+00
2.121310385940348153e-01 1.071485030218013002e+00
2.411490937990893868e-01 1.070039812841947047e+00
2.684707392314585883e-01 1.068522916566508663e+00
2.940106627510558623e-01 1.066968779469934070e+00
3.177565910071068478e-01 1.065406315794407810e+00
3.397508818862968738e-01 1.063857990335518089e+00
3.600743149306071533e-01 1.062341400817123027e+00
3.788301648863808269e-01 1.060868829923305112e+00
3.961330117547282037e-01 1.059449279202785643e+00
4.121005356984912549e-01 1.058087903692853660e+00
4.268483843765612518e-01 1.056788236886927024e+00
4.404865087948349744e-01 1.055551084273854023e+00
4.531183451458590805e-01 1.054376727228764965e+00
4.648390862811759283e-01 1.053263389031182440e+00
4.757369008928200582e-01 1.052209407470086511e+00
4.858931516623193891e-01 1.051211528258455541e+00
4.953823716982430625e-01 1.050267161688908324e+00
5.042711988744358331e-01 1.049372181348648736e+00
5.126190393342771046e-01 1.048523815761778888e+00
5.204786072701953481e-01 1.047717904407147405e+00
5.278978174833703907e-01 1.046951684366755675e+00
5.349203896594213470e-01 1.046221122320026176e+00
5.415863048609368402e-01 1.045523616639163711e+00
5.479308749089931707e-01 1.044855376522599189e+00
5.539860282599803343e-01 1.044214359490999167e+00
5.597789250125698723e-01 1.043597652066948767e+00
5.653332474424934695e-01 1.043004053084909843e+00
5.706678610381207273e-01 1.042431217910764651e+00
5.757973832040886863e-01 1.041878281802985029e+00
5.807308217816959939e-01 1.041343693247029467e+00
5.854792064823347575e-01 1.040827168657483037e+00
5.900590207404933230e-01 1.040327492434539369e+00
5.944942770491432604e-01 1.039844099191174598e+00
5.988087670889490344e-01 1.039375407614043567e+00
6.030245389646352594e-01 1.038919959497176748e+00
6.071521351132754818e-01 1.038475965880778507e+00
6.111986922837330249e-01 1.038042349454237012e+00
6.151720073484898688e-01 1.037617417645468443e+00
6.190837982067561862e-01 1.037199387855342048e+00
6.229403060359695044e-01 1.036786558725150797e+00
6.267491994585904225e-01 1.036377690864106915e+00
6.305204598820206563e-01 1.035972566200496825e+00
6.342606386624782822e-01 1.035570621090712073e+00
6.379617086263792425e-01 1.035174970851111986e+00
6.416206518120342039e-01 1.034786528036129249e+00
6.452417192895449904e-01 1.034406189736190473e+00
6.488410543440963352e-01 1.034031570934976552e+00
6.524272752438200484e-01 1.033664305535634931e+00
6.560127751630510096e-01 1.033301700538274970e+00
6.596021874641746496e-01 1.032940912317584559e+00
6.632161225790411674e-01 1.032575464740774551e+00
6.668626127584800223e-01 1.032201476944533791e+00
6.705484704910869009e-01 1.031820297086590621e+00
6.742885768882594943e-01 1.031440083726045120e+00
6.780912008383965794e-01 1.031061422346637002e+00
6.819276183834656058e-01 1.030674343052545350e+00
6.857817995584956083e-01 1.030275440552013144e+00
6.896694280159597623e-01 1.029874627991950398e+00
6.936130426443742891e-01 1.029477868883316605e+00
6.976235324871391530e-01 1.029083316611870247e+00
7.017142483384815055e-01 1.028698556315486901e+00
7.058811331973200431e-01 1.028318381418078520e+00
7.101293019209655721e-01 1.027937073909540810e+00
7.144857428167187274e-01 1.027539358506288858e+00
7.189306404861810496e-01 1.027118684135641224e+00
7.233516064155021130e-01 1.026672413115832461e+00
7.277863861249731503e-01 1.026209425597095715e+00
7.322925737475883823e-01 1.025735435399254047e+00
7.369357554902732366e-01 1.025247589041360818e+00
7.416169883337446755e-01 1.024750148877809464e+00
7.463447403025892379e-01 1.024253061585385538e+00
7.511898367568837775e-01 1.023748935564806839e+00
7.561502461479298054e-01 1.023231963431668223e+00
7.612260106870405441e-01 1.022687317355929215e+00
7.664152795807047669e-01 1.022106850663796473e+00
7.716401813328944703e-01 1.021503738514849102e+00
7.769430030383825958e-01 1.020907580872117526e+00
7.821942416651215257e-01 1.020276468659426561e+00
7.875716756867026103e-01 1.019610545541133284e+00
7.930662112853291701e-01 1.018930242924243501e+00
7.986620906010759580e-01 1.018222346205784890e+00
8.043336879404584527e-01 1.017496404388731790e+00
8.100828966508649698e-01 1.016714976457393504e+00
8.160153774151787109e-01 1.015909568647322514e+00
8.218411886608681938e-01 1.015069190922359033e+00
8.276147556103147229e-01 1.014242557149924728e+00
8.334623957124606131e-01 1.013392365118440885e+00
8.392811747066620809e-01 1.012502239827084427e+00
8.450274469569392100e-01 1.011519719231798176e+00
8.507825385229397241e-01 1.010546581582395964e+00
8.565973802172436313e-01 1.009579384826625903e+00
8.623289089189172252e-01 1.008560164799824355e+00
8.681019926421813526e-01 1.007470767466181361e+00
8.736334780419700019e-01 1.006314346213648347e+00
8.790737951674766348e-01 1.005140944670254832e+00
8.844319287885693548e-01 1.003940961518655195e+00
8.894489510124093945e-01 1.002789042584866230e+00
8.944789472665088947e-01 1.001628307433075182e+00
8.995531204996081165e-01 1.000470617279306307e+00
9.043288234863111619e-01 9.993044343417991637e-01
9.084329433863432834e-01 9.981523949193753520e-01
9.122762410723429527e-01 9.971147004338273279e-01
9.159474708128989562e-01 9.961720420812860688e-01
9.192837211698714484e-01 9.953425911685170879e-01
9.222599247574327919e-01 9.946804881564775824e-01
9.249904309926559876e-01 9.940802699207968995e-01
9.274650551093595041e-01 9.936558132985092717e-01
9.300399090724623674e-01 9.933820547278275903e-01
9.328224588120868077e-01 9.931923105036745136e-01
9.357082143907548000e-01 9.932088570585058118e-01
9.392285984110149144e-01 9.933175711385553441e-01
9.434406233493922711e-01 9.934788982066982133e-01
9.485288136978433648e-01 9.937452117732028523e-01
9.539360501405047543e-01 9.940613927758872315e-01
9.596800381770527189e-01 9.944686649795528854e-01
9.652526237434312373e-01 9.949481596815388240e-01
9.710576645247973593e-01 9.954902734305917100e-01
9.770219128028961864e-01 9.960466209055107711e-01
9.822853807548588279e-01 9.966545155824774183e-01
9.869600245157691409e-01 9.973870861036544522e-01
9.906315846475086673e-01 9.980059231257243368e-01
9.932977449970755712e-01 9.986268724627963556e-01
9.953060616854056963e-01 9.991690826578824014e-01
9.966471819863688131e-01 9.995891948007817884e-01
9.975208351485628233e-01 9.999046782351426188e-01
9.980576170763750810e-01 1.000123091996956148e+00
9.984083706326538632e-01 1.000263695791596241e+00
9.986257910571649798e-01 1.000343830137153001e+00
9.988077456076126515e-01 1.000408872264438864e+00
9.988914027623914116e-01 1.000460102098613469e+00
9.989282688556699874e-01 1.000491356517586139e+00
9.989451015108690157e-01 1.000513883372551316e+00
9.989690016232138925e-01 1.000526964154126786e+00
9.989720738213737627e-01 1.000533573803301657e+00
9.989809158060150018e-01 1.000533171995092063e+00
9.989790328469555503e-01 1.000534152680440769e+00
9.989862527987576346e-01 1.000533296401916461e+00
9.989861887589829292e-01 1.000534602650803961e+00
9.989930853581882042e-01 1.000532911460048746e+00
9.989937226351001121e-01 1.000533955037423040e+00
9.989992542040584400e-01 1.000532075162501311e+00
9.989994155765893336e-01 1.000532276627899231e+00
9.990044944182293607e-01 1.000530807143745982e+00
9.990045878841287141e-01 1.000530977999814164e+00
9.990093596926542530e-01 1.000529604349333468e+00
9.990095404490477726e-01 1.000530264648072931e+00
9.990137292468218577e-01 1.000528792776630205e+00
9.990122045000229267e-01 1.000527991004488637e+00
9.990159983417348233e-01 1.000526899736080777e+00
9.990147276312589808e-01 1.000526592099767687e+00
9.990195196757113427e-01 1.000525963464627299e+00
9.990203797022623178e-01 1.000526702077010111e+00
9.990260545903558720e-01 1.000527065013296246e+00
9.990258881111183653e-01 1.000527080808306879e+00
9.990293100763951717e-01 1.000526844485607247e+00
9.990286234087458750e-01 1.000527133851179640e+00
9.990304162758926187e-01 1.000526937540614725e+00
9.990282446472102951e-01 1.000526983501874190e+00
9.990281345621871978e-01 1.000525580028340134e+00
9.990261672293156980e-01 1.000525359051102514e+00
9.990259348869159339e-01 1.000525170806722208e+00
9.990243957485708259e-01 1.000525558827951134e+00
9.990257635669922420e-01 1.000525946391663812e+00
9.990236371214086253e-01 1.000525840213563722e+00
9.990241337045410175e-01 1.000526242446162284e+00
9.990220937784278776e-01 1.000526688445228185e+00
9.990219165868058360e-01 1.000527394343582177e+00
9.990190105228239359e-01 1.000527110782282625e+00
9.990175724209142682e-01 1.000527141716255120e+00
9.990149023875040113e-01 1.000527531151376603e+00
9.990132307083885443e-01 1.000528220635525711e+00
9.990099970644061855e-01 1.000528288212056749e+00
9.990074515494746787e-01 1.000529028652484165e+00
9.990036486727318366e-01 1.000529191745563873e+00
9.989990290098457182e-01 1.000528878234622221e+00
9.989959092890857706e-01 1.000529370167218213e+00
9.989927355578253065e-01 1.000530478301492110e+00
9.989906821427473327e-01 1.000531893253385540e+00
9.989873102892945500e-01 1.000532894413587837e+00
9.989848213852814407e-01 1.000533563249316638e+00
9.989814272039400089e-01 1.000534501211628902e+00
9.989783793146176372e-01 1.000535909717797711e+00
9.989752163664111784e-01 1.000537156547315121e+00
9.989719517652888570e-01 1.000538282829293246e+00
9.989674766134889472e-01 1.000539637343034638e+00
9.989615865827687902e-01 1.000539722079656135e+00
9.989550701872820238e-01 1.000540323091427375e+00
9.989485231974407631e-01 1.000540211691190118e+00
9.989423803483596931e-01 1.000540825445382920e+00
9.989385338602401188e-01 1.000542286566172612e+00
9.989340554026850949e-01 1.000543803362246464e+00
9.989300618534162624e-01 1.000545349810129991e+00
9.989239832512147865e-01 1.000546892716143610e+00
9.989182292598620672e-01 1.000547369953117327e+00
9.989119264813240973e-01 1.000548458745163849e+00
9.989063959825588146e-01 1.000549325912845067e+00
9.989005828498904727e-01 1.000551217751709743e+00
9.988951880271954575e-01 1.000552486787856799e+00
9.988882555360433235e-01 1.000553501411502566e+00
9.988818364906061342e-01 1.000553962412884967e+00
9.988753550265628833e-01 1.000555885142905943e+00
9.988699462454797562e-01 1.000557150316944144e+00
9.988632359965664564e-01 1.000558709006188929e+00
9.988572156986714745e-01 1.000559323576806658e+00
9.988489004468913413e-01 1.000560414732019732e+00
9.988426200242415121e-01 1.000561887985995435e+00
9.988343268640181849e-01 1.000563389284794047e+00
9.988272885894380337e-01 1.000563848499180342e+00
9.988193736941416434e-01 1.000564912702921250e+00
9.988134726741546565e-01 1.000566671536432750e+00
9.988073511948920569e-01 1.000569293246260205e+00
9.988012993380996907e-01 1.000570679209518365e+00
9.987930158343756304e-01 1.000571828197729385e+00
9.987855172082954480e-01 1.000572593686169132e+00
9.987774808110478908e-01 1.000574179344164483e+00
9.987700916019492947e-01 1.000575431233063473e+00
9.987625211855847285e-01 1.000576837767805038e+00
9.987564386576861519e-01 1.000578795238228791e+00
9.987494007512359717e-01 1.000580407039134201e+00
9.987414982079488857e-01 1.000581363695057124e+00
9.987322114525066796e-01 1.000582000171356345e+00
9.987237950707902323e-01 1.000582897802822835e+00
9.987158752847303811e-01 1.000584498840171754e+00
9.987077407017274089e-01 1.000585346460444391e+00
9.986998285631123462e-01 1.000586564369145615e+00
9.986935957705515010e-01 1.000588189320196220e+00
9.986864225263064609e-01 1.000590026782890218e+00
9.986794842917845472e-01 1.000591974804837303e+00
9.986706824586383258e-01 1.000592838241928018e+00
9.986629085237445080e-01 1.000593623700704704e+00
9.986545534681374736e-01 1.000595026661532216e+00
9.986464650155628675e-01 1.000596036308254222e+00
9.986390818613194442e-01 1.000598310053596673e+00
9.986318773633995338e-01 1.000599446863736697e+00
9.986236850048448854e-01 1.000600545523953722e+00
9.986148609408335153e-01 1.000600998388973206e+00
9.986052640394795787e-01 1.000602196846465786e+00
9.985973180060752075e-01 1.000603049762049057e+00
9.985880690017564509e-01 1.000604023059179060e+00
9.985818632977054854e-01 1.000605443284056317e+00
9.985741595778081514e-01 1.000607150074632079e+00
9.985680250058339702e-01 1.000608760760726135e+00
9.985587282225496519e-01 1.000609649077183194e+00
9.985503502606390969e-01 1.000610145362192505e+00
9.985411902816324625e-01 1.000611490378020330e+00
9.985335142805104036e-01 1.000612101894455819e+00
9.985239614321423929e-01 1.000613390413145565e+00
9.985148274485855513e-01 1.000614066770174615e+00
9.985085558039916709e-01 1.000614532832238002e+00
9.984964317152397184e-01 1.000613965297276087e+00
