# Columns: ustar Tstar(=Ttilde/Tinf) | Case=jet_M08_T05 | x*=10.00
0.000000000000000000e+00 1.035402046345545335e+00
1.711545954175411680e-02 1.035374226257207209e+00
5.143650682547875469e-02 1.035083169716743745e+00
8.571319939185563508e-02 1.034516784101984888e+00
1.196099783907004221e-01 1.033699312785356206e+00
1.526900551577869414e-01 1.032668072814459270e+00
1.845179929303853161e-01 1.031470714333878158e+00
2.147423870610597751e-01 1.030158317571584270e+00
2.431312670261721876e-01 1.028779053387969045e+00
2.695744036717893644e-01 1.027373470931300270e+00
2.940581273349021085e-01 1.025973326166743416e+00
3.166415924363096268e-01 1.024601102884010295e+00
3.374264857445199994e-01 1.023272098927973994e+00
3.565397182448327706e-01 1.021995486148881582e+00
3.741154319372786419e-01 1.020776651165627769e+00
3.902902976750784458e-01 1.019617744857770791e+00
4.051943275375861631e-01 1.018519115362318761e+00
4.189509845200872218e-01 1.017479735981176248e+00
4.316726056216152463e-01 1.016497737605311480e+00
4.434634775766558290e-01 1.015570816715030356e+00
4.544182094483499856e-01 1.014696406128027695e+00
4.646241120932857460e-01 1.013871360931117627e+00
4.741581460163777906e-01 1.013093285074999850e+00
4.830898489522407191e-01 1.012358616352678986e+00
4.914817819577815272e-01 1.011663920513857118e+00
4.993867839038746981e-01 1.011006406708185867e+00
5.068488685791564530e-01 1.010383801744068277e+00
5.139062041384315771e-01 1.009793999330999448e+00
5.205972278159941569e-01 1.009235375484105246e+00
5.269569292755501566e-01 1.008705066116623472e+00
5.330180661456289659e-01 1.008200064685158992e+00
5.388086125923586822e-01 1.007717148843216615e+00
5.443563987507509250e-01 1.007253356215656259e+00
5.496840756968943698e-01 1.006805786675640135e+00
5.548178082913699516e-01 1.006371142311728972e+00
5.597732713354814926e-01 1.005949377884794549e+00
5.645657734570814767e-01 1.005542772374033111e+00
5.692041246429618839e-01 1.005154061907467700e+00
5.736988297614618038e-01 1.004785763148054345e+00
5.780608902835608909e-01 1.004436465803403289e+00
5.823101896440953107e-01 1.004102276111229486e+00
5.864610641381210465e-01 1.003782240001511950e+00
5.905279734850075180e-01 1.003476912911113628e+00
5.945099882800035651e-01 1.003185198370758702e+00
5.984169154475573738e-01 1.002900874665088704e+00
6.022582166674123050e-01 1.002620612130252997e+00
6.060530304847531191e-01 1.002347914969196285e+00
6.098151832719782561e-01 1.002084329420239728e+00
6.135588645665257523e-01 1.001830124914265818e+00
6.172876346661229086e-01 1.001588516793295858e+00
6.210181443657312172e-01 1.001356005699855389e+00
6.247391529434610513e-01 1.001122125588657763e+00
6.284363155415283453e-01 1.000891078585752769e+00
6.321137683774135096e-01 1.000664289617962277e+00
6.357858386183077304e-01 1.000445531897940610e+00
6.394508945151903268e-01 1.000233740177882913e+00
6.430961103132857293e-01 1.000018902863171411e+00
6.467170432742143094e-01 9.998017039161498642e-01
6.503309148791321936e-01 9.995928749541801439e-01
6.539576450837949473e-01 9.993978708485663498e-01
6.575911902420203958e-01 9.991967729717278202e-01
6.611982234047165674e-01 9.989873333305450132e-01
6.647938820454971642e-01 9.988027036436115669e-01
6.684170465914306414e-01 9.986299088196202156e-01
6.720671710941997778e-01 9.984662611397632226e-01
6.757523707986013983e-01 9.983024996308654808e-01
6.794895916462805330e-01 9.981168592084159741e-01
6.832516378734657669e-01 9.979288353802412415e-01
6.870296352342001311e-01 9.977328927764881339e-01
6.908789342298613523e-01 9.974935105165914084e-01
6.947974319955054767e-01 9.972620071682304355e-01
6.987895187094600447e-01 9.970620584122993346e-01
7.028612832969340918e-01 9.969241622409301673e-01
7.070135801695033306e-01 9.967839192717183883e-01
7.112081977710970060e-01 9.965763698567187134e-01
7.154473821558828828e-01 9.963444838194666087e-01
7.196864675443681580e-01 9.960916455909567535e-01
7.239410814893197932e-01 9.958008479268324331e-01
7.283085360466302616e-01 9.955211771914049823e-01
7.328038874711361172e-01 9.952549773903550667e-01
7.374297315237783312e-01 9.949866828284438247e-01
7.422152578441547632e-01 9.947362309044118778e-01
7.471319284472153210e-01 9.944576777783854515e-01
7.521846957737973183e-01 9.942432453583551766e-01
7.572972616574146221e-01 9.940737209585067680e-01
7.626233637037259649e-01 9.939224515216799061e-01
7.683535177311064945e-01 9.938296217870891125e-01
7.744244645126792115e-01 9.936681714198957183e-01
7.806962529610089740e-01 9.935095348490889933e-01
7.872744730812798464e-01 9.933697201358827611e-01
7.941639104331987831e-01 9.932171864102400383e-01
8.013094799528709400e-01 9.931833300644978824e-01
8.089587495713146392e-01 9.931524760845121813e-01
8.170797884033462744e-01 9.932820356793633509e-01
8.256525320966769943e-01 9.934193270961417799e-01
8.348794395900335230e-01 9.935601807776285321e-01
8.446205326429923055e-01 9.938073870460309989e-01
8.547631804244806286e-01 9.941745817686689080e-01
8.651981100661516599e-01 9.945851454350562726e-01
8.759943311288541645e-01 9.950030143637846880e-01
8.872435918515652054e-01 9.955354028723333304e-01
8.989340997984297532e-01 9.963874773721991263e-01
9.109850086567640171e-01 9.971379021330618597e-01
9.232662640106545915e-01 9.979317983421126526e-01
9.351547406728308864e-01 9.986286468948767370e-01
9.465291238148205721e-01 9.992451616344281140e-01
9.574339893628869280e-01 9.997781312812517029e-01
9.676566668865317355e-01 1.000157019426993088e+00
9.766713538374440784e-01 1.000412888279322843e+00
9.842215911182236043e-01 1.000597608263329663e+00
9.902713020694178248e-01 1.000703779507135627e+00
9.945866969665634327e-01 1.000591604878364516e+00
9.975594777044491934e-01 1.000463321700616248e+00
9.993398432378183260e-01 1.000348649450865990e+00
1.000181889525447954e+00 1.000252375115779246e+00
1.000542425123305712e+00 1.000146496129624696e+00
1.000703858314509143e+00 1.000065998615119245e+00
1.000769273334138010e+00 1.000016987373181010e+00
1.000806686889247121e+00 9.999921890701616300e-01
1.000825118609245390e+00 9.999826002301439587e-01
1.000834025209929923e+00 9.999798785933297074e-01
1.000842001812573656e+00 9.999785485283713138e-01
1.000850205800489334e+00 9.999778438208736242e-01
1.000856217887338362e+00 9.999785387231746592e-01
1.000859481512148763e+00 9.999789745785221395e-01
1.000860662478404439e+00 9.999789688306717217e-01
1.000861814283367401e+00 9.999799903371097143e-01
1.000859738245173380e+00 9.999803676324285906e-01
1.000855726787534206e+00 9.999801182670327027e-01
1.000850428555966731e+00 9.999810492314823440e-01
1.000843075211797162e+00 9.999821578169818537e-01
1.000836462701693685e+00 9.999835597370295703e-01
1.000826236120685442e+00 9.999850608690945553e-01
1.000818073247776496e+00 9.999880587673638521e-01
1.000808772527612911e+00 9.999916330109608342e-01
1.000798198038099107e+00 9.999950238219638132e-01
1.000785411921603529e+00 9.999988294243639109e-01
1.000771046298145395e+00 1.000001816533221843e+00
1.000757155638385187e+00 1.000006335769875188e+00
1.000741175992639675e+00 1.000010870719643341e+00
1.000723662658470570e+00 1.000015569457253450e+00
1.000705865449601051e+00 1.000020255940720748e+00
1.000686086706816802e+00 1.000025134128479598e+00
1.000667559964304232e+00 1.000030538850041895e+00
1.000645474198053497e+00 1.000036257254623528e+00
1.000625848096698078e+00 1.000043443028159951e+00
1.000601473349009174e+00 1.000048818729666111e+00
1.000579701035332558e+00 1.000055173359138294e+00
1.000554719328189623e+00 1.000061367621488451e+00
1.000530808817717165e+00 1.000068202363182168e+00
1.000504031250812886e+00 1.000075602091469618e+00
1.000476201535833276e+00 1.000081830423614981e+00
1.000449269461805679e+00 1.000089530623422762e+00
1.000420608041687309e+00 1.000095816491373579e+00
1.000391926731067027e+00 1.000103698217942982e+00
1.000363510405356537e+00 1.000111934424291249e+00
1.000333931690311706e+00 1.000120282981906694e+00
1.000305244067093202e+00 1.000128771092801294e+00
1.000274627791862825e+00 1.000136961411863146e+00
1.000246430751137394e+00 1.000145767727891100e+00
1.000214995086345704e+00 1.000155352790302210e+00
1.000182930809615289e+00 1.000163805241203629e+00
1.000148545270601375e+00 1.000171969663272042e+00
1.000114230138418714e+00 1.000180291387188447e+00
1.000078383255713410e+00 1.000188962607700516e+00
1.000043478286464227e+00 1.000197324441706392e+00
1.000007125713374245e+00 1.000206449663515018e+00
9.999723404954012906e-01 1.000214675824427690e+00
9.999360623750700450e-01 1.000223878382873410e+00
9.999015550239813699e-01 1.000233968697952447e+00
9.998660012106542760e-01 1.000243943127709478e+00
9.998317514806651651e-01 1.000253536553572298e+00
9.997949267255341610e-01 1.000263090167986979e+00
9.997605165548179018e-01 1.000273034134129047e+00
9.997231363389883496e-01 1.000283496308587372e+00
9.996876362499474977e-01 1.000293490262005758e+00
9.996501783672677721e-01 1.000302743104605652e+00
9.996134572189691037e-01 1.000312585583455816e+00
9.995751524103674290e-01 1.000323089904935792e+00
9.995370686379667635e-01 1.000332048455663259e+00
9.994984385558542961e-01 1.000342229449493692e+00
9.994606931674097083e-01 1.000351635293059038e+00
9.994208806617042029e-01 1.000361773713210889e+00
9.993827778754360569e-01 1.000371537654077825e+00
9.993431546743124505e-01 1.000381057218813208e+00
9.993060971260974146e-01 1.000390976082864647e+00
9.992673290150730914e-01 1.000401139545221030e+00
9.992310950135491199e-01 1.000411242799891465e+00
9.991934754903332161e-01 1.000422433004642953e+00
9.991571997197165045e-01 1.000432716886416218e+00
9.991183142635261527e-01 1.000442961356847515e+00
9.990804908309811605e-01 1.000452784823228969e+00
9.990402889723123403e-01 1.000462550555868857e+00
9.990016301114350572e-01 1.000471831606958517e+00
9.989619127909564744e-01 1.000481775094494985e+00
9.989238772203619110e-01 1.000491244556977577e+00
9.988834781187377887e-01 1.000501168959468501e+00
9.988450596758610134e-01 1.000510432545513639e+00
9.988055287913339964e-01 1.000520131271951829e+00
9.987687123240155396e-01 1.000530451077943805e+00
9.987301579498730764e-01 1.000540409002967701e+00
9.986944183044397239e-01 1.000550622723315408e+00
9.986581233587694673e-01 1.000561630282910563e+00
9.986221554657356281e-01 1.000571459767982008e+00
9.985831494667355424e-01 1.000581278064597734e+00
9.985452140132109466e-01 1.000590023021367347e+00
9.985053740868689021e-01 1.000599676148514527e+00
9.984675262868115686e-01 1.000608952427249898e+00
9.984293178910458311e-01 1.000618380271037999e+00
9.983950971446230449e-01 1.000628587956926996e+00
9.983591219655268967e-01 1.000638717914670739e+00
9.983226728929778249e-01 1.000648203402281666e+00
9.982842725481204660e-01 1.000657503808230819e+00
9.982489685681059655e-01 1.000666599524526745e+00
9.982130051156994366e-01 1.000676632534082788e+00
9.981781003107034200e-01 1.000686017867681077e+00
9.981412021168670767e-01 1.000695430645100359e+00
9.981048497590132573e-01 1.000703972505256223e+00
9.980659006481390483e-01 1.000711952739099520e+00
9.980289465572347307e-01 1.000720268168409977e+00
9.979927697828171462e-01 1.000729512793898879e+00
9.979600923173478355e-01 1.000739062594896867e+00
9.979264469486895939e-01 1.000748688759309557e+00
9.978942410964272147e-01 1.000757829190197512e+00
9.978599440205655480e-01 1.000767316204818291e+00
9.978258662900771903e-01 1.000775737296250911e+00
9.977894620349962995e-01 1.000784007363826555e+00
9.977561102273431182e-01 1.000792326758286110e+00
9.977224309964507487e-01 1.000801553107712349e+00
9.976910018333692287e-01 1.000810515265209810e+00
9.976574965383797622e-01 1.000819369003100423e+00
9.976254195294428362e-01 1.000827408677047670e+00
9.975910137369243813e-01 1.000835503757657952e+00
9.975578189376778093e-01 1.000843091722354083e+00
9.975236584311242272e-01 1.000851337578393840e+00
9.974916106124239734e-01 1.000859025073398634e+00
9.974582071356731250e-01 1.000866936845886235e+00
9.974271859423097242e-01 1.000874674046378088e+00
9.973968971382721760e-01 1.000883644160226460e+00
9.973697392395226569e-01 1.000892704588429272e+00
9.973390864576823223e-01 1.000901207534140802e+00
9.973081661998607350e-01 1.000908345058437954e+00
9.972761222062909159e-01 1.000916066276212657e+00
9.972470744425192546e-01 1.000923666445207250e+00
9.972170420459890439e-01 1.000931662019219015e+00
9.971874111989499356e-01 1.000938877353018785e+00
9.971554708386860533e-01 1.000945766937474168e+00
9.971252790804687738e-01 1.000952334056824267e+00
9.970943340231794849e-01 1.000959141552938636e+00
9.970666049304315326e-01 1.000966508385008336e+00
9.970384476473939106e-01 1.000974201247053719e+00
9.970137220539463385e-01 1.000982418015042397e+00
9.969860055614498950e-01 1.000990090338993888e+00
9.969598317268091314e-01 1.000996841740945609e+00
9.969315951520144603e-01 1.001004006488453779e+00
9.969033798994854090e-01 1.001009565399628043e+00
9.968787651219825907e-01 1.001014019838969427e+00
