# Columns: ustar Tstar(=Ttilde/Tinf) | Case=jet_M16_T75 | x*=5.00
0.000000000000000000e+00 1.076815925783690453e+00
1.441215450856318976e-02 1.076794709455402232e+00
4.398267640589215849e-02 1.076470320930345448e+00
7.424657242096846521e-02 1.075858925085948714e+00
1.048378104174658570e-01 1.074999578069043116e+00
1.353500861537838551e-01 1.073934477557020761e+00
1.654211949550271066e-01 1.072703516158823867e+00
1.947618652254088645e-01 1.071340237554765373e+00
2.231528101819547916e-01 1.069872914921404350e+00
2.504464657883671008e-01 1.068324908340450241e+00
2.765497020165014197e-01 1.066716221515881635e+00
3.014192075580073849e-01 1.065063267877802700e+00
3.250434328074236490e-01 1.063380688677837194e+00
3.474389376850269828e-01 1.061681071274451549e+00
3.686384888500918167e-01 1.059975796524268654e+00
3.886923976917384116e-01 1.058274121204786367e+00
4.076543107559361112e-01 1.056584907067334322e+00
4.255793810968857005e-01 1.054915462259367498e+00
4.425214675804046149e-01 1.053272674082605498e+00
4.585348614968529080e-01 1.051661518607926560e+00
4.736713546427164800e-01 1.050085666370926152e+00
4.879850983958328170e-01 1.048547015102383906e+00
5.015252363284743442e-01 1.047046388487322011e+00
5.143420826368712007e-01 1.045583017570576922e+00
5.264869083605158151e-01 1.044155720122133202e+00
5.380107632331139200e-01 1.042764492428118972e+00
5.489550255900504938e-01 1.041411135732618787e+00
5.593542107170610400e-01 1.040097739627800166e+00
5.692313555397178204e-01 1.038826683685130092e+00
5.786105647082243619e-01 1.037598549905728529e+00
5.875202543212768580e-01 1.036412505255439820e+00
5.959843462813618764e-01 1.035267496742952931e+00
6.040310380974205362e-01 1.034160668156399066e+00
6.116850218168320419e-01 1.033090529675753544e+00
6.189670045765275352e-01 1.032054314786781113e+00
6.258946639658451438e-01 1.031049351437232975e+00
6.324853369783659529e-01 1.030068156324368100e+00
6.387505200032963515e-01 1.029106398367704456e+00
6.446984512800466582e-01 1.028161742698764369e+00
6.503382468579054221e-01 1.027237795302891943e+00
6.556808329067863594e-01 1.026337378654960109e+00
6.607470704259332805e-01 1.025457773740412692e+00
6.655692666467738494e-01 1.024593889417368286e+00
6.701703688574522921e-01 1.023748199903026901e+00
6.745551270966114732e-01 1.022922435875328384e+00
6.787240594244432490e-01 1.022114175453634477e+00
6.826903207266407092e-01 1.021316920170373566e+00
6.864617680494886631e-01 1.020521507281635154e+00
6.900292983267281022e-01 1.019719661354580253e+00
6.933947766313290906e-01 1.018914521775676985e+00
6.965737164867411568e-01 1.018108231291835697e+00
6.995650430372349904e-01 1.017309833565028576e+00
7.023754529901452548e-01 1.016512883683031276e+00
7.050123979815271502e-01 1.015715784433897539e+00
7.074840088692793127e-01 1.014920355688831766e+00
7.098123835350110822e-01 1.014141506345782373e+00
7.119955512085743843e-01 1.013353425338411551e+00
7.140024113955020235e-01 1.012538773169590511e+00
7.158368141143008900e-01 1.011712115297554337e+00
7.175402240131324438e-01 1.010885886437009828e+00
7.191157752068688680e-01 1.010045031015587513e+00
7.206034778834050636e-01 1.009183398306525925e+00
7.219975761996439978e-01 1.008316076399218053e+00
7.232587306506871316e-01 1.007402142180060522e+00
7.243636414179740468e-01 1.006458668063703987e+00
7.253784437131323148e-01 1.005493145044205727e+00
7.263673082929699154e-01 1.004487852989206065e+00
7.273303775580932662e-01 1.003444678561130843e+00
7.281855557415288782e-01 1.002338905003346881e+00
7.290036643156970753e-01 1.001220804389981955e+00
7.297542081670489456e-01 1.000074847437601999e+00
7.304303821278217423e-01 9.988841663814365113e-01
7.310966033356770533e-01 9.977202312789152927e-01
7.317653197611589944e-01 9.965635360627801420e-01
7.323565023561618981e-01 9.953730352981926544e-01
7.329345729703735657e-01 9.941948488730819600e-01
7.334801437323448248e-01 9.930262958427080733e-01
7.339960738187588651e-01 9.918777531116010904e-01
7.345599890653463637e-01 9.907951788300333185e-01
7.351093807561447369e-01 9.897282254795830569e-01
7.355042291820668154e-01 9.886003910190914734e-01
7.359605263259673125e-01 9.873841788319930313e-01
7.365275498120984476e-01 9.861734153008004933e-01
7.371518094160695034e-01 9.849965287590305429e-01
7.379935371590837789e-01 9.838644749725007355e-01
7.387026375279613921e-01 9.826829265698232563e-01
7.395260871630172650e-01 9.815225754023100269e-01
7.407514136819609574e-01 9.803091177354552599e-01
7.424360873921200810e-01 9.789915873196576301e-01
7.444581992560045380e-01 9.777787411242334636e-01
7.467935533890630584e-01 9.765959032502641302e-01
7.497564713393584102e-01 9.753383888298892135e-01
7.534252782599318854e-01 9.740114420861015754e-01
7.580054666813911268e-01 9.726301702179132036e-01
7.635554786386447024e-01 9.711149312167902670e-01
7.699631173304275489e-01 9.695235958897377992e-01
7.776145084922658768e-01 9.680193532059020445e-01
7.865658049742032532e-01 9.665855660283361184e-01
7.967181342957466716e-01 9.651303857086678262e-01
8.083970034791072568e-01 9.637192009045790764e-01
8.218646956364747957e-01 9.624789376771268889e-01
8.367603327492691978e-01 9.613881584302670369e-01
8.535459329911325721e-01 9.605788025892347815e-01
8.726269198439001729e-01 9.599718565825015038e-01
8.928475575763327177e-01 9.596913951870124082e-01
9.130708580118804818e-01 9.599347426219971835e-01
9.332616006677295628e-01 9.606900323036119405e-01
9.523491416947994503e-01 9.620581243912535996e-01
9.694695678596192412e-01 9.643706129497734425e-01
9.846370228251818402e-01 9.674344781140590266e-01
9.968036601166186950e-01 9.712154821664151783e-01
1.005982049031646008e+00 9.760758158432772946e-01
1.013256983123658639e+00 9.813604653390470833e-01
1.019220078828952714e+00 9.857529304089385214e-01
1.024227435359472471e+00 9.887771761598388442e-01
1.028108780578883774e+00 9.905817286389366760e-01
1.030694938682806372e+00 9.913969460255819266e-01
1.031923257479629763e+00 9.917051110818386750e-01
1.032157290070617517e+00 9.918455370909514679e-01
1.031802167394668457e+00 9.919539456238464226e-01
1.031219254538043195e+00 9.920984413522612178e-01
1.030577779326820043e+00 9.922699688201362944e-01
1.029934075946277616e+00 9.924469515207174908e-01
1.029274405767055089e+00 9.926256051410763392e-01
1.028621761140703361e+00 9.928017382976833671e-01
1.027961231379102447e+00 9.929790074515832954e-01
1.027307403224437365e+00 9.931538590723905102e-01
1.026648515924006633e+00 9.933282507732849043e-01
1.025999330854365343e+00 9.934991127714918324e-01
1.025350044083290779e+00 9.936695253773278891e-01
1.024712606969290452e+00 9.938367010453370565e-01
1.024077800546865369e+00 9.940036715019587854e-01
1.023457207907801259e+00 9.941682747356158645e-01
1.022841173781498414e+00 9.943306082736160789e-01
1.022236831578087424e+00 9.944885863963839334e-01
1.021637997342408122e+00 9.946453400521612087e-01
1.021049543654694247e+00 9.947976494686119331e-01
1.020468941665204854e+00 9.949489503956058245e-01
1.019900865521658817e+00 9.950983358574674309e-01
1.019340353119721598e+00 9.952451223900453670e-01
1.018790729320770971e+00 9.953886433765863906e-01
1.018248891316843263e+00 9.955290775624789923e-01
1.017717118192302372e+00 9.956672991247179638e-01
1.017194873788284104e+00 9.958037764166904893e-01
1.016681961863342920e+00 9.959370595217791333e-01
1.016178125268836219e+00 9.960684823610574945e-01
1.015683324514004893e+00 9.961970646705368138e-01
1.015196432760573142e+00 9.963231764201666563e-01
1.014719386382878508e+00 9.964467990649625850e-01
1.014250988562541034e+00 9.965681986600478659e-01
1.013792177606701150e+00 9.966869604301693553e-01
1.013341757725472858e+00 9.968034892447241724e-01
1.012900068019695343e+00 9.969177493519857380e-01
1.012466364809761599e+00 9.970301141412195589e-01
1.012040507199129191e+00 9.971400852694985995e-01
1.011623885573267545e+00 9.972482817721564086e-01
1.011214678163744107e+00 9.973545794735036996e-01
1.010813476215026485e+00 9.974585307641822274e-01
1.010419107983741460e+00 9.975608005346767726e-01
1.010034070684143526e+00 9.976614001122788844e-01
1.009655517593257334e+00 9.977602876330033954e-01
1.009284064661615909e+00 9.978568823618428896e-01
1.008917620625753742e+00 9.979514795278690009e-01
1.008558258089198079e+00 9.980438530518600526e-01
1.008203881765989296e+00 9.981345481420077492e-01
1.007857361646666838e+00 9.982234076847594784e-01
1.007516474220049529e+00 9.983113386955491109e-01
1.007183652118802231e+00 9.983974130532441427e-01
1.006855124852055194e+00 9.984819376360150045e-01
1.006534271009080328e+00 9.985647025563586521e-01
1.006218019277447695e+00 9.986463659303559393e-01
1.005909575134073419e+00 9.987262287846162545e-01
1.005605199292523899e+00 9.988052424730357037e-01
1.005308207647915619e+00 9.988825804113199425e-01
1.005013592776979880e+00 9.989587816478924243e-01
1.004725402391365208e+00 9.990324837761476173e-01
1.004439317471066850e+00 9.991050041442793850e-01
1.004160981079618598e+00 9.991759614124161581e-01
1.003886353339240367e+00 9.992470611823771609e-01
1.003618537489812335e+00 9.993163515438384659e-01
1.003352863239926451e+00 9.993848133751201956e-01
1.003093415373765618e+00 9.994518207649059072e-01
1.002836672300441601e+00 9.995182042585084581e-01
1.002586895623651886e+00 9.995826843427050301e-01
1.002338431293337884e+00 9.996465262085664216e-01
1.002096737071082266e+00 9.997088531016061763e-01
1.001856953833344832e+00 9.997708974976859952e-01
1.001623443981261685e+00 9.998312433646433517e-01
1.001390485122419793e+00 9.998905535917805842e-01
1.001162346766580002e+00 9.999485180684815067e-01
1.000935491684037171e+00 1.000005907096755520e+00
1.000713723847326264e+00 1.000061952942291388e+00
1.000494007489399539e+00 1.000117999862894624e+00
1.000281135063334936e+00 1.000173312203390452e+00
1.000070216315127380e+00 1.000228269907126544e+00
9.998636518857879629e-01 1.000281879011551522e+00
9.996566647302868036e-01 1.000334537122271383e+00
9.994542472776363207e-01 1.000385787601082654e+00
9.992529675065381367e-01 1.000436767607361555e+00
9.990575782597369559e-01 1.000486749835286293e+00
9.988631777120655642e-01 1.000536588218107870e+00
9.986740489009771071e-01 1.000585275308903510e+00
9.984839779315685115e-01 1.000633616690700611e+00
9.982988138314093929e-01 1.000680418839457575e+00
9.981136679553088698e-01 1.000727611133318318e+00
9.979338497970335897e-01 1.000773243274050150e+00
9.977522972681920344e-01 1.000818683891630201e+00
9.975765924423797282e-01 1.000863224105277505e+00
9.974008397449174446e-01 1.000908279664748157e+00
9.972300908613581649e-01 1.000952153401489575e+00
9.970577761474430645e-01 1.000996003215708141e+00
9.968904002091342198e-01 1.001038650920121453e+00
9.967230135898096366e-01 1.001081892561167530e+00
9.965601432695105899e-01 1.001124035867952733e+00
9.963953361422140942e-01 1.001165673726444494e+00
9.962353417459171023e-01 1.001206098443862436e+00
9.960734932860920710e-01 1.001246463015446286e+00
9.959157020738492738e-01 1.001285234616207998e+00
9.957563342000492757e-01 1.001324468380555111e+00
9.956040747674972380e-01 1.001363192781814515e+00
9.954504216936977956e-01 1.001402355673067790e+00
9.953009047900568396e-01 1.001439866297357817e+00
9.951491537482975991e-01 1.001477997196364544e+00
9.950042087854821249e-01 1.001515614970656776e+00
9.948584094860080107e-01 1.001554415023616640e+00
9.947167090721513727e-01 1.001591298633427440e+00
9.945706365998014942e-01 1.001627720848554226e+00
9.944287417579427135e-01 1.001662480314895687e+00
9.942832539921914181e-01 1.001697676568890305e+00
9.941426986795333098e-01 1.001731363815410392e+00
9.940006383880624075e-01 1.001766230341321950e+00
9.938647547379614311e-01 1.001800740548517421e+00
9.937266366252599514e-01 1.001835808260473470e+00
9.935924697745083245e-01 1.001869719482379795e+00
9.934560095343887287e-01 1.001904157564431852e+00
9.933247443266040033e-01 1.001937751794965026e+00
9.931901469455952647e-01 1.001971879296127632e+00
9.930596774164153206e-01 1.002004632609639900e+00
9.929259015275010425e-01 1.002037998096187099e+00
9.927974082290580427e-01 1.002070454400978194e+00
9.926651083461726088e-01 1.002103176067199675e+00
9.925368045059831390e-01 1.002134462289144157e+00
9.924053650965701801e-01 1.002166528143141555e+00
9.922793154432919538e-01 1.002197765244399408e+00
9.921498766585500340e-01 1.002229543876949958e+00
9.920244492002007197e-01 1.002260419693540960e+00
9.918955253426080532e-01 1.002292120298548861e+00
9.917726272247142649e-01 1.002323420606956450e+00
9.916468546992766031e-01 1.002355765453544434e+00
9.915255543289219764e-01 1.002387250394056073e+00
9.913981406458232115e-01 1.002418219697195356e+00
9.912742878810287817e-01 1.002447488924326224e+00
9.911479763998169989e-01 1.002478216741896633e+00
9.910244400986877311e-01 1.002507707378922142e+00
9.909002834672994142e-01 1.002538599333853364e+00
9.907808752074248604e-01 1.002567824385565576e+00
9.906692213190457785e-01 1.002591944937341495e+00
