# Columns: ustar Tstar(=Ttilde/Tinf) | Case=jet_M12_T05 | x*=10.00
0.000000000000000000e+00 1.038033847161695444e+00
1.779361773706981259e-02 1.038004430385581323e+00
5.346870082374010485e-02 1.037689045296782631e+00
8.907324529530880053e-02 1.037076139410009201e+00
1.242360654930051433e-01 1.036194193185412837e+00
1.584866485800919267e-01 1.035086220717771122e+00
1.913689991775331944e-01 1.033806235059566259e+00
2.225289945383636114e-01 1.032409417906819948e+00
2.517420136541123621e-01 1.030946635803765332e+00
2.789114731627510557e-01 1.029458671376172862e+00
3.040370767240119232e-01 1.027977817602591326e+00
3.271905676635346039e-01 1.026526023052727998e+00
3.484841448387631657e-01 1.025119168706732253e+00
3.680541909604045925e-01 1.023766049383100007e+00
3.860428277948387277e-01 1.022472590613169308e+00
4.025932955867714269e-01 1.021240390411086718e+00
4.178412370426232703e-01 1.020071083068121442e+00
4.319174879855784410e-01 1.018962815563053459e+00
4.449391810943519876e-01 1.017915372409994523e+00
4.570141666175854822e-01 1.016925575942950299e+00
4.682380092211194667e-01 1.015992719819924339e+00
4.786962812914609122e-01 1.015114269797122937e+00
4.884654077389531390e-01 1.014288369439690252e+00
4.976179292297722156e-01 1.013509720480789023e+00
5.062190468067377935e-01 1.012775160276559117e+00
5.143286373649837984e-01 1.012079412277289148e+00
5.219962281087132672e-01 1.011419420722868834e+00
5.292646558890381492e-01 1.010791306175806925e+00
5.361684185445053652e-01 1.010193128117312211e+00
5.427363355770172815e-01 1.009621549860707734e+00
5.489934955326288835e-01 1.009077202126553274e+00
5.549663520744466672e-01 1.008557197161787711e+00
5.606767082827101012e-01 1.008062885442749801e+00
5.661528833056496124e-01 1.007591856452572099e+00
5.714237756383746536e-01 1.007146003778605747e+00
5.765169091392018386e-01 1.006719026871954137e+00
5.814556424054220241e-01 1.006306775810895671e+00
5.862507810768261551e-01 1.005902517085767167e+00
5.909063947100071656e-01 1.005507092434768435e+00
5.954288706048151969e-01 1.005115421390736064e+00
5.998356790054885090e-01 1.004727691832938419e+00
6.041435495139404477e-01 1.004342585281840616e+00
6.083669319216951088e-01 1.003972744449273202e+00
6.125190653915484340e-01 1.003622557356106393e+00
6.166108469844157058e-01 1.003293964756936107e+00
6.206512487296292901e-01 1.002979575444577387e+00
6.246480412058247333e-01 1.002675486412549111e+00
6.286128113274902507e-01 1.002376206455948271e+00
6.325524020491447574e-01 1.002081130304064205e+00
6.364726450342044206e-01 1.001783791846226679e+00
6.403692739315418603e-01 1.001483991381461713e+00
6.442220384687882273e-01 1.001184088358816338e+00
6.480366568693597396e-01 1.000884497515517557e+00
6.518217279642978257e-01 1.000583089779007118e+00
6.555721726373334723e-01 1.000281201166049350e+00
6.592928754886460130e-01 9.999786551202568541e-01
6.629834572066362064e-01 9.996745830031873448e-01
6.666546467070588733e-01 9.993750200947434381e-01
6.703194298151439190e-01 9.990667114743843058e-01
6.739886241888994878e-01 9.987455070660572476e-01
6.776664109523669044e-01 9.984087135985656447e-01
6.813250223268239036e-01 9.980275506367711769e-01
6.849708188152680011e-01 9.976301143923872461e-01
6.886427998184088128e-01 9.972535064970978747e-01
6.923840799239887600e-01 9.968665441653371539e-01
6.961372982756768302e-01 9.964802985770507826e-01
6.998551165824489217e-01 9.960903722160260321e-01
7.035469859546745752e-01 9.956827490442829998e-01
7.072656309010149078e-01 9.952550134198375753e-01
7.110103539620196145e-01 9.948157160269320842e-01
7.147239455593867863e-01 9.943831688896104248e-01
7.183584764505304143e-01 9.939483331037809455e-01
7.219481954789203071e-01 9.935015939557734210e-01
7.255815433870660414e-01 9.930464338083028197e-01
7.292366806779175814e-01 9.925916472764538812e-01
7.328904404888699764e-01 9.921093048365942080e-01
7.365261592878096231e-01 9.916025079732319059e-01
7.402298014001573723e-01 9.910361767382313003e-01
7.439750523777626245e-01 9.904468565237395383e-01
7.477296233626747890e-01 9.898860846506977174e-01
7.515844896296467459e-01 9.893627968200359168e-01
7.554810411523192881e-01 9.888030366360366363e-01
7.594519827665007217e-01 9.881823577165685935e-01
7.634539253719835328e-01 9.875879136157987848e-01
7.675553384672140211e-01 9.870615293639528609e-01
7.716951572950311311e-01 9.865635925719461463e-01
7.758748085967601682e-01 9.859489611122346231e-01
7.802076733944651732e-01 9.853389557360389128e-01
7.848401328611517291e-01 9.847417855685778321e-01
7.898712500632633082e-01 9.841717493383503879e-01
7.951613598160270913e-01 9.836873219860989837e-01
8.006777467120063108e-01 9.832637863432023284e-01
8.063381156258128124e-01 9.828807895269620065e-01
8.123101851612695157e-01 9.825957291160283269e-01
8.188285592105543076e-01 9.821948922742294030e-01
8.258293845316341253e-01 9.818801986852291330e-01
8.332691332127829531e-01 9.817692407952417488e-01
8.411366023216719778e-01 9.816108084376894416e-01
8.498407927636427717e-01 9.817027799649425956e-01
8.590389672258235132e-01 9.819415041988664994e-01
8.685131115897875009e-01 9.821431773077706762e-01
8.787092048329616656e-01 9.824642638364080582e-01
8.896416378385315626e-01 9.827841472025277136e-01
9.010681505642930134e-01 9.834608296881436340e-01
9.131439630687859799e-01 9.842507027340644532e-01
9.255716001645603042e-01 9.853341360112174430e-01
9.378956431352872825e-01 9.867726752469497820e-01
9.500351743921950920e-01 9.882940361206272728e-01
9.611626569996485348e-01 9.899539642121728544e-01
9.709130074423591994e-01 9.917911859336175917e-01
9.795441568366911600e-01 9.933783797805746385e-01
9.866644389880937505e-01 9.949120196726916054e-01
9.920981993350441730e-01 9.961947729026794374e-01
9.960924731999990511e-01 9.974423472045682582e-01
9.986900697444315300e-01 9.986179641061255774e-01
1.000160387744160495e+00 9.993784983625323415e-01
1.000909499048088902e+00 9.996710884298176669e-01
1.001224817301312520e+00 9.997940087614445304e-01
1.001328088765719437e+00 9.998356816164946093e-01
1.001331661386534844e+00 9.998382551190186929e-01
1.001337732376048617e+00 9.998400796518136513e-01
1.001322240490047921e+00 9.998448133818430561e-01
1.001320500997154417e+00 9.998491861327175600e-01
1.001307230551591765e+00 9.998536453426899451e-01
1.001304380573218911e+00 9.998574145892934473e-01
1.001292294658439275e+00 9.998637442574895839e-01
1.001282652622405900e+00 9.998675787531159376e-01
1.001266731442817415e+00 9.998726079350289675e-01
1.001253449598575873e+00 9.998760694953590100e-01
1.001232811285344804e+00 9.998816050501004860e-01
1.001215517561079071e+00 9.998858037020070810e-01
1.001193581216262452e+00 9.998910820361499585e-01
1.001174461199260346e+00 9.998960477968416027e-01
1.001149776709891137e+00 9.999016644783292884e-01
1.001129930317786965e+00 9.999081936247442570e-01
1.001107447585975141e+00 9.999164395656676696e-01
1.001081995359009547e+00 9.999220644228105082e-01
1.001054546907967691e+00 9.999285265812518642e-01
1.001027026329209146e+00 9.999346342205910343e-01
1.000998773663054564e+00 9.999426942503728544e-01
1.000971166411246394e+00 9.999504719329990188e-01
1.000939937860369389e+00 9.999576104631604512e-01
1.000910264752082668e+00 9.999660282818381152e-01
1.000878485564163922e+00 9.999745726455195882e-01
1.000846018456547526e+00 9.999821603929209823e-01
1.000810939487223328e+00 9.999900059215982573e-01
1.000778095269050594e+00 9.999991357261845959e-01
1.000744181918516995e+00 1.000008715586206520e+00
1.000710245404854870e+00 1.000017862497784460e+00
1.000674582870566987e+00 1.000027415122872076e+00
1.000636825341043812e+00 1.000035891077541095e+00
1.000600960932922723e+00 1.000045674401572438e+00
1.000562602168504345e+00 1.000055238128383817e+00
1.000526255142824894e+00 1.000065830918091647e+00
1.000489177167626975e+00 1.000076611382823666e+00
1.000450331378869739e+00 1.000086605909844106e+00
1.000411778058551970e+00 1.000097087879796343e+00
1.000371978237938997e+00 1.000107477501395614e+00
1.000331714797734417e+00 1.000118128642534021e+00
1.000291650813956768e+00 1.000128972371826519e+00
1.000251449757735500e+00 1.000140206332899018e+00
1.000211665675911910e+00 1.000151448910787666e+00
1.000169976762288693e+00 1.000162656711433451e+00
1.000128364504087264e+00 1.000173740134862488e+00
1.000086051784600638e+00 1.000185144100660395e+00
1.000043274682657302e+00 1.000196130307966280e+00
9.999996017155508010e-01 1.000206853757794612e+00
9.999564275456782614e-01 1.000218219791945140e+00
9.999124328637862824e-01 1.000230121419182439e+00
9.998683659356454312e-01 1.000240883613791709e+00
9.998232036810333900e-01 1.000252532119512372e+00
9.997789846199978125e-01 1.000263482650060931e+00
9.997342282302327243e-01 1.000274845270966884e+00
9.996909487657379412e-01 1.000286831321863357e+00
9.996470802055092975e-01 1.000299353421652881e+00
9.996050925219410743e-01 1.000311368689597247e+00
9.995596759866144376e-01 1.000322949181620569e+00
9.995159699864271108e-01 1.000334915492457233e+00
9.994694555096630406e-01 1.000346651682700427e+00
9.994236629211454837e-01 1.000358277917521521e+00
9.993765133745378115e-01 1.000369333772805458e+00
9.993303797059625015e-01 1.000380481425455770e+00
9.992833044765296879e-01 1.000392805499861648e+00
9.992373553094430205e-01 1.000403468816550401e+00
9.991915493575063145e-01 1.000415465481684807e+00
9.991479047577049855e-01 1.000427378421364644e+00
9.991032144968716722e-01 1.000439788004299668e+00
9.990602892926475631e-01 1.000452722616541612e+00
9.990159141530374765e-01 1.000464863758580236e+00
9.989721186648858886e-01 1.000476346735472921e+00
9.989257028155982265e-01 1.000488307861616022e+00
9.988806512713148678e-01 1.000499315366278008e+00
9.988342160471930242e-01 1.000511069993758051e+00
9.987886737574603879e-01 1.000522141095561146e+00
9.987413419170784179e-01 1.000533015557062866e+00
9.986967380070841394e-01 1.000544984163447726e+00
9.986511301570049071e-01 1.000556560083889712e+00
9.986076630180035218e-01 1.000567882187896718e+00
9.985636776472985865e-01 1.000580201694607707e+00
9.985218054955042888e-01 1.000591907179980478e+00
9.984788815279945773e-01 1.000604547065014449e+00
9.984350991566123268e-01 1.000615699883671494e+00
9.983889236120586652e-01 1.000626309362308897e+00
9.983434531155256364e-01 1.000636788315960590e+00
9.982975339669867276e-01 1.000647720658657258e+00
9.982548459364858351e-01 1.000658669142899138e+00
9.982115478280946252e-01 1.000670264677493204e+00
9.981703572845500583e-01 1.000681600195334475e+00
9.981278118444574243e-01 1.000693254333930193e+00
9.980860131558457748e-01 1.000704284456344739e+00
9.980419262031354766e-01 1.000715063931061355e+00
9.979988633775718210e-01 1.000725635242891931e+00
9.979554151994367572e-01 1.000736567134417276e+00
9.979136473557290721e-01 1.000747217998457783e+00
9.978700545601721927e-01 1.000757882369909479e+00
9.978279493301093206e-01 1.000767855148549046e+00
9.977857456922918367e-01 1.000778745605185316e+00
9.977460627571863583e-01 1.000789652929690465e+00
9.977055398386416307e-01 1.000800649013372290e+00
9.976659393589702995e-01 1.000811463382897504e+00
9.976253267281754988e-01 1.000822588717181771e+00
9.975848154346423913e-01 1.000832853903358188e+00
9.975425951007291792e-01 1.000842986323340789e+00
9.975017753457304792e-01 1.000852628380547671e+00
9.974599999856345045e-01 1.000862609353767141e+00
9.974209280101857811e-01 1.000872774121601250e+00
9.973809232122582413e-01 1.000883033690582513e+00
9.973428889393799457e-01 1.000893271619834879e+00
9.973033744022645752e-01 1.000903488533973817e+00
9.972643470891655593e-01 1.000912943608737171e+00
9.972250747038593488e-01 1.000922862375686062e+00
9.971871551184089411e-01 1.000932559282036172e+00
9.971481578862266826e-01 1.000942249322986699e+00
9.971104607323810765e-01 1.000951621764113453e+00
9.970729607992164789e-01 1.000961689793070652e+00
9.970380830822165308e-01 1.000972003280154565e+00
9.970013547227970507e-01 1.000981855513737306e+00
9.969639597067075920e-01 1.000990778416788851e+00
9.969248570666258136e-01 1.000999462831496878e+00
9.968878417395447000e-01 1.001008177436391255e+00
9.968511211247488291e-01 1.001017387808888603e+00
9.968158093046030066e-01 1.001026434797664288e+00
9.967801920538400529e-01 1.001035756405426191e+00
9.967459965803894262e-01 1.001044953074824218e+00
9.967107386143492231e-01 1.001054136322798493e+00
9.966763137917897808e-01 1.001062617113166242e+00
9.966399007944328758e-01 1.001070770692863654e+00
9.966047153802236602e-01 1.001078832094491000e+00
9.965703302859364454e-01 1.001087384972496830e+00
9.965382101794971748e-01 1.001096143445016962e+00
9.965048044645326009e-01 1.001104778270651030e+00
9.964724850955279933e-01 1.001113363357079233e+00
9.964379285081328419e-01 1.001121352471558312e+00
9.964064650961376168e-01 1.001129420622391741e+00
9.963739048042130619e-01 1.001138371010420469e+00
9.963411915211543013e-01 1.001145267026198882e+00
9.963114499072125430e-01 1.001150647470988142e+00
