# Columns: ustar Tstar(=Ttilde/Tinf) | Case=jet_M16_T05 | x*=5.00
0.000000000000000000e+00 1.028726030920602996e+00
1.754509801310764894e-02 1.028707642389144361e+00
5.290846117046121150e-02 1.028338722001825634e+00
8.828243855474890434e-02 1.027649081250643137e+00
1.231214642241501428e-01 1.026702136081610206e+00
1.568875663213863403e-01 1.025566965672619624e+00
1.891777519990291978e-01 1.024302921133353195e+00
2.197413231681375756e-01 1.022956128776114637e+00
2.484539750261148816e-01 1.021564123312735495e+00
2.752891976225533277e-01 1.020155631908896021e+00
3.002838216187368459e-01 1.018752048472848948e+00
3.235158789034023874e-01 1.017367079210788727e+00
3.450849485866399058e-01 1.016008974755046701e+00
3.651048172369209532e-01 1.014681272325615335e+00
3.836941696541790736e-01 1.013388059128174978e+00
4.009723744465011896e-01 1.012132164992855632e+00
4.170509006061445811e-01 1.010920862985078106e+00
4.320334579583898216e-01 1.009757984281924648e+00
4.460165106201143259e-01 1.008643467768329582e+00
4.590910383762520919e-01 1.007575049203839113e+00
4.713371780470541617e-01 1.006550178545479568e+00
4.828229977359462244e-01 1.005568069287319899e+00
4.936131258976728664e-01 1.004627608960573681e+00
5.037679637111065478e-01 1.003725265981816994e+00
5.133458833254791465e-01 1.002855562181058646e+00
5.223974428100602863e-01 1.002015713963441357e+00
5.309639345221769391e-01 1.001205510234907337e+00
5.390803613338112088e-01 1.000430187124396575e+00
5.467813224887549950e-01 9.996997994326575210e-01
5.541065189993265028e-01 9.990100324251315334e-01
5.610917995831339322e-01 9.983520754176159473e-01
5.677642733560401833e-01 9.977148402732980426e-01
5.741426260401709669e-01 9.970919899653504226e-01
5.802425832994897448e-01 9.964740746387236170e-01
5.860784249689657832e-01 9.958525422539374894e-01
5.916556572566930017e-01 9.952194008221313393e-01
5.969884131151248496e-01 9.945805213876492967e-01
6.020960226162712647e-01 9.939516090821293171e-01
6.069932716879364865e-01 9.933385681877052731e-01
6.116873120023925692e-01 9.927290004337850915e-01
6.161900710195730158e-01 9.921181104782605953e-01
6.205122446417520310e-01 9.915111533056594206e-01
6.246646116093289569e-01 9.909148020504808807e-01
6.286529085789076543e-01 9.903149756413665017e-01
6.324962868588364096e-01 9.897096684021483570e-01
6.361960823481223049e-01 9.890941544112181738e-01
6.397392651737782154e-01 9.884912819773730153e-01
6.431283231173791082e-01 9.879042515197834495e-01
6.463855860271968679e-01 9.873111112634962439e-01
6.495363303380894404e-01 9.866997222925977251e-01
6.525938791400343053e-01 9.860527055732428714e-01
6.555446441538216318e-01 9.853638441625771627e-01
6.583922146751977067e-01 9.846279623574971662e-01
6.611669622526653578e-01 9.838512815778678311e-01
6.638720064151033551e-01 9.830574870643231655e-01
6.664911313933904458e-01 9.822701957126477312e-01
6.690042064012180489e-01 9.814631268306945877e-01
6.714272542752153239e-01 9.806186111653979465e-01
6.737770646629533955e-01 9.797783892701498187e-01
6.760536539905611653e-01 9.789857165711122189e-01
6.782618121542649536e-01 9.781799675670890259e-01
6.803760280842037211e-01 9.773128068464466134e-01
6.824098236906559478e-01 9.764320070031358156e-01
6.843740186823682459e-01 9.754312724791224243e-01
6.862884478520597797e-01 9.743643707363841555e-01
6.881591626524392602e-01 9.733734578882153876e-01
6.900069082802754439e-01 9.723596183032423568e-01
6.918213304559200916e-01 9.712289100702363731e-01
6.936420022552739484e-01 9.700955196253340240e-01
6.954784150485422423e-01 9.688946946311401964e-01
6.973962875689759811e-01 9.677344709160120573e-01
6.993993132434631610e-01 9.664896229158035368e-01
7.014333633673601742e-01 9.650702424320238837e-01
7.035100042718472890e-01 9.637039055650010733e-01
7.056773166279352028e-01 9.624687805610930846e-01
7.079669686372547233e-01 9.612991609997548759e-01
7.103366053653074053e-01 9.601176949613891010e-01
7.128129176329739414e-01 9.587451205640132867e-01
7.154833928563308909e-01 9.573307460825419835e-01
7.183412256825238984e-01 9.558456475475113345e-01
7.214613806187377687e-01 9.543149503638217457e-01
7.248804921371350130e-01 9.528910010559901167e-01
7.285367540828728838e-01 9.514409404062317277e-01
7.325556830678904285e-01 9.496057348767161788e-01
7.369042760195886332e-01 9.475608162478467156e-01
7.416661620739557481e-01 9.456160491118074107e-01
7.468760632151593137e-01 9.436985360290169877e-01
7.526639628008711114e-01 9.419611977516945123e-01
7.590328634494541982e-01 9.403384925084782298e-01
7.660815397965070606e-01 9.389253537322586052e-01
7.739330381063290742e-01 9.376818131686681657e-01
7.827527316612908903e-01 9.366174143403960262e-01
7.924699799325563010e-01 9.356002926761566307e-01
8.030672123342299518e-01 9.350168974804816679e-01
8.144648814643294932e-01 9.348898090655394233e-01
8.262884962316827675e-01 9.353071916473580938e-01
8.389854988688185689e-01 9.361881076228537601e-01
8.526137632647093900e-01 9.377605972801937861e-01
8.669703202390816044e-01 9.403066762557660274e-01
8.817776519175045680e-01 9.436782438850301880e-01
8.966999861764677338e-01 9.483214869252900581e-01
9.119025760504994027e-01 9.546531636074224725e-01
9.267085343628623795e-01 9.614063058355029057e-01
9.409379251259967214e-01 9.693120838964019992e-01
9.541991718343889595e-01 9.773824999324771667e-01
9.665060387265441699e-01 9.852166071208225961e-01
9.774688808427400843e-01 9.915852604291248706e-01
9.870763040306599345e-01 9.961806491461925317e-01
9.948897167379879836e-01 9.989162002291771536e-01
1.000721648666416552e+00 9.997839036300626425e-01
1.004868294441490395e+00 9.994808310977235655e-01
1.007704208495047826e+00 9.989038512574325290e-01
1.009502581682601541e+00 9.983179062293007222e-01
1.010543268383432558e+00 9.978683812030897382e-01
1.010979721199614323e+00 9.975951122147025396e-01
1.011074197090797266e+00 9.974607397403064679e-01
1.010990496053188359e+00 9.974230092428155725e-01
1.010845214511294721e+00 9.974306088047099061e-01
1.010661463551074224e+00 9.974627561749768168e-01
1.010478713787290816e+00 9.975084478243744224e-01
1.010270727384244172e+00 9.975598663590121706e-01
1.010069060563218546e+00 9.976127860121654090e-01
1.009852862439461818e+00 9.976655443155713066e-01
1.009640686558660683e+00 9.977212400102433154e-01
1.009413841599215989e+00 9.977784095971451439e-01
1.009193721903924645e+00 9.978332355200526527e-01
1.008961767475833105e+00 9.978926170461216438e-01
1.008736747702923431e+00 9.979522735625103724e-01
1.008502662411336903e+00 9.980101079738632475e-01
1.008275004650768913e+00 9.980685667584584531e-01
1.008040663662634007e+00 9.981291617554242102e-01
1.007813040909263158e+00 9.981871874638487130e-01
1.007581394421442011e+00 9.982468389518455165e-01
1.007355507363937530e+00 9.983056102771411533e-01
1.007128445784810866e+00 9.983650329646813759e-01
1.006905702946623959e+00 9.984220608295586441e-01
1.006682121740858582e+00 9.984830130454831476e-01
1.006462404629158369e+00 9.985378069537487189e-01
1.006241723616227324e+00 9.985952592197941957e-01
1.006027285107666591e+00 9.986517005103648925e-01
1.005810286667692344e+00 9.987064969751602295e-01
1.005602066136208617e+00 9.987626187622106189e-01
1.005388897816479554e+00 9.988161763806587823e-01
1.005184968673354273e+00 9.988688061293913290e-01
1.004977340182722223e+00 9.989226551535046461e-01
1.004777821290260720e+00 9.989731109785386920e-01
1.004576604492052772e+00 9.990257288159903881e-01
1.004381510837325964e+00 9.990752731585330615e-01
1.004185397224709009e+00 9.991252130104467666e-01
1.003996152792208552e+00 9.991735340580184532e-01
1.003805297460721002e+00 9.992219829515344154e-01
1.003622573730800438e+00 9.992691790733121415e-01
1.003437773209910899e+00 9.993166963080765131e-01
1.003261478218272940e+00 9.993623290788055114e-01
1.003083394492645830e+00 9.994087636378850004e-01
1.002913074104662794e+00 9.994532951456679415e-01
1.002740903695082508e+00 9.994985344877581612e-01
1.002576205835060685e+00 9.995422812701968418e-01
1.002409324973507099e+00 9.995860801301672538e-01
1.002249234810925982e+00 9.996278522851274051e-01
1.002087279756861848e+00 9.996697707321811066e-01
1.001932093131324919e+00 9.997100617557418412e-01
1.001774027892576191e+00 9.997508033230583235e-01
1.001621729116058290e+00 9.997890216073330727e-01
1.001467061668746883e+00 9.998276783696511405e-01
1.001319254896624322e+00 9.998648086936826607e-01
1.001170532591738382e+00 9.999024423396410954e-01
1.001029391820051240e+00 9.999388557926155441e-01
1.000887125759525764e+00 9.999759757222550505e-01
1.000751038294553474e+00 1.000011554041437600e+00
1.000612850537041743e+00 1.000047400077221482e+00
1.000481321870425599e+00 1.000081880241352472e+00
1.000348570411453863e+00 1.000117036820303174e+00
1.000221884869945566e+00 1.000150472026219983e+00
1.000092352653789707e+00 1.000184377530447533e+00
9.999685467701981967e-01 1.000216484087823376e+00
9.998421547143750976e-01 1.000249071033697090e+00
9.997214037186121782e-01 1.000279886937336826e+00
9.995981737302672698e-01 1.000311045302175073e+00
9.994812007366796758e-01 1.000340726749985976e+00
9.993622058729254576e-01 1.000370820119864890e+00
9.992489639718300509e-01 1.000399473926915750e+00
9.991338264117040069e-01 1.000428569765356102e+00
9.990255377587982100e-01 1.000456759214796376e+00
9.989160878496577967e-01 1.000485827250656934e+00
9.988121781216193762e-01 1.000513485809680914e+00
9.987057922873504578e-01 1.000541474514685669e+00
9.986041594285897105e-01 1.000568051828900407e+00
9.984996030836080783e-01 1.000595118328565070e+00
9.983992104231361742e-01 1.000620433803240061e+00
9.982960349578794412e-01 1.000646062259153757e+00
9.981973091213736105e-01 1.000670585723242523e+00
9.980969726476938142e-01 1.000695658570150970e+00
9.980017709449939822e-01 1.000719631014296951e+00
9.979050636943442854e-01 1.000744316023293168e+00
9.978131973394579468e-01 1.000767960087110886e+00
9.977195859092531371e-01 1.000792251413009648e+00
9.976317087130049943e-01 1.000815752397342884e+00
9.975419005071747280e-01 1.000840150227961356e+00
9.974564766861039322e-01 1.000863153217779633e+00
9.973679523175035255e-01 1.000886229566397834e+00
9.972826860874505206e-01 1.000907802466602492e+00
9.971946878618906940e-01 1.000929479912346265e+00
9.971113503418979063e-01 1.000950391736416423e+00
9.970268508753263870e-01 1.000972126339546353e+00
9.969462693968496048e-01 1.000993059439442501e+00
9.968628102717721484e-01 1.001013906784994356e+00
9.967831214886359037e-01 1.001033864565327169e+00
9.967022910843801320e-01 1.001054653005559292e+00
9.966253973934598998e-01 1.001074403820451542e+00
9.965459942801799809e-01 1.001094509086024820e+00
9.964707744873342321e-01 1.001113604666384438e+00
9.963935976473193845e-01 1.001133515762440584e+00
9.963212190703435445e-01 1.001152133552477785e+00
9.962457088486883494e-01 1.001171634431420543e+00
9.961751763312397534e-01 1.001190412164053356e+00
9.961019784568984070e-01 1.001209716232123403e+00
9.960317262157284413e-01 1.001227701307379592e+00
9.959584995639475524e-01 1.001245980385836454e+00
9.958881324884247821e-01 1.001263070495940655e+00
9.958159257241759876e-01 1.001280722800513390e+00
9.957478829744280668e-01 1.001297705118255665e+00
9.956779190724899253e-01 1.001315482683432512e+00
9.956126834025701422e-01 1.001332806698501443e+00
9.955435294807550850e-01 1.001350430272480940e+00
9.954780444622468583e-01 1.001366990419930492e+00
9.954103370270427353e-01 1.001384436139566958e+00
9.953469952173026325e-01 1.001401079098808600e+00
9.952808347740726980e-01 1.001418266828969283e+00
9.952169736088589680e-01 1.001434163681630185e+00
9.951506275763979392e-01 1.001450867347309925e+00
9.950885576511904196e-01 1.001467009317343893e+00
9.950229559368526377e-01 1.001483459349861604e+00
9.949606195032590916e-01 1.001498449983413419e+00
9.948955189883148531e-01 1.001514098689106680e+00
9.948353514525331009e-01 1.001529533985085152e+00
9.947731184614769795e-01 1.001546037888273677e+00
9.947136406381011930e-01 1.001561174046337932e+00
9.946512413797832242e-01 1.001577169002383361e+00
9.945920620106760701e-01 1.001592113173178866e+00
9.945297872379555981e-01 1.001607695788366836e+00
9.944711819132668884e-01 1.001622566466036091e+00
9.944096695511944750e-01 1.001638012541925304e+00
9.943523043471321765e-01 1.001652822689163669e+00
9.942911560455219844e-01 1.001668131583814292e+00
9.942332182210797953e-01 1.001682517378174708e+00
9.941730119036085167e-01 1.001697750305247103e+00
9.941163483005572843e-01 1.001712279106003356e+00
9.940562477393685148e-01 1.001727599293120941e+00
9.939988962529489047e-01 1.001741802772348366e+00
9.939377145035420691e-01 1.001755961554850582e+00
9.938820367737065675e-01 1.001770388914472232e+00
9.938226666737606241e-01 1.001785403064225477e+00
9.937676561942700992e-01 1.001799311290538341e+00
9.937096163129285342e-01 1.001815124869298801e+00
9.936537283531586828e-01 1.001828548997167001e+00
9.936026817679284306e-01 1.001839768637670103e+00
