# Columns: ustar Tstar(=Ttilde/Tinf) | Case=jet_M12_T75 | x*=10.00
0.000000000000000000e+00 1.074417849044968953e+00
1.745863198382820516e-02 1.074387443979150092e+00
5.250236061882458671e-02 1.074074664886495389e+00
8.753177060233610640e-02 1.073465072524737884e+00
1.221908882131222257e-01 1.072583901512133231e+00
1.560217657432101945e-01 1.071470858483439592e+00
1.885725730222864993e-01 1.070176489433240175e+00
2.194808012747274106e-01 1.068754416915405736e+00
2.485064940483860674e-01 1.067254602084092507e+00
2.755332328107776285e-01 1.065719228421609710e+00
3.005435192969185820e-01 1.064181803527186609e+00
3.235933468466959395e-01 1.062667015897181155e+00
3.447845415078275022e-01 1.061192182482370461e+00
3.642505493291869900e-01 1.059768194026668553e+00
3.821375797325786694e-01 1.058401301403466555e+00
3.985951196661939311e-01 1.057094160758004886e+00
4.137645603906932035e-01 1.055847438184559950e+00
4.277792072721552374e-01 1.054660256239648985e+00
4.407587796327471774e-01 1.053530636077011806e+00
4.528100653528921438e-01 1.052456115906271306e+00
4.640275761756457729e-01 1.051434123128853537e+00
4.744984691141146960e-01 1.050461678460757220e+00
4.842994835399575537e-01 1.049535907844769467e+00
4.935007096494963830e-01 1.048653784328989147e+00
5.021636595224311383e-01 1.047811581235085221e+00
5.103415217133711046e-01 1.047006058565846498e+00
5.180840860133174575e-01 1.046233593763432612e+00
5.254357801601138300e-01 1.045491296257786251e+00
5.324368026359470596e-01 1.044775815942076358e+00
5.391213284659127636e-01 1.044085641864508363e+00
5.455189648460154750e-01 1.043418742909631103e+00
5.516615287297577108e-01 1.042772977674050860e+00
5.575795846153902557e-01 1.042145382588141267e+00
5.632987275600673804e-01 1.041534920481298476e+00
5.688391329827966469e-01 1.040939723388654592e+00
5.742179067410465576e-01 1.040357654913593111e+00
5.794463684183032148e-01 1.039787022560431762e+00
5.845382150624081063e-01 1.039226564934450980e+00
5.895053287812201948e-01 1.038674997947721224e+00
5.943615662009374967e-01 1.038130290716612558e+00
5.991158661553532827e-01 1.037590578923808460e+00
6.037828026120199976e-01 1.037056371771432284e+00
6.083796262009105726e-01 1.036529294359840758e+00
6.129212248523288054e-01 1.036010920864101292e+00
6.174224503461496205e-01 1.035499751151501391e+00
6.218917283614071589e-01 1.034993206742548022e+00
6.263304727114653581e-01 1.034488454098252630e+00
6.307399346525156547e-01 1.033986840125800777e+00
6.351301548790952989e-01 1.033487316869307726e+00
6.395196247539925993e-01 1.032986644969335899e+00
6.439170163281972004e-01 1.032481335845901071e+00
6.483271943313320129e-01 1.031967479548416611e+00
6.527378221895275834e-01 1.031441371803937912e+00
6.571414602502807512e-01 1.030909637695067937e+00
6.615445927076903931e-01 1.030375790872581243e+00
6.659367572450514139e-01 1.029844525867561034e+00
6.703259288489770151e-01 1.029311365985552396e+00
6.747124866199982751e-01 1.028769887005300365e+00
6.790923032792326453e-01 1.028217884296697360e+00
6.834740716109823921e-01 1.027663999460522115e+00
6.878222426194535721e-01 1.027103562631161537e+00
6.921141833074097027e-01 1.026532933595560193e+00
6.963043069533962903e-01 1.025944724811447273e+00
7.003928385210503871e-01 1.025348348559474099e+00
7.044151324006180381e-01 1.024749030214588519e+00
7.083691574254965539e-01 1.024153767896764489e+00
7.123058607746247661e-01 1.023548153435462016e+00
7.162361286385450221e-01 1.022928156096262864e+00
7.200719656175550432e-01 1.022292300593124370e+00
7.238141456761236769e-01 1.021631453061171868e+00
7.275008280130565996e-01 1.020931725468799511e+00
7.311759036816061208e-01 1.020214453060783732e+00
7.347731879272441091e-01 1.019483928107080661e+00
7.382829503102015245e-01 1.018727790814907053e+00
7.417372856600902287e-01 1.017958895841452716e+00
7.451646422155659977e-01 1.017197285334394685e+00
7.485848764551543688e-01 1.016403543465721482e+00
7.519908624496834948e-01 1.015555396671559363e+00
7.552570362694256412e-01 1.014696512689041263e+00
7.584205878445871019e-01 1.013832011970472236e+00
7.615552684545373596e-01 1.012928428210782217e+00
7.647942184731381099e-01 1.011980519436169512e+00
7.678822327301932926e-01 1.011035931151071265e+00
7.709197067915842805e-01 1.010121552060786021e+00
7.739566089964526885e-01 1.009166303579649870e+00
7.770046876741987241e-01 1.008190220600308828e+00
7.801848297396541954e-01 1.007234599544020837e+00
7.831848339505881329e-01 1.006255548291247859e+00
7.862670422081772248e-01 1.005221102161586222e+00
7.894016187606319734e-01 1.004208643471740325e+00
7.925499614662230297e-01 1.003240550604092229e+00
7.956792462668583754e-01 1.002282504136444263e+00
7.986966906067707317e-01 1.001253149025068456e+00
8.020150592816400748e-01 1.000124797173136182e+00
8.055645505059277900e-01 9.990105449200994414e-01
8.089992240380399213e-01 9.979563917154515851e-01
8.127857374735266704e-01 9.969446728156153847e-01
8.170100841324524632e-01 9.959991823299012559e-01
8.216256670462348533e-01 9.950715523176598687e-01
8.264920274317129056e-01 9.940938266193998230e-01
8.316209227816786509e-01 9.931087226495221021e-01
8.370833685615933772e-01 9.920309635829219763e-01
8.427557272351723361e-01 9.909833844392974544e-01
8.488456100419635719e-01 9.899528957289919218e-01
8.554046327251081383e-01 9.889221916451886862e-01
8.624852832701485061e-01 9.879550550844199419e-01
8.702723627936059803e-01 9.870481808220370468e-01
8.785448928717854988e-01 9.862107798787081991e-01
8.871717996647781046e-01 9.854353542202334282e-01
8.961327260151278340e-01 9.848728209636030684e-01
9.057566852026561754e-01 9.845030401902266082e-01
9.159636641156835291e-01 9.843345056454635422e-01
9.265939590913999657e-01 9.844794484541100621e-01
9.375852566024861501e-01 9.849816483882156692e-01
9.489314238709142257e-01 9.858797918023695095e-01
9.600950333374944634e-01 9.871123403773859328e-01
9.706155274301551117e-01 9.884751721066878938e-01
9.805480179224538295e-01 9.901898720637326567e-01
9.890234100187963451e-01 9.919903591647739605e-01
9.957873174563505181e-01 9.936517406986588030e-01
1.000702365615789402e+00 9.952421335801999724e-01
1.003647381665977223e+00 9.964529852159690337e-01
1.005225395217870021e+00 9.974074568531435814e-01
1.006040969685326525e+00 9.980594920633266698e-01
1.006365267856891066e+00 9.983620937527326600e-01
1.006437369290888340e+00 9.984836281242701617e-01
1.006461036562937617e+00 9.985366458421500724e-01
1.006466608990810530e+00 9.985586910152487450e-01
1.006463900495385255e+00 9.985709974240344344e-01
1.006458537971909983e+00 9.985818309382322733e-01
1.006445037322058589e+00 9.985914057828058077e-01
1.006428530114733544e+00 9.986002832679524710e-01
1.006403832983499891e+00 9.986069716984685707e-01
1.006380032949430792e+00 9.986157404833578832e-01
1.006353182141743741e+00 9.986262359153081913e-01
1.006320666070042780e+00 9.986339056056444674e-01
1.006287879002231156e+00 9.986453460582688235e-01
1.006247129512190641e+00 9.986542426116411519e-01
1.006206269614490001e+00 9.986666246735232955e-01
1.006162707259756539e+00 9.986778129573471441e-01
1.006112867526088861e+00 9.986898084649780127e-01
1.006067384274642595e+00 9.987029903054276403e-01
1.006013203799725142e+00 9.987169321492238572e-01
1.005963419975478113e+00 9.987314174939937450e-01
1.005903737175332990e+00 9.987472786925666313e-01
1.005847448735833760e+00 9.987627846570767964e-01
1.005781311685153501e+00 9.987785837418577950e-01
1.005719543276347716e+00 9.987940674889381754e-01
1.005649957347436452e+00 9.988118293746612864e-01
1.005585768881637199e+00 9.988295305849942407e-01
1.005514831967448286e+00 9.988492738851804109e-01
1.005446133956658716e+00 9.988671085984672793e-01
1.005370564886991280e+00 9.988871774580448948e-01
1.005297939949250541e+00 9.989058502644956317e-01
1.005218391919531440e+00 9.989267295662856982e-01
1.005142739167939281e+00 9.989460988392371288e-01
1.005059287036574656e+00 9.989675193398978026e-01
1.004980491044007884e+00 9.989875877712771635e-01
1.004894160892579213e+00 9.990097757010028001e-01
1.004813390022839092e+00 9.990308278228501315e-01
1.004723614426825451e+00 9.990532300088185158e-01
1.004640148542529143e+00 9.990752041559407548e-01
1.004549162697925935e+00 9.990983855220418874e-01
1.004464544794307912e+00 9.991210828517763654e-01
1.004372280590614563e+00 9.991457647204932124e-01
1.004284183397394115e+00 9.991685628072343173e-01
1.004188887655234952e+00 9.991927511409998131e-01
1.004099258464773214e+00 9.992158182518497966e-01
1.004002548828556662e+00 9.992409126993383461e-01
1.003911055346551562e+00 9.992645498904024759e-01
1.003813303611028385e+00 9.992898854999172631e-01
1.003720593625079927e+00 9.993131354077954276e-01
1.003621013920079408e+00 9.993392277996752115e-01
1.003526988120485353e+00 9.993631431759725237e-01
1.003426085333122941e+00 9.993885829595627879e-01
1.003331600888288655e+00 9.994132008388619814e-01
1.003229308285778831e+00 9.994388388916816135e-01
1.003134269553386249e+00 9.994637245138355830e-01
1.003031341480359107e+00 9.994894706726989986e-01
1.002934049765273672e+00 9.995130084270156257e-01
1.002830925949962371e+00 9.995394962418900908e-01
1.002734915893039869e+00 9.995643549073442991e-01
1.002632272753781972e+00 9.995912613349103859e-01
1.002535495107139463e+00 9.996164997978939093e-01
1.002431796975279621e+00 9.996424836861349528e-01
1.002336168780856962e+00 9.996682984530240734e-01
1.002233366196131348e+00 9.996949691468556276e-01
1.002137052676364659e+00 9.997201210231635438e-01
1.002034407163786778e+00 9.997472650788239434e-01
1.001937105991480559e+00 9.997717264745071830e-01
1.001833081588185959e+00 9.997981973256050425e-01
1.001734557371381618e+00 9.998226065735349444e-01
1.001630478657501655e+00 9.998485229820581743e-01
1.001532294521087385e+00 9.998732947386621550e-01
1.001428239973570999e+00 9.998988759409463967e-01
1.001331129310434997e+00 9.999238801872287752e-01
1.001228419910024092e+00 9.999496264568389359e-01
1.001131454362930828e+00 9.999741277565592501e-01
1.001028487423381241e+00 9.999997623117050649e-01
1.000931261595236599e+00 1.000023891101681217e+00
1.000829785971469876e+00 1.000049559637290253e+00
1.000733722589798314e+00 1.000074309534048300e+00
1.000633515932478845e+00 1.000100098105254354e+00
1.000538803588785219e+00 1.000125071084465578e+00
1.000439845142293116e+00 1.000150742330348619e+00
1.000345601079849933e+00 1.000175244609729619e+00
1.000245692588632274e+00 1.000200379133811435e+00
1.000150629578742567e+00 1.000223833967154086e+00
1.000051120518529624e+00 1.000248574889692543e+00
9.999574053548659913e-01 1.000272270472949199e+00
9.998586899488896007e-01 1.000296718373372640e+00
9.997648649397363751e-01 1.000319824690594217e+00
9.996660636750529516e-01 1.000344024628519790e+00
9.995724445777491862e-01 1.000366726020502250e+00
9.994747374441407262e-01 1.000390726828205956e+00
9.993848325072226535e-01 1.000414278946032853e+00
9.992916879776201355e-01 1.000439661188934570e+00
9.992032970814150872e-01 1.000463121750066131e+00
9.991084389211227768e-01 1.000486988663269461e+00
9.990181333578224132e-01 1.000509253748298022e+00
9.989241629521770083e-01 1.000532663801687816e+00
9.988343317006369571e-01 1.000554968214195206e+00
9.987395521528158460e-01 1.000577247718211771e+00
9.986505666586898977e-01 1.000599022173409125e+00
9.985599341208349911e-01 1.000622251371814375e+00
9.984744826908942272e-01 1.000644425565362816e+00
9.983842593296713419e-01 1.000667117025680231e+00
9.982980683645906739e-01 1.000688242833492669e+00
9.982086747379429470e-01 1.000710418429738846e+00
9.981249095457781495e-01 1.000731869526174656e+00
9.980376087276014996e-01 1.000754080282452385e+00
9.979549238403769840e-01 1.000775368231259232e+00
9.978678686885060767e-01 1.000796890815413009e+00
9.977841218936343015e-01 1.000817053201223716e+00
9.976964367243930099e-01 1.000837615835347805e+00
9.976133273666351053e-01 1.000857442775370476e+00
9.975280208865293652e-01 1.000878243092667264e+00
9.974476142386224931e-01 1.000898071624126029e+00
9.973653269964830592e-01 1.000918874703118577e+00
9.972881843450256412e-01 1.000939213714255649e+00
9.972079226985225420e-01 1.000959925858368127e+00
9.971301254847435569e-01 1.000979312612359839e+00
9.970482100835881267e-01 1.000998517017047895e+00
9.969699210048927895e-01 1.001017092911367090e+00
9.968903953487674441e-01 1.001036448697074643e+00
9.968146481598443298e-01 1.001055648607226845e+00
9.967360519768185823e-01 1.001074494655669556e+00
9.966597892669752934e-01 1.001092350920216756e+00
9.965806162478660912e-01 1.001109987977147231e+00
9.965060635174827208e-01 1.001127711653073238e+00
9.964305405214416433e-01 1.001146198075238303e+00
9.963590528465299245e-01 1.001164448999843470e+00
9.962865896339971883e-01 1.001183302710810130e+00
9.962144152646003059e-01 1.001201102444128521e+00
9.961407249698969180e-01 1.001218814434840398e+00
9.960717853490208551e-01 1.001234794981386012e+00
9.960013870066630748e-01 1.001246869951824880e+00
