# Columns: ustar Tstar(=Ttilde/Tinf) | Case=jet_M12_T05 | x*=5.00
0.000000000000000000e+00 1.007831538996299958e+00
1.733070198697447134e-02 1.007819785792711587e+00
5.227256194347407181e-02 1.007449394309922752e+00
8.718896488922046883e-02 1.006768853274076170e+00
1.214700733641586178e-01 1.005853599036458768e+00
1.545343651268395180e-01 1.004782068639817449e+00
1.859720066492069890e-01 1.003620109714572717e+00
2.155617103013387492e-01 1.002412818533131134e+00
2.432213565392530863e-01 1.001190572883639884e+00
2.689638028328051322e-01 9.999725495553921650e-01
2.928596711879887793e-01 9.987700246404322968e-01
3.150130512271838157e-01 9.975880889561342668e-01
3.355403816601671418e-01 9.964336274220525480e-01
3.545625145994916738e-01 9.953106230454915604e-01
3.721983601041070622e-01 9.942240158849305898e-01
3.885643423245558892e-01 9.931765002380696927e-01
4.037733714578189415e-01 9.921704172935392751e-01
4.179339052509296049e-01 9.912059777859741905e-01
4.311410758839496205e-01 9.902871016043079955e-01
4.434836840228228438e-01 9.894119564127988875e-01
4.550432397843773291e-01 9.885813629844549810e-01
4.658950367840361539e-01 9.877922567857638780e-01
4.761050010160761126e-01 9.870475069895726650e-01
4.857323406770404084e-01 9.863451841379958784e-01
4.948290256562908329e-01 9.856831539590689140e-01
5.034395635725816831e-01 9.850513552009905194e-01
5.115969408949427866e-01 9.844416862547991087e-01
5.193307732432204116e-01 9.838463582704678467e-01
5.266702848175197627e-01 9.832614474081332601e-01
5.336464584575504322e-01 9.826817670823638773e-01
5.402860237128519483e-01 9.821054966466873370e-01
5.466203423579453213e-01 9.815342317540061146e-01
5.526708941251426976e-01 9.809781829895966032e-01
5.584546967179825350e-01 9.804438884079084149e-01
5.639900539696620640e-01 9.799283427642155875e-01
5.693004118286424386e-01 9.794244394232423101e-01
5.743977998249200079e-01 9.789310904650203593e-01
5.792871792029511413e-01 9.784491424758371414e-01
5.839706436729930061e-01 9.779865257591868755e-01
5.884569159971287933e-01 9.775336949066040226e-01
5.927677830341638865e-01 9.770820245525311254e-01
5.969298059909974308e-01 9.766302013855882036e-01
6.009690172874796454e-01 9.761755136399637989e-01
6.049030212525816630e-01 9.757100388207141650e-01
6.087438053942074712e-01 9.752455672318758317e-01
6.124836008538407928e-01 9.747857537506440240e-01
6.161047329214209833e-01 9.743333437747944137e-01
6.195943157216660113e-01 9.738775037640987620e-01
6.229410422487609011e-01 9.734110091851534419e-01
6.261326614563299531e-01 9.729218929112535275e-01
6.291801554132364638e-01 9.724183245658760688e-01
6.320745701866360422e-01 9.719050928640278197e-01
6.348377974102307197e-01 9.713940435585263211e-01
6.375005542044763773e-01 9.708941831325013094e-01
6.400956863377827988e-01 9.703822857798112267e-01
6.426163402595991281e-01 9.698714469689194706e-01
6.450706468467861665e-01 9.694247700680738156e-01
6.473950741953051757e-01 9.689956305989354535e-01
6.495986283632499969e-01 9.685184635510826201e-01
6.517330556888383253e-01 9.679949719468233793e-01
6.538321755348701636e-01 9.674282220270815635e-01
6.558957631638271391e-01 9.668783806321936680e-01
6.579093609993069691e-01 9.663405113237835131e-01
6.598941588109002998e-01 9.657287359028415841e-01
6.618184942984319807e-01 9.650764160667457681e-01
6.637343863791774767e-01 9.644075048277090945e-01
6.657043840411119850e-01 9.637642071330468907e-01
6.677282990929895856e-01 9.631563746864164610e-01
6.698229292430377679e-01 9.625451869194809884e-01
6.718992172043000144e-01 9.618522105326425820e-01
6.740296562898275834e-01 9.611563745430395933e-01
6.762591301862578286e-01 9.605281086072287033e-01
6.785713074989664362e-01 9.598024148545001299e-01
6.809287181522148957e-01 9.589616392561117753e-01
6.834473367666764609e-01 9.581417580867612749e-01
6.861780831050940943e-01 9.573815981550178877e-01
6.890733988285419054e-01 9.567026853207357684e-01
6.921444321629113272e-01 9.560507711827984645e-01
6.954589649348393854e-01 9.552821107602025297e-01
6.989138495411426621e-01 9.545552905160377133e-01
7.026804154622450227e-01 9.538778201071216323e-01
7.069109967396220995e-01 9.532082840686848524e-01
7.115939846148052750e-01 9.524357277587922610e-01
7.166304212883624070e-01 9.514109261135316187e-01
7.222896332817007048e-01 9.504290186404805718e-01
7.285904409594874398e-01 9.498862483915917476e-01
7.354889727722032644e-01 9.493823125358495929e-01
7.430619316243469719e-01 9.489586876567897011e-01
7.513365494775280373e-01 9.488828575056710291e-01
7.600996274398416075e-01 9.485993088627674430e-01
7.696041443963607120e-01 9.485659137484171444e-01
7.799983003103910795e-01 9.491915729596640539e-01
7.913488922488175481e-01 9.497670618109791407e-01
8.036736891783071712e-01 9.508880309985731083e-01
8.165099836380029785e-01 9.523395758232925390e-01
8.301111936452036932e-01 9.543700852310316174e-01
8.443621496875317600e-01 9.566286685537301882e-01
8.592570003953993174e-01 9.594189823663241690e-01
8.747450805260037487e-01 9.629076811053941531e-01
8.905249356567949137e-01 9.672361089483434426e-01
9.062911433987718146e-01 9.720406620712340739e-01
9.219597295618855437e-01 9.773358055115197729e-01
9.372881876640607457e-01 9.828025084776320641e-01
9.514891528134736820e-01 9.881871030837935388e-01
9.639996095401848208e-01 9.929715359196482627e-01
9.750705820136478241e-01 9.966608844061539685e-01
9.845657915785145375e-01 9.989489474794123192e-01
9.925238974044220397e-01 1.000194918286568813e+00
9.988933880274649679e-01 1.000461408700456190e+00
1.003772937144498556e+00 1.000015461462128830e+00
1.007346903642687197e+00 9.992685171907857988e-01
1.009738583496239794e+00 9.984862218353333096e-01
1.011192144113808977e+00 9.978913846323615999e-01
1.011947595733156957e+00 9.974948488862663831e-01
1.012246583267616185e+00 9.972544013820345832e-01
1.012288134515167526e+00 9.971397472346054114e-01
1.012173854659285110e+00 9.971038920503135783e-01
1.011992493017743078e+00 9.971192143389699947e-01
1.011781232876842296e+00 9.971645910575457350e-01
1.011567155717084887e+00 9.972190690815221359e-01
1.011336481651341268e+00 9.972779674522954663e-01
1.011104561973416249e+00 9.973383165371442205e-01
1.010865463891743365e+00 9.974007246157841067e-01
1.010626572076032792e+00 9.974615530464947533e-01
1.010380200026719022e+00 9.975257281124785269e-01
1.010132066284625374e+00 9.975882445010351152e-01
1.009880005913225798e+00 9.976532008935354856e-01
1.009631505573694632e+00 9.977164010800513294e-01
1.009377640781774943e+00 9.977810966523467107e-01
1.009129926952786249e+00 9.978450503392947146e-01
1.008878109416586621e+00 9.979100407973482412e-01
1.008634243814482634e+00 9.979737784949789248e-01
1.008385626201454333e+00 9.980380786599697407e-01
1.008144570523261896e+00 9.981006794158601148e-01
1.007901012830770382e+00 9.981635829309788432e-01
1.007664116607003946e+00 9.982243128561552048e-01
1.007425450078995421e+00 9.982862832210843695e-01
1.007194301487766896e+00 9.983460501238683449e-01
1.006961018850289546e+00 9.984067452973691692e-01
1.006734954142982641e+00 9.984648943170446600e-01
1.006506232287044167e+00 9.985235743771253558e-01
1.006285661640596185e+00 9.985799725804963556e-01
1.006062341861373666e+00 9.986363001874158929e-01
1.005847379629802862e+00 9.986919927908222139e-01
1.005630673942353281e+00 9.987469492491199974e-01
1.005422152277029912e+00 9.987998163340157110e-01
1.005212959720656940e+00 9.988543000865770516e-01
1.005012562753503591e+00 9.989063977882154388e-01
1.004810470494069685e+00 9.989592501617320375e-01
1.004615436818250496e+00 9.990094243092735304e-01
1.004419018977905420e+00 9.990603069061335662e-01
1.004230260886025627e+00 9.991091892302594868e-01
1.004040345022568115e+00 9.991579081157859754e-01
1.003859132719185920e+00 9.992056818908067184e-01
1.003676081251596131e+00 9.992538143808680218e-01
1.003500255568510857e+00 9.992996494425643306e-01
1.003322632444810791e+00 9.993458837303118569e-01
1.003153043751632945e+00 9.993903811277816684e-01
1.002980923070071251e+00 9.994352411911247014e-01
1.002816063203083141e+00 9.994778021941883583e-01
1.002650604200954199e+00 9.995214994421879329e-01
1.002492385040303358e+00 9.995632617071179560e-01
1.002331001358247153e+00 9.996049285321313427e-01
1.002176386714895173e+00 9.996445126243387325e-01
1.002019731809021597e+00 9.996845474884145100e-01
1.001869328913091106e+00 9.997225610800314355e-01
1.001717374079268419e+00 9.997611276263563829e-01
1.001573125515541118e+00 9.997984066995293517e-01
1.001427446055044967e+00 9.998360096266784014e-01
1.001287857850613472e+00 9.998719364321670966e-01
1.001146519714915861e+00 9.999083109053535923e-01
1.001012571650172323e+00 9.999429293255495121e-01
1.000875673382813913e+00 9.999780713121076969e-01
1.000745114141357694e+00 1.000011247586354068e+00
1.000612122288449202e+00 1.000045159398152528e+00
1.000485784989188165e+00 1.000077236878773368e+00
1.000357551021923364e+00 1.000110008394963890e+00
1.000237104269313004e+00 1.000141570511859923e+00
1.000115190837628676e+00 1.000174249535914495e+00
9.999995478563559193e-01 1.000205115644197562e+00
9.998819511696737106e-01 1.000236785486745328e+00
9.997710188563077027e-01 1.000267129918031239e+00
9.996564199327647726e-01 1.000297828722106042e+00
9.995456122064609872e-01 1.000326169836171619e+00
9.994307782808661278e-01 1.000354389025495117e+00
9.993208328147504815e-01 1.000381010890265765e+00
9.992089683590107407e-01 1.000408080430209345e+00
9.991040513223378161e-01 1.000434259313802698e+00
9.989984746900770762e-01 1.000461686219305646e+00
9.988985760186853691e-01 1.000487862104127990e+00
9.987962539610745205e-01 1.000514469717929789e+00
9.986994303616975044e-01 1.000539882537856862e+00
9.986006696326868992e-01 1.000565985265374103e+00
9.985069975025827604e-01 1.000590680508065322e+00
9.984106112051335247e-01 1.000615853507941688e+00
9.983190654899374294e-01 1.000639739591568045e+00
9.982241846223652848e-01 1.000664142053419026e+00
9.981336293975401341e-01 1.000686544421781843e+00
9.980402353985662334e-01 1.000709437665932899e+00
9.979524742265772908e-01 1.000731698371016165e+00
9.978631088895668633e-01 1.000754847593886110e+00
9.977796015025723886e-01 1.000776961468168080e+00
9.976928298213249002e-01 1.000799734946741015e+00
9.976101031714438294e-01 1.000820937867806792e+00
9.975245761422220081e-01 1.000842613918032864e+00
9.974441283420169002e-01 1.000863394685837182e+00
9.973609841219288619e-01 1.000884745992997704e+00
9.972813460502846228e-01 1.000904706444950332e+00
9.972000289271870654e-01 1.000925399322469600e+00
9.971240561994223484e-01 1.000945550603476786e+00
9.970465218503944405e-01 1.000966371589725235e+00
9.969722417043703766e-01 1.000985795539986123e+00
9.968950694874286755e-01 1.001005566587519713e+00
9.968209139076180669e-01 1.001024230346314603e+00
9.967439241699411756e-01 1.001043156104655996e+00
9.966708408071598413e-01 1.001061104584769046e+00
9.965965560982289473e-01 1.001079826467294653e+00
9.965261498212915070e-01 1.001097760172754647e+00
9.964534528838164817e-01 1.001116118072165717e+00
9.963845452767349231e-01 1.001133884164903787e+00
9.963141893847480279e-01 1.001152379446764940e+00
9.962473296947153001e-01 1.001170034665360697e+00
9.961781190614534820e-01 1.001187805170331124e+00
9.961127029208339811e-01 1.001205198865345425e+00
9.960447650845978274e-01 1.001223000979033939e+00
9.959786632699078046e-01 1.001239342379664166e+00
9.959091980189344051e-01 1.001255758531663265e+00
9.958442762328395537e-01 1.001271743694095440e+00
9.957781944850090383e-01 1.001288711267784404e+00
9.957159568857812948e-01 1.001305208332116559e+00
9.956507027229472007e-01 1.001321809189584799e+00
9.955887809706116531e-01 1.001337583486400451e+00
9.955243879294756182e-01 1.001354144505964827e+00
9.954624210338790524e-01 1.001369445158019289e+00
9.953981903006396958e-01 1.001385464890851562e+00
9.953386179176273441e-01 1.001401067209732654e+00
9.952768419283331003e-01 1.001417612995462614e+00
9.952183049613063659e-01 1.001432874996960543e+00
9.951556788866831038e-01 1.001448228643327942e+00
9.950962221458260482e-01 1.001462650287325395e+00
9.950347848659655270e-01 1.001478192479171581e+00
9.949765654499369560e-01 1.001492983340075860e+00
9.949161046661051389e-01 1.001508309793810891e+00
9.948594886388592018e-01 1.001522834047545718e+00
9.948001168688774820e-01 1.001538013087575951e+00
9.947437306605669827e-01 1.001552448745337331e+00
9.946839206037516590e-01 1.001567073943605335e+00
9.946272069198411891e-01 1.001581115712276926e+00
9.945685291433816744e-01 1.001595748589689583e+00
9.945135327873677600e-01 1.001610226589936259e+00
9.944550522503567969e-01 1.001624517588707963e+00
9.943998241043601194e-01 1.001638375165133876e+00
9.943404680802080398e-01 1.001652295172691609e+00
9.942855303100008868e-01 1.001665776895379389e+00
9.942298651359668948e-01 1.001681463265120975e+00
9.941762424065715420e-01 1.001695051438512563e+00
9.941273724097706710e-01 1.001706302185655595e+00
