# Columns: ustar Tstar(=Ttilde/Tinf) | Case=jet_M08_T75 | x*=10.00
0.000000000000000000e+00 1.065528954847619891e+00
1.709494796786108911e-02 1.065499823485627884e+00
5.143861179870600625e-02 1.065188507980324939e+00
8.578971396681574213e-02 1.064583732180290676e+00
1.197732751066634405e-01 1.063712666200850254e+00
1.529103044152171076e-01 1.062617144805436231e+00
1.847372736698043860e-01 1.061349997213814289e+00
2.148921658983995453e-01 1.059966247418159702e+00
2.431466550292769313e-01 1.058516603217322105e+00
2.694023912981844959e-01 1.057042585875281215e+00
2.936623933735182379e-01 1.055576192850335993e+00
3.160013252234648018e-01 1.054139560848022628e+00
3.365352386291231568e-01 1.052747879778838991e+00
3.554020745074010224e-01 1.051409666290383571e+00
3.727458027558430143e-01 1.050129773519432819e+00
3.887064671151413409e-01 1.048909321433104891e+00
4.034170438016737581e-01 1.047748006934095644e+00
4.170025886364920331e-01 1.046643811129323698e+00
4.295800777941237159e-01 1.045594628376529167e+00
4.412537292671545042e-01 1.044597842910615304e+00
4.521176949516812482e-01 1.043650739994450349e+00
4.622579793443478136e-01 1.042749989259478705e+00
4.717526180446816597e-01 1.041892459295812978e+00
4.806717504560215071e-01 1.041074497902251927e+00
4.890771286125638051e-01 1.040292700925488978e+00
4.970193883901615761e-01 1.039543698599753929e+00
5.045431614743713933e-01 1.038824583207792474e+00
5.116826355176347096e-01 1.038132752146115889e+00
5.184707648363453547e-01 1.037466061892643232e+00
5.249405773936487440e-01 1.036823290835631850e+00
5.311263132931325348e-01 1.036203346545002013e+00
5.370579509496133941e-01 1.035604758744643750e+00
5.427669511652744028e-01 1.035025949028893333e+00
5.482677087991331133e-01 1.034465876009078800e+00
5.535741658784676389e-01 1.033923343171823772e+00
5.587013212320647293e-01 1.033397524766704656e+00
5.636704353023967995e-01 1.032885170584602719e+00
5.685090812029867102e-01 1.032381980004803301e+00
5.732454420635740844e-01 1.031884971560203423e+00
5.779006826914441231e-01 1.031396271671896070e+00
5.824849640835729758e-01 1.030918059947193433e+00
5.869999321422064709e-01 1.030453901684076357e+00
5.914507715878439820e-01 1.030001696617908413e+00
5.958465559009030743e-01 1.029559385696647178e+00
6.002055100985087543e-01 1.029122900523028461e+00
6.045315316317777521e-01 1.028692055053455290e+00
6.088331326466178695e-01 1.028265887819938218e+00
6.131132288626203186e-01 1.027840562152998460e+00
6.173770710533915684e-01 1.027414904603809909e+00
6.216219063546180035e-01 1.026988863674547892e+00
6.258565123134443020e-01 1.026562275443452465e+00
6.300665798822974173e-01 1.026134566254920166e+00
6.342735642249697214e-01 1.025706257522285059e+00
6.384926477923910104e-01 1.025273887296408448e+00
6.427243815142992256e-01 1.024839266433284157e+00
6.469527956201693852e-01 1.024408920952774027e+00
6.511949591843364527e-01 1.023976268083291563e+00
6.554528642578197895e-01 1.023542079585423537e+00
6.597161718066918423e-01 1.023108825508091790e+00
6.639465478104851215e-01 1.022678575110252286e+00
6.681296849461344500e-01 1.022247673081663200e+00
6.722924997530724811e-01 1.021809205585767488e+00
6.764440338881237968e-01 1.021360096295972131e+00
6.805901194172223612e-01 1.020892392125098969e+00
6.846558597670746593e-01 1.020411656687293833e+00
6.886019841381907369e-01 1.019940282604145265e+00
6.924932274474080440e-01 1.019468648660363241e+00
6.963124489326394384e-01 1.018975369971657718e+00
7.000667580017220226e-01 1.018467195513722112e+00
7.037847468322346867e-01 1.017943406903619286e+00
7.074423467840992297e-01 1.017394488277479248e+00
7.110348673777568962e-01 1.016870391316105904e+00
7.145690178187480424e-01 1.016354685619873521e+00
7.180240402758566454e-01 1.015844034280452224e+00
7.214205717371588999e-01 1.015337660877912551e+00
7.247567024424069748e-01 1.014850906252252383e+00
7.280754816224833670e-01 1.014351838885380497e+00
7.313548328148892219e-01 1.013782561831057416e+00
7.345122856244120646e-01 1.013155266076130490e+00
7.376332075609384198e-01 1.012497682899744289e+00
7.408623748440311685e-01 1.011797626192982191e+00
7.442017477029659878e-01 1.011084172658063274e+00
7.475735448190582444e-01 1.010350593885373849e+00
7.508749541611677847e-01 1.009597552167869727e+00
7.541525265782179632e-01 1.008856489784371258e+00
7.574968148429015447e-01 1.008098722420331939e+00
7.607677621042524541e-01 1.007307705769662887e+00
7.639195373850301563e-01 1.006533742962676392e+00
7.672165883869725977e-01 1.005699952575981770e+00
7.705874433597343920e-01 1.004819748820976022e+00
7.740681409240469657e-01 1.003983137314894636e+00
7.777554848223739992e-01 1.003106905482819222e+00
7.812693907270694682e-01 1.002247463969630603e+00
7.846257994768426336e-01 1.001426104765670066e+00
7.881469170879602526e-01 1.000575656535067415e+00
7.919666142211885251e-01 9.997457595044222378e-01
7.961845515855363598e-01 9.988707465732865609e-01
8.009955165526914111e-01 9.979300731005085190e-01
8.063234409810857706e-01 9.970612235178392124e-01
8.121329880995951100e-01 9.962127911934658409e-01
8.185312533766186949e-01 9.953294507655006118e-01
8.255583782229378720e-01 9.944450604286589890e-01
8.333720250147113040e-01 9.936387385337720479e-01
8.419092215571116755e-01 9.928301315501215640e-01
8.509123003083415293e-01 9.921514665465173133e-01
8.601983052669669449e-01 9.914595508495702703e-01
8.698349871783076503e-01 9.907491267439906268e-01
8.800762491652095454e-01 9.900518936166886608e-01
8.909294150249358335e-01 9.895772583315355364e-01
9.024346227133979159e-01 9.892035781372764403e-01
9.141575983507753689e-01 9.890441341224892602e-01
9.261426652530835302e-01 9.890489285846155720e-01
9.383974578503029296e-01 9.892789209662133931e-01
9.499634377752783632e-01 9.898116506850571650e-01
9.612139940778726688e-01 9.906361445899205531e-01
9.715620446975534730e-01 9.915640565904459969e-01
9.805129860566881295e-01 9.925975604646978256e-01
9.885701944897570259e-01 9.937469053066673164e-01
9.949780523085284267e-01 9.948001513953711461e-01
9.995663982318038210e-01 9.958706684996339042e-01
1.002655815436757747e+00 9.967933633817098737e-01
1.004638881608278522e+00 9.973704652664174830e-01
1.005778317018844348e+00 9.977407644566468337e-01
1.006492224769959698e+00 9.980057954749709248e-01
1.006900041720343308e+00 9.981872877577664394e-01
1.007127154249763512e+00 9.982807519732925794e-01
1.007209630300557102e+00 9.983394196201805793e-01
1.007228654286665970e+00 9.983624015273638852e-01
1.007238196293542831e+00 9.983734973038420613e-01
1.007242751251016921e+00 9.983794287333507267e-01
1.007238055786583208e+00 9.983870283193343464e-01
1.007232248962594445e+00 9.983938218357349959e-01
1.007216242220754898e+00 9.984001362459604678e-01
1.007202023057601092e+00 9.984075251721197253e-01
1.007177887159031116e+00 9.984152602564444479e-01
1.007156141186771325e+00 9.984236144472029562e-01
1.007124170012703601e+00 9.984332309920279647e-01
1.007093270912270411e+00 9.984422687810927677e-01
1.007052589944892773e+00 9.984521850359137085e-01
1.007013704240160568e+00 9.984624292709484150e-01
1.006968827391029997e+00 9.984753577633496135e-01
1.006923773115552478e+00 9.984868567466197442e-01
1.006872327262854139e+00 9.985010593688935510e-01
1.006823522044941965e+00 9.985145272641964276e-01
1.006764028409313783e+00 9.985285675375606962e-01
1.006710497211639188e+00 9.985438493913953995e-01
1.006645583484134132e+00 9.985596479917738799e-01
1.006587585201711876e+00 9.985759447821401791e-01
1.006518428665776455e+00 9.985935265598994137e-01
1.006455936161753550e+00 9.986104937969101369e-01
1.006382004153360654e+00 9.986293496983010831e-01
1.006315132314127725e+00 9.986476613756801735e-01
1.006237225530620005e+00 9.986670167231614936e-01
1.006165055047837154e+00 9.986861837904799089e-01
1.006084387409926562e+00 9.987070329245587574e-01
1.006006644519519933e+00 9.987254552417338394e-01
1.005924713171639562e+00 9.987484187380631928e-01
1.005844841096811271e+00 9.987682713519583366e-01
1.005759909676291253e+00 9.987921601447480313e-01
1.005679150793495014e+00 9.988134899863351235e-01
1.005588998760919894e+00 9.988363319582593824e-01
1.005504996705865128e+00 9.988585154142854972e-01
1.005410062420239781e+00 9.988816983685725459e-01
1.005323776261443092e+00 9.989035774035259774e-01
1.005228629751967473e+00 9.989282197769409066e-01
1.005140940167577268e+00 9.989509878857080194e-01
1.005044587147869928e+00 9.989762953193461748e-01
1.004955996671109686e+00 9.990002079124360446e-01
1.004857022836715297e+00 9.990253009807106288e-01
1.004766901379931632e+00 9.990496975624183484e-01
1.004665126739254788e+00 9.990757455168119971e-01
1.004571631487630512e+00 9.990988475615090181e-01
1.004467518115439661e+00 9.991248004880147748e-01
1.004372564083842123e+00 9.991485378023466923e-01
1.004268644393494059e+00 9.991753431896718274e-01
1.004173262366768071e+00 9.991994490453158795e-01
1.004068909818169875e+00 9.992261431081415068e-01
1.003973953207876413e+00 9.992505924178732846e-01
1.003869234823407508e+00 9.992779614521993814e-01
1.003773621558388562e+00 9.993028775973034072e-01
1.003667385276510338e+00 9.993300106964938534e-01
1.003570163909367263e+00 9.993547814995837886e-01
1.003463110560394389e+00 9.993814117780639439e-01
1.003365047436355129e+00 9.994064588897060286e-01
1.003258386121202994e+00 9.994339287792022297e-01
1.003160417174068009e+00 9.994589998166584222e-01
1.003054317691423059e+00 9.994867348344010916e-01
1.002955940565890547e+00 9.995118768207015281e-01
1.002849165827295108e+00 9.995392011112764763e-01
1.002749958132544306e+00 9.995642984971955247e-01
1.002642701725063201e+00 9.995910237995574432e-01
1.002543891287236200e+00 9.996159907203115980e-01
1.002437234511956321e+00 9.996428442828562133e-01
1.002339226888762758e+00 9.996681974361810719e-01
1.002233443096675725e+00 9.996952975373784023e-01
1.002135640991702603e+00 9.997205050231067203e-01
1.002030092587589793e+00 9.997470500655982750e-01
1.001931515608045276e+00 9.997716817009496548e-01
1.001826238822736359e+00 9.997982019996054515e-01
1.001729272782925451e+00 9.998232242809286241e-01
1.001625009024458057e+00 9.998498281275238764e-01
1.001527420716079808e+00 9.998740016435800904e-01
1.001423090982242359e+00 9.998999174308135229e-01
1.001326985978941098e+00 9.999249089549794300e-01
1.001224686639394346e+00 9.999509430476803962e-01
1.001128459110572244e+00 9.999753293547007926e-01
1.001026839301860205e+00 1.000001397661784086e+00
1.000931191130434383e+00 1.000025745075015182e+00
1.000828974583557907e+00 1.000051016796829728e+00
1.000731926817644668e+00 1.000074230884416160e+00
1.000630598910730473e+00 1.000099187373204579e+00
1.000537042765155427e+00 1.000123370178985782e+00
1.000438760141631356e+00 1.000148491458245248e+00
1.000346474970516875e+00 1.000172462989754818e+00
1.000249037181090594e+00 1.000197058707434472e+00
1.000156081818125431e+00 1.000220144217683682e+00
1.000057873708838363e+00 1.000244058882670872e+00
9.999663180944543539e-01 1.000267564956689892e+00
9.998719663404803670e-01 1.000292193194054047e+00
9.997823845195598080e-01 1.000315364242486682e+00
9.996865450927311381e-01 1.000338735880779817e+00
9.995955773222835461e-01 1.000360746252193067e+00
9.995010391731551369e-01 1.000383831932137424e+00
9.994115065690276634e-01 1.000405764619288540e+00
9.993173235207020166e-01 1.000428177858374124e+00
9.992293304253462294e-01 1.000449783150148653e+00
9.991381637525745818e-01 1.000472953431704948e+00
9.990533198571853735e-01 1.000495119552930579e+00
9.989637215194007158e-01 1.000518082212511484e+00
9.988796141772479098e-01 1.000539831187430506e+00
9.987905285639162578e-01 1.000562187221758936e+00
9.987050487852897618e-01 1.000582564536371732e+00
9.986157423305053182e-01 1.000603877514435025e+00
9.985326425533787020e-01 1.000624257544724172e+00
9.984459576329568486e-01 1.000645924396844855e+00
9.983646690954847136e-01 1.000666265398231003e+00
9.982789791935554602e-01 1.000687406330160512e+00
9.981993238657389522e-01 1.000707846359520703e+00
9.981147389169143791e-01 1.000728607069391929e+00
9.980342927559511246e-01 1.000747501129919170e+00
9.979503980232654614e-01 1.000767643855575928e+00
9.978726651883873533e-01 1.000786945405834460e+00
9.977909939239193449e-01 1.000806772700308489e+00
9.977139584209516743e-01 1.000825543911523674e+00
9.976330715181019881e-01 1.000844875661175193e+00
9.975582612574693808e-01 1.000863549039807232e+00
9.974798517701110034e-01 1.000882878490043870e+00
9.974067452920915011e-01 1.000901627652103887e+00
9.973299666994926982e-01 1.000920858325856644e+00
9.972570673393540419e-01 1.000938645284511708e+00
9.971790890964642440e-01 1.000956785585924713e+00
9.971048645445654834e-01 1.000973458843142261e+00
9.970292904804226586e-01 1.000991562873268848e+00
9.969566197536904317e-01 1.001008221035104784e+00
9.968810476075206095e-01 1.001025250529582467e+00
9.968124426400855054e-01 1.001041079511214793e+00
9.967441559042594657e-01 1.001054293896401770e+00
