# Columns: ustar Tstar(=Ttilde/Tinf) | Case=jet_M16_T75 | x*=10.00
0.000000000000000000e+00 1.081820064558865147e+00
1.768591175602163973e-02 1.081787645727935399e+00
5.318303597639505859e-02 1.081473920312044479e+00
8.867658161882714662e-02 1.080859338150232718e+00
1.238331808238912479e-01 1.079965339819658698e+00
1.582139772544483569e-01 1.078827693940269894e+00
1.913735133237484121e-01 1.077493683503085942e+00
2.229407209605554496e-01 1.076015625533604414e+00
2.526578978137446474e-01 1.074443689829491788e+00
2.803897817144195281e-01 1.072822209735067034e+00
3.061036430661324692e-01 1.071186997975688726e+00
3.298466138504067557e-01 1.069566065933131416e+00
3.517151744068420793e-01 1.067979099189859449e+00
3.718367655514047687e-01 1.066439680162845072e+00
3.903498839313123692e-01 1.064955557395483643e+00
4.073966541084314552e-01 1.063531821521781717e+00
4.231136599727710612e-01 1.062169878610663920e+00
4.376316837204251020e-01 1.060870229758683614e+00
4.510713994064142196e-01 1.059630871562691201e+00
4.635468157813564805e-01 1.058449894330014018e+00
4.751565968290608621e-01 1.057323574570631308e+00
4.859895971872603138e-01 1.056249225699027461e+00
4.961201907617732720e-01 1.055222841954855273e+00
5.056182300068394753e-01 1.054241851123161045e+00
5.145444159920476990e-01 1.053302799538847978e+00
5.229545913292102943e-01 1.052404157705572940e+00
5.308957474392678177e-01 1.051543608052501355e+00
5.384132753606071242e-01 1.050719448603883999e+00
5.455474024728542703e-01 1.049928295099043618e+00
5.523395863002977801e-01 1.049166898432622785e+00
5.588264426191348333e-01 1.048432069711003889e+00
5.650437576775584336e-01 1.047721956600570437e+00
5.710202054856320375e-01 1.047033948506504553e+00
5.767811209238893344e-01 1.046365119157472101e+00
5.823447313440354156e-01 1.045712504525444064e+00
5.877345090074153067e-01 1.045074164480154000e+00
5.929702312037329337e-01 1.044448555741688267e+00
5.980734300007031212e-01 1.043835407635216095e+00
6.030577753121365570e-01 1.043234220020401448e+00
6.079392883065938280e-01 1.042644388270344447e+00
6.127271904673520231e-01 1.042066679315599709e+00
6.174412891274536630e-01 1.041499932202997414e+00
6.220951511706286352e-01 1.040938664279909665e+00
6.266959188527744251e-01 1.040379597407246504e+00
6.312417021119708371e-01 1.039818718421700483e+00
6.357346916085446775e-01 1.039254773522103825e+00
6.401778953643052494e-01 1.038687504430378050e+00
6.445864883676609702e-01 1.038119830200099791e+00
6.489757586481086360e-01 1.037549494570825681e+00
6.533657670040318166e-01 1.036980104664787738e+00
6.577588383838451902e-01 1.036413036745244431e+00
6.621549062501179694e-01 1.035846220110770544e+00
6.665516182059691985e-01 1.035278362622700454e+00
6.709676239405496512e-01 1.034707996500594529e+00
6.753938333602982347e-01 1.034130783713995250e+00
6.798459469156249435e-01 1.033547048163731885e+00
6.843136118623414088e-01 1.032961185318617803e+00
6.887851243395756162e-01 1.032371530839016893e+00
6.932360963493032768e-01 1.031770756382698329e+00
6.976515860040300998e-01 1.031156995175474878e+00
7.020522593465543526e-01 1.030526567263588600e+00
7.064678050949685373e-01 1.029881902148516382e+00
7.109165861365226435e-01 1.029229858008707588e+00
7.154052939502506536e-01 1.028556075378738166e+00
7.199150665106727187e-01 1.027867157176188595e+00
7.244672602486148527e-01 1.027159671517688055e+00
7.290360858172392211e-01 1.026434582800729967e+00
7.335532931543712332e-01 1.025680495115638635e+00
7.379462826365152939e-01 1.024906451787169770e+00
7.422580155182154638e-01 1.024132639798969846e+00
7.465107161943168590e-01 1.023344890191794976e+00
7.506895611548515257e-01 1.022526954294602941e+00
7.548205092336324196e-01 1.021673183109049976e+00
7.589222552888320594e-01 1.020807737179884267e+00
7.629556832767777630e-01 1.019941972930874519e+00
7.668022724110996613e-01 1.019077233072215316e+00
7.705135450835695066e-01 1.018180007384842822e+00
7.741924969638094289e-01 1.017233464455495673e+00
7.779133884352722461e-01 1.016261418231769520e+00
7.816039451422469586e-01 1.015296697648687907e+00
7.850908416375620424e-01 1.014315667517888153e+00
7.884477895369726985e-01 1.013283592771411001e+00
7.917385483826691051e-01 1.012239968488359843e+00
7.949091768177941608e-01 1.011149624075115661e+00
7.980783868484210286e-01 1.010023525810011646e+00
8.012034416286514249e-01 1.008918372923659712e+00
8.041108700202285187e-01 1.007804022027427138e+00
8.068393729047156349e-01 1.006637782966287364e+00
8.094505421403727086e-01 1.005446749168114939e+00
8.118401737042045818e-01 1.004235051380381716e+00
8.140717411982069107e-01 1.002990810536754207e+00
8.164189922210476347e-01 1.001711996717529640e+00
8.185449923211807199e-01 1.000498901514184524e+00
8.207222505523334988e-01 9.992548952954223296e-01
8.232030835077827069e-01 9.980164336420924709e-01
8.259872594840715898e-01 9.967282204583662875e-01
8.289288019235694360e-01 9.955204807233227760e-01
8.318208574683658707e-01 9.943075705298216604e-01
8.348232141502316406e-01 9.931390234985356669e-01
8.381838287995612147e-01 9.919604485145732120e-01
8.415867992984051860e-01 9.908092500060500241e-01
8.453082460276802879e-01 9.896476996702852080e-01
8.495720765167890098e-01 9.885654805949556367e-01
8.542632306685939980e-01 9.875983414609976752e-01
8.594897459444666987e-01 9.867380593765782137e-01
8.651785710234778382e-01 9.858391468279811276e-01
8.713816606356311611e-01 9.849638635211589444e-01
8.783638153107543589e-01 9.841960879507970494e-01
8.859645426548546920e-01 9.834653704630836879e-01
8.941729206258518525e-01 9.829610086721081164e-01
9.034174388622981944e-01 9.826823169340971331e-01
9.134202427704108951e-01 9.828683014196231138e-01
9.239577043734530371e-01 9.833293629854763518e-01
9.348530500565535029e-01 9.841758191371303699e-01
9.461583202475366550e-01 9.850863676444835404e-01
9.576832899078319139e-01 9.863479269157935381e-01
9.690829231079060024e-01 9.879276455722784123e-01
9.797567356089547097e-01 9.898610193716523842e-01
9.885591966627343963e-01 9.918608952301142256e-01
9.950874294717731994e-01 9.937011285325120236e-01
9.998109160068174850e-01 9.951787124667024198e-01
1.002742460575821504e+00 9.963437795661047591e-01
1.004384067349206822e+00 9.972285526397117739e-01
1.005311616949205566e+00 9.979196265382251907e-01
1.005735505879274960e+00 9.983220852948392343e-01
1.005887078486077391e+00 9.985106890752439845e-01
1.005922750616900396e+00 9.986279142473141190e-01
1.005929030883503383e+00 9.986802862989474505e-01
1.005907356656801532e+00 9.987015544363062602e-01
1.005893276480835485e+00 9.987142580880066234e-01
1.005860366499971015e+00 9.987288346714302545e-01
1.005835725757916466e+00 9.987391979843498468e-01
1.005794842650830745e+00 9.987519165340760230e-01
1.005762870600330317e+00 9.987624035584945492e-01
1.005716775996652546e+00 9.987759179340802707e-01
1.005679344618352511e+00 9.987876856081383536e-01
1.005628859105545558e+00 9.988020857475576886e-01
1.005584408657866469e+00 9.988138373117050328e-01
1.005528120949700011e+00 9.988285397425809009e-01
1.005481731524492828e+00 9.988436152717744543e-01
1.005424620970045702e+00 9.988609285359262291e-01
1.005372464412426670e+00 9.988755779567990434e-01
1.005307153872654125e+00 9.988923401311835537e-01
1.005247308149205931e+00 9.989073899067536511e-01
1.005178412915160635e+00 9.989254074917895965e-01
1.005117128220584188e+00 9.989427103190897661e-01
1.005045353651408568e+00 9.989615529440528663e-01
1.004980985122589487e+00 9.989799480399275122e-01
1.004904002087009030e+00 9.989987018006799557e-01
1.004835206348120735e+00 9.990170457439440099e-01
1.004755113003158007e+00 9.990369999547431545e-01
1.004683203556109294e+00 9.990567082322768799e-01
1.004602184705237322e+00 9.990777930239354010e-01
1.004525876129082951e+00 9.990981812796325690e-01
1.004442532279732569e+00 9.991200866412702775e-01
1.004361691269972878e+00 9.991397426278431082e-01
1.004275679370063568e+00 9.991620164525479852e-01
1.004194343042866588e+00 9.991836369323199296e-01
1.004108306889156310e+00 9.992072498715451889e-01
1.004024097457942188e+00 9.992293115112172996e-01
1.003934998959419511e+00 9.992530684874750824e-01
1.003846621439607123e+00 9.992745409132809398e-01
1.003753936670889413e+00 9.992978494136780521e-01
1.003664810700731325e+00 9.993204326001466908e-01
1.003569420626292175e+00 9.993436944192726212e-01
1.003481518063900735e+00 9.993676330139358299e-01
1.003385328143823640e+00 9.993910259629932291e-01
1.003296586349373465e+00 9.994150094392544315e-01
1.003201526959629719e+00 9.994402921778157145e-01
1.003111573086804542e+00 9.994644090150417437e-01
1.003015145248953743e+00 9.994899489224389200e-01
1.002921859533566717e+00 9.995133102409625714e-01
1.002822943619478657e+00 9.995377209832433385e-01
1.002728833695751831e+00 9.995620450887146013e-01
1.002630261340818674e+00 9.995875825691611372e-01
1.002535421789566561e+00 9.996115124836872923e-01
1.002436885686832868e+00 9.996374817648078226e-01
1.002341731545914438e+00 9.996618098352149095e-01
1.002242358119519006e+00 9.996876460440180523e-01
1.002146096234064476e+00 9.997122508619932235e-01
1.002044371262085676e+00 9.997367718072183163e-01
1.001947637207292852e+00 9.997617648094806464e-01
1.001845985474563605e+00 9.997867159240002577e-01
1.001749587096049332e+00 9.998116998833871394e-01
1.001649293406643881e+00 9.998375373218398865e-01
1.001552523095725622e+00 9.998623076864748827e-01
1.001453035045993367e+00 9.998883072910244030e-01
1.001355636491076062e+00 9.999129958866647128e-01
1.001255431261553808e+00 9.999384367627570658e-01
1.001158283141094119e+00 9.999634243221028340e-01
1.001058799435868618e+00 9.999889996598254616e-01
1.000963145060266068e+00 1.000014108043606909e+00
1.000864148204316351e+00 1.000039691290169008e+00
1.000768258244059794e+00 1.000064782181316447e+00
1.000669425557322079e+00 1.000090111201758614e+00
1.000572693105334476e+00 1.000114600096383199e+00
1.000472999556287101e+00 1.000139635069245303e+00
1.000376074757687084e+00 1.000164009125239284e+00
1.000276012867232556e+00 1.000188557809135403e+00
1.000178959651700783e+00 1.000212376794451519e+00
1.000078880701553263e+00 1.000236594052587691e+00
9.999838622433344648e-01 1.000260575045246014e+00
9.998867990920302651e-01 1.000285530187638994e+00
9.997933466774936440e-01 1.000309896915154484e+00
9.996973399596568166e-01 1.000334747173518668e+00
9.996048584427059680e-01 1.000358707050579721e+00
9.995100745186449309e-01 1.000383206904353228e+00
9.994179884406716452e-01 1.000407190072950980e+00
9.993226449553170854e-01 1.000431277564324484e+00
9.992295799680013246e-01 1.000454574750963888e+00
9.991337230057553143e-01 1.000477996099676137e+00
9.990407848800162416e-01 1.000500739238896708e+00
9.989460710703148560e-01 1.000524012710179989e+00
9.988537380744206828e-01 1.000546563028840152e+00
9.987594452658058453e-01 1.000569592908200800e+00
9.986690950749724793e-01 1.000592411384422231e+00
9.985775190373605836e-01 1.000616105244002796e+00
9.984889333702985370e-01 1.000639304984940470e+00
9.983980081807650730e-01 1.000662095126301221e+00
9.983102029653010412e-01 1.000684519390918403e+00
9.982205019954014658e-01 1.000707450211594463e+00
9.981319768889740374e-01 1.000729065939932383e+00
9.980413102104339629e-01 1.000750817836474349e+00
9.979550383591049290e-01 1.000772296388145577e+00
9.978675544524133745e-01 1.000794565414201642e+00
9.977827706554396325e-01 1.000816551093496765e+00
9.976956816129560757e-01 1.000838629773370236e+00
9.976112579831405425e-01 1.000860024741248022e+00
9.975237820659065280e-01 1.000881173903013455e+00
9.974371312936169964e-01 1.000900724392770558e+00
9.973502024316999170e-01 1.000921274853086018e+00
9.972693282574688345e-01 1.000942280762151970e+00
9.971870283733259566e-01 1.000963893902879320e+00
9.971058881904029114e-01 1.000984060387216434e+00
9.970214110521009587e-01 1.001003824343465798e+00
9.969405667258510739e-01 1.001023489914029563e+00
9.968591013868598472e-01 1.001043870666027402e+00
9.967800888010490690e-01 1.001063877445319550e+00
9.967007501930373881e-01 1.001084344243279078e+00
9.966233938691102523e-01 1.001104179005840811e+00
9.965429472866891292e-01 1.001123542916965814e+00
9.964629735329257887e-01 1.001141909237000416e+00
9.963819066676142810e-01 1.001160126852669086e+00
9.963047486248903795e-01 1.001179016974599323e+00
9.962277821831850844e-01 1.001198117057371384e+00
9.961521705983328312e-01 1.001217052241946792e+00
9.960764520999267901e-01 1.001235952209046154e+00
9.960014257035999519e-01 1.001254546228448339e+00
9.959252133042494348e-01 1.001272093672334051e+00
9.958503568094349001e-01 1.001289819014148597e+00
9.957768034842400251e-01 1.001308250721608450e+00
9.957053243433966472e-01 1.001326815060311404e+00
9.956339291055557039e-01 1.001344870899933515e+00
9.955590073716213961e-01 1.001361605152989220e+00
9.954843078390682720e-01 1.001377716435603027e+00
9.954146391231757374e-01 1.001393789279402702e+00
9.953469308581694985e-01 1.001406389649987849e+00
