# Columns: ustar Tstar(=Ttilde/Tinf) | Case=jet_M12_T05 | x*=20.00
0.000000000000000000e+00 1.054074160709534302e+00
1.710331259114072910e-02 1.054043291290111650e+00
5.137477618402923329e-02 1.053770588913331530e+00
8.561378908988058478e-02 1.053232184787056713e+00
1.195693782635725150e-01 1.052440863619584110e+00
1.528882766048224318e-01 1.051420372785516699e+00
1.851844816424275120e-01 1.050205745040717842e+00
2.161112925254806416e-01 1.048839105409727690e+00
2.454052366056458101e-01 1.047364488359300516e+00
2.729031514323022045e-01 1.045823001511766881e+00
2.985324537450135263e-01 1.044250672354543275e+00
3.222962813647940461e-01 1.042676779514576824e+00
3.442517461406444657e-01 1.041124326294945002e+00
3.644951686053356510e-01 1.039610043637088088e+00
3.831433991167672581e-01 1.038146048643362462e+00
4.003256503850703418e-01 1.036739875012445244e+00
4.161693001682674753e-01 1.035396281815931241e+00
4.307980000348930472e-01 1.034117357366693302e+00
4.443258791957265808e-01 1.032903827909288363e+00
4.568592511931557354e-01 1.031754504163868491e+00
4.684939680705146881e-01 1.030667765118225443e+00
4.793192535474817828e-01 1.029640863737704137e+00
4.894152526945011461e-01 1.028671026375215458e+00
4.988549859666270847e-01 1.027754541577256209e+00
5.077017097563492065e-01 1.026888185625246308e+00
5.160132238290786599e-01 1.026068017956534018e+00
5.238390232277099212e-01 1.025290844380707389e+00
5.312248824930257962e-01 1.024553156172108404e+00
5.382107691458900556e-01 1.023852300844373397e+00
5.448354962729021755e-01 1.023184552061337627e+00
5.511336157388067036e-01 1.022546713871522517e+00
5.571374136921167786e-01 1.021935192952398985e+00
5.628736972365881996e-01 1.021347457627600486e+00
5.683668869616215202e-01 1.020781441532688349e+00
5.736361846175150880e-01 1.020236594427561094e+00
5.787004985424855086e-01 1.019711648172290763e+00
5.835791690730860459e-01 1.019206091447316220e+00
5.882936936271303541e-01 1.018718631425235221e+00
5.928643993124613765e-01 1.018247872254823383e+00
5.973111003674078656e-01 1.017791366085336380e+00
6.016475423073162077e-01 1.017348292803658572e+00
6.058827936011225157e-01 1.016918618182235612e+00
6.100229351383236187e-01 1.016503245665883792e+00
6.140763733452194728e-01 1.016102164585950485e+00
6.180498472990091363e-01 1.015715235270998829e+00
6.219495405988877401e-01 1.015340097148469845e+00
6.257817688954167012e-01 1.014973937081188549e+00
6.295555984382964487e-01 1.014615035531510223e+00
6.332871469804051134e-01 1.014262195937968958e+00
6.369918903569887769e-01 1.013916148316715393e+00
6.406739832601138218e-01 1.013578486316359939e+00
6.443249506589956432e-01 1.013252240996791009e+00
6.479383487704077904e-01 1.012936927773065543e+00
6.515162001550522941e-01 1.012632680465515467e+00
6.550788029260913303e-01 1.012334250994541440e+00
6.586396059187492602e-01 1.012039118447069397e+00
6.621968114700297336e-01 1.011745336362751768e+00
6.657404506619011286e-01 1.011458917675007063e+00
6.692724772935616517e-01 1.011178168067637051e+00
6.728214651730343165e-01 1.010899474140992460e+00
6.764162895860603708e-01 1.010613645579462538e+00
6.800711123245650747e-01 1.010325074096703801e+00
6.837884849131812270e-01 1.010037905274994374e+00
6.875500061731741885e-01 1.009752214484282762e+00
6.913502957698621776e-01 1.009472045292708842e+00
6.952188936490180104e-01 1.009194965293455981e+00
6.991421011199686619e-01 1.008922083705444450e+00
7.030768056460066084e-01 1.008670855885777540e+00
7.070227523369793099e-01 1.008437808637174138e+00
7.109918008159569203e-01 1.008208861434443993e+00
7.149857727476821578e-01 1.007973670720665460e+00
7.190432100859630582e-01 1.007740732689981877e+00
7.231690794206955264e-01 1.007501839203205574e+00
7.273376443609360642e-01 1.007249499577209439e+00
7.316276461835476974e-01 1.006987790040064112e+00
7.360469865749688090e-01 1.006722783098770835e+00
7.405103884131578607e-01 1.006450980143595020e+00
7.449979680102702950e-01 1.006141186803244603e+00
7.495514722531281260e-01 1.005812350514770026e+00
7.542188736313943931e-01 1.005475615633180553e+00
7.590778053617591725e-01 1.005137399380483076e+00
7.641027998788243458e-01 1.004810573317315603e+00
7.691373434211726812e-01 1.004422190687468630e+00
7.742542018021940642e-01 1.004003531646143310e+00
7.794360746392596795e-01 1.003602609740394724e+00
7.846970784406078758e-01 1.003203211843672449e+00
7.900394634681894290e-01 1.002794833214830206e+00
7.955502847897844010e-01 1.002391476199914200e+00
8.012092543718331017e-01 1.002046129066615388e+00
8.068617986641751783e-01 1.001681119076511139e+00
8.126100105803010232e-01 1.001234394488806023e+00
8.186197903233211060e-01 1.000757545525947423e+00
8.250179838641291674e-01 1.000222171158958728e+00
8.315169492096784465e-01 9.996370986660161329e-01
8.378517760156929395e-01 9.990621053927201123e-01
8.442593211717968060e-01 9.984329636606177338e-01
8.507537933114673878e-01 9.979121113046716118e-01
8.572212604831094263e-01 9.974372136977904812e-01
8.639524322875082873e-01 9.968946056310962200e-01
8.708375632897590313e-01 9.963683542479796484e-01
8.777192499351069710e-01 9.957435843518814833e-01
8.847797279933765635e-01 9.951383293027493693e-01
8.921926867361341662e-01 9.944611395197558990e-01
8.998068246289726568e-01 9.938663616543609303e-01
9.073786054666442835e-01 9.932853082134543987e-01
9.148459284774561606e-01 9.927517904848572883e-01
9.221874127440919944e-01 9.922231130183000181e-01
9.295273113313030633e-01 9.917242443358735837e-01
9.366582893856532088e-01 9.912920518474012122e-01
9.435252620478183916e-01 9.909477781089368609e-01
9.498787981676636294e-01 9.909591900103484896e-01
9.560326361691856567e-01 9.910347697590976557e-01
9.620928137089082011e-01 9.913896214212376545e-01
9.679538946378793973e-01 9.919881808765934617e-01
9.735087444948393731e-01 9.927376248295108896e-01
9.782859398015740782e-01 9.937017386727674539e-01
9.822651594817914944e-01 9.945828113986384666e-01
9.856636751182876743e-01 9.954839951795089181e-01
9.888426023481424743e-01 9.963902921662802781e-01
9.915372003024738312e-01 9.973213580133252210e-01
9.936115232958746546e-01 9.981517767978903555e-01
9.952314507048267700e-01 9.988350275389757948e-01
9.963812535293878891e-01 9.994489432112831917e-01
9.971682131214889555e-01 9.998777485139392907e-01
9.976299251410853941e-01 1.000203216731736289e+00
9.978488239174834185e-01 1.000426347470522614e+00
9.979514216172254981e-01 1.000553506805001325e+00
9.979827467526771745e-01 1.000648724100378084e+00
9.979921428454709975e-01 1.000699978187399752e+00
9.979906171129765413e-01 1.000710659738508701e+00
9.979917166086671454e-01 1.000711320302632101e+00
9.979869154893976635e-01 1.000713032106962164e+00
9.979887136064584663e-01 1.000713586940729094e+00
9.979849855185212171e-01 1.000714309874998653e+00
9.979873658690038285e-01 1.000714506140700788e+00
9.979840459027363719e-01 1.000714904449735210e+00
9.979852887322736565e-01 1.000714439114953169e+00
9.979837844779282374e-01 1.000715450109968430e+00
9.979857569780059556e-01 1.000715086517591113e+00
9.979835615008670890e-01 1.000715741874676601e+00
9.979850592061279002e-01 1.000715418758425290e+00
9.979820769669390801e-01 1.000714812449307489e+00
9.979839121469319396e-01 1.000714445523088969e+00
9.979820559795071766e-01 1.000714848222724385e+00
9.979835332207316334e-01 1.000714224170516697e+00
9.979839277626036953e-01 1.000715198059814792e+00
9.979860765137136269e-01 1.000715390808968097e+00
9.979864910576693449e-01 1.000716387578849398e+00
9.979878627321857598e-01 1.000716152411091686e+00
9.979873951142307353e-01 1.000716699036672486e+00
9.979884519612336469e-01 1.000716451925836248e+00
9.979886434559568364e-01 1.000717401120537087e+00
9.979890414761068973e-01 1.000717019662203500e+00
9.979882671131958816e-01 1.000717752020512163e+00
9.979895747853715360e-01 1.000717505866393076e+00
9.979885994060985199e-01 1.000718167100444145e+00
9.979900381098749662e-01 1.000718866299926901e+00
9.979882160422741677e-01 1.000719359851493184e+00
9.979891868598115279e-01 1.000719369756709609e+00
9.979875412998578943e-01 1.000719669988159977e+00
9.979892402388649275e-01 1.000720577387211874e+00
9.979886939176354499e-01 1.000721808317320161e+00
9.979895991535056021e-01 1.000722473852390326e+00
9.979875106106040894e-01 1.000722964028353479e+00
9.979862067856452024e-01 1.000722653511165072e+00
9.979830931729638532e-01 1.000722806604184667e+00
9.979818254449878134e-01 1.000722970266961109e+00
9.979796379176916199e-01 1.000723784706676112e+00
9.979785040812503283e-01 1.000724294112971036e+00
9.979757504064711293e-01 1.000724877339468355e+00
9.979733679331891372e-01 1.000724571597950696e+00
9.979704775325327626e-01 1.000725103594534149e+00
9.979684927873636591e-01 1.000725283564631862e+00
9.979670365567869794e-01 1.000726184536067764e+00
9.979658843670503598e-01 1.000726983988399654e+00
9.979655432949550153e-01 1.000728705798412888e+00
9.979651708614502015e-01 1.000729728012873521e+00
9.979642699219873903e-01 1.000731475195317577e+00
9.979624638547364146e-01 1.000731984511805228e+00
9.979587122702171520e-01 1.000732219821215185e+00
9.979557736032993454e-01 1.000732555997597251e+00
9.979518511858844754e-01 1.000733482082959425e+00
9.979493901366091047e-01 1.000733944027632161e+00
9.979463238800529989e-01 1.000734681909826618e+00
9.979454800660412239e-01 1.000736601274335724e+00
9.979432271584748326e-01 1.000738136714031778e+00
9.979421494294637984e-01 1.000739397024667410e+00
9.979394187512435899e-01 1.000740534573524965e+00
9.979379418025080550e-01 1.000741679472842982e+00
9.979345141332705005e-01 1.000742914326781641e+00
9.979314403869217198e-01 1.000743335135747092e+00
9.979278153303136056e-01 1.000744617482720589e+00
9.979245654547910238e-01 1.000745847399363120e+00
9.979191401857810950e-01 1.000746058999522514e+00
9.979147137472811346e-01 1.000746059445149827e+00
9.979098234112491195e-01 1.000746797889612738e+00
9.979063643406681505e-01 1.000748081016876290e+00
9.979021735140116700e-01 1.000749151957588845e+00
9.978997106999699662e-01 1.000749956472764213e+00
9.978967345625863183e-01 1.000751857205221418e+00
9.978941423990427273e-01 1.000753303319728449e+00
9.978898131176602293e-01 1.000753923994189831e+00
9.978863653623393226e-01 1.000755242131899259e+00
9.978812828007589397e-01 1.000756000072949181e+00
9.978762878277288584e-01 1.000756653167908405e+00
9.978717398268381888e-01 1.000758105760017447e+00
9.978680176123259082e-01 1.000758576049184834e+00
9.978640097061302061e-01 1.000760039977409921e+00
9.978599527722874507e-01 1.000760847457342839e+00
9.978569849688166959e-01 1.000762316201037949e+00
9.978541982431303747e-01 1.000764055858499813e+00
9.978503284994548750e-01 1.000765699340482096e+00
9.978465214190321841e-01 1.000766616921687557e+00
9.978423036384900247e-01 1.000768220918091256e+00
9.978389650926742238e-01 1.000769643783635976e+00
9.978337640564929334e-01 1.000770425504044159e+00
9.978299384567156372e-01 1.000771572211039073e+00
9.978246962815491283e-01 1.000772778626373372e+00
9.978198292148747761e-01 1.000773506788454892e+00
9.978131918134964806e-01 1.000774106466521207e+00
9.978082296978888488e-01 1.000774618283006845e+00
9.978028654798328789e-01 1.000775696799638403e+00
9.977992469330967396e-01 1.000777058696854294e+00
9.977945694245587971e-01 1.000778164473171916e+00
9.977906098826038184e-01 1.000779362474460976e+00
9.977856241314928543e-01 1.000780882813231187e+00
9.977817037775396081e-01 1.000781801314372110e+00
9.977782245056321386e-01 1.000783433204080142e+00
9.977744442837614969e-01 1.000784731487272428e+00
9.977702264937519105e-01 1.000786414541229075e+00
9.977651852023200485e-01 1.000786791973620415e+00
9.977606158457128505e-01 1.000788157534463485e+00
9.977560294788054840e-01 1.000788926653167099e+00
9.977513083019103890e-01 1.000790640657430286e+00
9.977478785577091891e-01 1.000791935684786971e+00
9.977430096926251935e-01 1.000792705475559874e+00
9.977388568611391673e-01 1.000793810434422060e+00
9.977332812614821966e-01 1.000794848159502815e+00
9.977293309908296104e-01 1.000795798893773458e+00
9.977243230912036243e-01 1.000797119181985328e+00
9.977195146952281268e-01 1.000797886097818612e+00
9.977136181311613283e-01 1.000798941008592013e+00
9.977089367423687127e-01 1.000799613175001879e+00
9.977036032942282473e-01 1.000800103546960251e+00
9.976995669758241814e-01 1.000800926887839726e+00
9.976951139841488958e-01 1.000803115022599554e+00
9.976913310750653574e-01 1.000803699040726524e+00
9.976862662150423056e-01 1.000804604548547472e+00
9.976815273074250978e-01 1.000805007163331650e+00
9.976774633081566535e-01 1.000806558064987639e+00
9.976752285593706304e-01 1.000808345090075546e+00
9.976729421644591200e-01 1.000810127957393103e+00
9.976698024786182506e-01 1.000811152723074970e+00
9.976648188652097460e-01 1.000812475124995382e+00
9.976602736775458391e-01 1.000813207737390576e+00
9.976551841142319299e-01 1.000813430554127859e+00
9.976492920979762591e-01 1.000812781266674723e+00
