# Columns: ustar Tstar(=Ttilde/Tinf) | Case=jet_M16_T05 | x*=20.00
0.000000000000000000e+00 1.058930538672110844e+00
1.743662250791612814e-02 1.058898239607899638e+00
5.237924229913735324e-02 1.058613968503348657e+00
8.729308321816138527e-02 1.058052301961070807e+00
1.219126205416438680e-01 1.057226777239397730e+00
1.558675495904726094e-01 1.056163094959133852e+00
1.887589118552003842e-01 1.054898428666059429e+00
2.202329450559117052e-01 1.053477181783366579e+00
2.500243868290539240e-01 1.051944788248090346e+00
2.779735555594181062e-01 1.050343691305448246e+00
3.040159356307636784e-01 1.048710217235387709e+00
3.281642103102747621e-01 1.047074296331602428e+00
3.504830895682304326e-01 1.045458727200899274e+00
3.710719555425580629e-01 1.043880842048821700e+00
3.900451920716841436e-01 1.042352574462978909e+00
4.075260272739205103e-01 1.040882267148289575e+00
4.236374848813238558e-01 1.039474480442401871e+00
4.385019356783649291e-01 1.038131983292146066e+00
4.522351248792264578e-01 1.036855115839730557e+00
4.649476499997264867e-01 1.035643544429780016e+00
4.767395602439368218e-01 1.034495287787765339e+00
4.877029597153614282e-01 1.033408558602769256e+00
4.979195103562403246e-01 1.032380147238412205e+00
5.074646880287998485e-01 1.031407294330321633e+00
5.164043034368481777e-01 1.030486154667552112e+00
5.248000755669627315e-01 1.029613715768242344e+00
5.327048619904269922e-01 1.028785566136982688e+00
5.401666813418305457e-01 1.027998245059134730e+00
5.472250440540370464e-01 1.027247364121080864e+00
5.539180629368203324e-01 1.026530383286533121e+00
5.602795232780749535e-01 1.025844203787619646e+00
5.663437817161027787e-01 1.025187438414389751e+00
5.721393195609864035e-01 1.024557739905055165e+00
5.776938037848615703e-01 1.023954148454527813e+00
5.830282191985312057e-01 1.023374254994128041e+00
5.881643468856891932e-01 1.022817143365073012e+00
5.931206176642802586e-01 1.022280245608150562e+00
5.979195337667081445e-01 1.021762586037771259e+00
6.025779400624731164e-01 1.021261399529664660e+00
6.071149527663325385e-01 1.020775632542343825e+00
6.115378291676263345e-01 1.020303039644532728e+00
6.158551489950689906e-01 1.019843616418172783e+00
6.200697703728514920e-01 1.019395891022679246e+00
6.241884644402669879e-01 1.018961028210541908e+00
6.282197775754757574e-01 1.018538296043755009e+00
6.321842279666423092e-01 1.018127444574555174e+00
6.360867948180264353e-01 1.017725939907959454e+00
6.399262555614214643e-01 1.017335500634953815e+00
6.437060325617416368e-01 1.016956187017951541e+00
6.474499679819665232e-01 1.016588283358734079e+00
6.511700067470690412e-01 1.016228977321182780e+00
6.548831053692160120e-01 1.015876250983332341e+00
6.585930527563298442e-01 1.015525955808531000e+00
6.623055108273777636e-01 1.015175978787806743e+00
6.660201974607059539e-01 1.014825786266940533e+00
6.697418546158020458e-01 1.014473080812051897e+00
6.734809577269701419e-01 1.014112638604590000e+00
6.772354528051521827e-01 1.013747155762862118e+00
6.809957205547428893e-01 1.013389684062190765e+00
6.847871514837715612e-01 1.013043942497784400e+00
6.886102539902470010e-01 1.012705106969331581e+00
6.924464728909599520e-01 1.012368192081634533e+00
6.962864927156261485e-01 1.012026734245813353e+00
7.001442864046464321e-01 1.011682299006747554e+00
7.040384401103483292e-01 1.011334115668931055e+00
7.079683102308840237e-01 1.010987145470853443e+00
7.119147602769185790e-01 1.010645261825160235e+00
7.159096363230460502e-01 1.010297563583138825e+00
7.199668197352280252e-01 1.009928486341937326e+00
7.240883854824908816e-01 1.009523282221145513e+00
7.282516412501390812e-01 1.009102816454435336e+00
7.324986336904657502e-01 1.008686003954496035e+00
7.368387502945544787e-01 1.008274566122797200e+00
7.412778902900301059e-01 1.007870983411959687e+00
7.457940557550422067e-01 1.007469348659411956e+00
7.503534723071694224e-01 1.007054378497398872e+00
7.549440147000472390e-01 1.006619580032203531e+00
7.595937531350288596e-01 1.006143750162584505e+00
7.642673754380328033e-01 1.005612486250259341e+00
7.689289324351954447e-01 1.005068099249976976e+00
7.736450389068214584e-01 1.004517914070559570e+00
7.784941758616540364e-01 1.003928140207033026e+00
7.833114982571253160e-01 1.003299376673856047e+00
7.881098658945605573e-01 1.002672719362079912e+00
7.930526568375537710e-01 1.002042935823092007e+00
7.980529681506436379e-01 1.001398145393121775e+00
8.031432848433656124e-01 1.000717152859271097e+00
8.082840409405492865e-01 9.999984398951522468e-01
8.134477582887267300e-01 9.992560072161306151e-01
8.187437651815221429e-01 9.984632127542456548e-01
8.241244045965958609e-01 9.976830998370098680e-01
8.296083658317656706e-01 9.968537363774601090e-01
8.350651650831453221e-01 9.959670733088270556e-01
8.405784185504079353e-01 9.950582102937620688e-01
8.461392252630023370e-01 9.941847076587420062e-01
8.517174727276410895e-01 9.933353546345513596e-01
8.573088075085931736e-01 9.925500932073617610e-01
8.629012151730148794e-01 9.916646465054014259e-01
8.687069974872286826e-01 9.907136570654418994e-01
8.746964147332020323e-01 9.897580856792396187e-01
8.805821159784512631e-01 9.888061626449757835e-01
8.865605932009715806e-01 9.878392231898371900e-01
8.926234815087931151e-01 9.868800770732242267e-01
8.987432523494812697e-01 9.860907402847449710e-01
9.050383778583058758e-01 9.854008099816390365e-01
9.111411275585653557e-01 9.847477249323536297e-01
9.172063164534811630e-01 9.840588202919553495e-01
9.235152575576950351e-01 9.835316199012493765e-01
9.294057830335530346e-01 9.831338553812360992e-01
9.349093981269281928e-01 9.828837596169004431e-01
9.402054564339311638e-01 9.827745646849327388e-01
9.456202845267434043e-01 9.830282571571531403e-01
9.512076900059811546e-01 9.835787132048405823e-01
9.569624313880220612e-01 9.843798016402979245e-01
9.623788296941319098e-01 9.855252084152364977e-01
9.676182180593766446e-01 9.866930840523121526e-01
9.727265681459793534e-01 9.881842218877259221e-01
9.774087343674613404e-01 9.896613943411040060e-01
9.818099499109163020e-01 9.911634678999671211e-01
9.859020061096113174e-01 9.928162160973488248e-01
9.892182752071653207e-01 9.942764800479101384e-01
9.918663483571180661e-01 9.956074197727551311e-01
9.941193370498365711e-01 9.968975059487964474e-01
9.957322959653497341e-01 9.980927329598084929e-01
9.967716218105299175e-01 9.990074635322743202e-01
9.973736552193960270e-01 9.996927598665107384e-01
9.977393426852784186e-01 1.000135782577771248e+00
9.979129493529094175e-01 1.000400506372078446e+00
9.979872771310689394e-01 1.000551981039682126e+00
9.980207195148079746e-01 1.000651116248056249e+00
9.980365296192462710e-01 1.000692233781123708e+00
9.980341289971039753e-01 1.000704209215931728e+00
9.980363039263245861e-01 1.000705775157413768e+00
9.980299911454316719e-01 1.000708550599429536e+00
9.980312015547515569e-01 1.000708713829017604e+00
9.980264421281300757e-01 1.000710794075048371e+00
9.980260313463283905e-01 1.000709987475229656e+00
9.980192629055165687e-01 1.000711649502935119e+00
9.980188295111982466e-01 1.000711073057535261e+00
9.980139553654099327e-01 1.000712629750389215e+00
9.980160691088771907e-01 1.000712786625321149e+00
9.980107313599714258e-01 1.000714489096221405e+00
9.980120650110846370e-01 1.000714509078392656e+00
9.980081471823305517e-01 1.000716076825422185e+00
9.980094777573790266e-01 1.000716503059641882e+00
9.980061516296764301e-01 1.000718804845138532e+00
9.980060944272350909e-01 1.000718260621995981e+00
9.980022183617991427e-01 1.000719847444166088e+00
9.980011470079224178e-01 1.000719723051113119e+00
9.979958712262635423e-01 1.000720770929203640e+00
9.979949925275929390e-01 1.000720443813100102e+00
9.979901182221183609e-01 1.000722102255897195e+00
9.979906751924341179e-01 1.000722783026412488e+00
9.979854983082545594e-01 1.000723823530053291e+00
9.979857987710503142e-01 1.000724604265019302e+00
9.979817116114416686e-01 1.000726417834663096e+00
9.979822091771021197e-01 1.000727384667254860e+00
9.979763238872167985e-01 1.000728405891883499e+00
9.979744481294802183e-01 1.000728093829960308e+00
9.979691241964355752e-01 1.000729476930432238e+00
9.979688642762249984e-01 1.000730636314911548e+00
9.979646088258842251e-01 1.000732101576629285e+00
9.979632691290681867e-01 1.000732808920327788e+00
9.979593413492532372e-01 1.000734358590367856e+00
9.979576330920698624e-01 1.000735284448694973e+00
9.979539431485328072e-01 1.000737532180685063e+00
9.979509680272524719e-01 1.000737708775201407e+00
9.979464839999486747e-01 1.000739221135111601e+00
9.979434844734560439e-01 1.000739894311909461e+00
9.979382914886210099e-01 1.000741508494011889e+00
9.979350404380095130e-01 1.000742464350425465e+00
9.979290262948913304e-01 1.000743385206037672e+00
9.979247297548131668e-01 1.000743912897183785e+00
9.979195707130427140e-01 1.000745617609319682e+00
9.979170790024526339e-01 1.000746752751928481e+00
9.979126942699008129e-01 1.000748711729355422e+00
9.979101951731841336e-01 1.000750152533459669e+00
9.979053968397675334e-01 1.000751718652349354e+00
9.979023544879456198e-01 1.000752983194971080e+00
9.978964631180591294e-01 1.000754551705937523e+00
9.978921013417469954e-01 1.000755219700988796e+00
9.978850031357031636e-01 1.000756170351048580e+00
9.978809372249964893e-01 1.000757517232414351e+00
9.978744640472920757e-01 1.000759180374962254e+00
9.978713573748003718e-01 1.000760681900581872e+00
9.978652554782149187e-01 1.000762172627761792e+00
9.978610635574286514e-01 1.000763435849578054e+00
9.978554321087482748e-01 1.000765284647326947e+00
9.978505603091364362e-01 1.000766547164110509e+00
9.978451660040751348e-01 1.000768395311798287e+00
9.978406555342369533e-01 1.000769547926435354e+00
9.978352329349539085e-01 1.000771628513882350e+00
9.978306571677804104e-01 1.000772923349024790e+00
9.978244836376104487e-01 1.000774674049853541e+00
9.978192872935411906e-01 1.000776167652249748e+00
9.978124027047381439e-01 1.000777454867104010e+00
9.978061352168683396e-01 1.000777938248621268e+00
9.977997679197481151e-01 1.000779948057804347e+00
9.977942725514283850e-01 1.000781313788968951e+00
9.977889156977590712e-01 1.000783425702004292e+00
9.977841699417698829e-01 1.000784970180249367e+00
9.977791958752516566e-01 1.000786985779671179e+00
9.977748211904594600e-01 1.000788798948567759e+00
9.977688413545233725e-01 1.000791035887940161e+00
9.977632128736161343e-01 1.000792353940508805e+00
9.977550328273537827e-01 1.000793569465748600e+00
9.977479746118624870e-01 1.000794133864453039e+00
9.977398577193897777e-01 1.000795235296675800e+00
9.977349154080369376e-01 1.000797208396565718e+00
9.977289596285944251e-01 1.000799470654652357e+00
9.977244225860251170e-01 1.000800813775912346e+00
9.977181970783902676e-01 1.000802737858348168e+00
9.977124000668586845e-01 1.000804611743371542e+00
9.977046024388021017e-01 1.000806013573071418e+00
9.976986965779164329e-01 1.000806933565373535e+00
9.976911768722503959e-01 1.000808236484664215e+00
9.976855084541503826e-01 1.000809884398105476e+00
9.976785889078365610e-01 1.000811829362542760e+00
9.976724932595179007e-01 1.000813110165347020e+00
9.976664743783186795e-01 1.000815053600099258e+00
9.976605178417322639e-01 1.000816730096192098e+00
9.976546279176347065e-01 1.000818936972924122e+00
9.976492378454011600e-01 1.000820168133882859e+00
9.976428702657742509e-01 1.000821909427624723e+00
9.976367283469623759e-01 1.000823801514319378e+00
9.976306039755554744e-01 1.000825709302568534e+00
9.976243165322591366e-01 1.000827291093248750e+00
9.976167739492414199e-01 1.000828497852410681e+00
9.976098982943344406e-01 1.000829521291429547e+00
9.976021304768147857e-01 1.000831104325841325e+00
9.975957735713083530e-01 1.000832305165357150e+00
9.975887358824627738e-01 1.000833610877429614e+00
9.975830466427748622e-01 1.000835932108477211e+00
9.975776576906749682e-01 1.000837849749422581e+00
9.975720626651234380e-01 1.000839454706320852e+00
9.975651583231383013e-01 1.000840925149803384e+00
9.975588979521242683e-01 1.000842155284945356e+00
9.975527523251490614e-01 1.000844049438663230e+00
9.975462681090694339e-01 1.000845522607545668e+00
9.975407328109325844e-01 1.000847406684829854e+00
9.975348911889941883e-01 1.000849087815980365e+00
9.975283312626407328e-01 1.000850235193476268e+00
9.975215135314098314e-01 1.000851152703617242e+00
9.975140302596845476e-01 1.000852455547249997e+00
9.975083055476702265e-01 1.000854302244351901e+00
9.975026219210375578e-01 1.000855718175621023e+00
9.974961897021450419e-01 1.000856625241295594e+00
9.974899628850132371e-01 1.000858215809798946e+00
9.974844539867279147e-01 1.000859613896031286e+00
9.974794665453226017e-01 1.000861470528572550e+00
9.974738635980038293e-01 1.000862866597802103e+00
9.974679851441874412e-01 1.000864420785533060e+00
9.974609362154356340e-01 1.000865913549784159e+00
9.974553557629844969e-01 1.000866694127499734e+00
9.974498045069126739e-01 1.000867698162210662e+00
9.974441065635876180e-01 1.000869005186393546e+00
9.974372895557106489e-01 1.000869447394205691e+00
