# Columns: yplus absP_over_phi P_term_plus PHI_term_plus | Case=inflow | x*=-20.00 | USE_ABS=True
4.042643832641917290e-01 5.511582096897205000e-04 1.387667361664468861e-04 -2.517729641450263123e-01
1.184336124530013912e+00 1.060370173731102310e-02 2.369562531687104904e-03 -2.234655962973170762e-01
1.967621863473802302e+00 4.867256264415841666e-02 1.016616362623999799e-02 -2.088684686804778423e-01
2.754992379040835715e+00 1.352764907823190699e-01 2.652303662304045587e-02 -1.960653803898576297e-01
3.547412979422030155e+00 2.854917508740739129e-01 5.227655700611225087e-02 -1.831105692058004608e-01
4.345930769543239869e+00 5.002749166786724100e-01 8.556755239152566417e-02 -1.710410607024014928e-01
5.151661951945293083e+00 7.608703874341938844e-01 1.228099777304775264e-01 -1.614072248817793598e-01
5.965780250768361270e+00 1.031383288438832757e+00 1.596731441679340446e-01 -1.548145543541096791e-01
6.789507142111069093e+00 1.277341395145384473e+00 1.927135865537394632e-01 -1.508708535448388677e-01
7.624104199578447982e+00 1.476192856223028649e+00 2.195006879326968086e-01 -1.486937746700041085e-01
8.470867566626315792e+00 1.622888894246334202e+00 2.391058825410016520e-01 -1.473334886871857374e-01
9.331124365772774709e+00 1.721016675984009536e+00 2.514033630998536162e-01 -1.460784004060338703e-01
1.020623074541423314e+01 1.779784622431641594e+00 2.571392971454877774e-01 -1.444777609069178570e-01
1.109757123048010463e+01 1.807503820495774960e+00 2.572355486201601815e-01 -1.423153554107585705e-01
1.200655906034658571e+01 1.811956894582073874e+00 2.529076797555750988e-01 -1.395770950797965981e-01
1.293463724376845825e+01 1.798495764844481482e+00 2.451970016606095093e-01 -1.363344893290933391e-01
1.388328011797107919e+01 1.772568890171781986e+00 2.351714997152642428e-01 -1.326726995036415502e-01
1.485399525520138653e+01 1.738386836265523705e+00 2.236362431792272565e-01 -1.286458448222330686e-01
1.584832560820626668e+01 1.700169630960584488e+00 2.113346745003140403e-01 -1.243021111845830085e-01
1.686785182377246883e+01 1.659706864681466554e+00 1.987470115294414641e-01 -1.197482614302407544e-01
1.791419468084351863e+01 1.618324518418850166e+00 1.863017018287887461e-01 -1.151201132457727871e-01
1.898901762844745633e+01 1.576423114177912144e+00 1.742149861486553264e-01 -1.105128341381283186e-01
2.009402941079698124e+01 1.534936291242527506e+00 1.626676179430918134e-01 -1.059767880081933233e-01
2.123098677441626947e+01 1.494187079723310552e+00 1.517015697500841143e-01 -1.015278286157954152e-01
2.240169725659074018e+01 1.454820087179140575e+00 1.413694693915241996e-01 -9.717316294802887111e-02
2.360802205698292511e+01 1.416706859197983448e+00 1.316529860052650935e-01 -9.292888302933438593e-02
2.485187899568958159e+01 1.379435866486594886e+00 1.225634095177640104e-01 -8.885038623066356112e-02
2.613524556182308345e+01 1.342614813054244571e+00 1.140437371345512374e-01 -8.494151563479258871e-02
2.746016205717669934e+01 1.306953627541579177e+00 1.060790878342917909e-01 -8.116515046813856105e-02
2.882873483984329610e+01 1.272687059148536193e+00 9.862898075012330179e-02 -7.749664777459817910e-02
3.024313967288870231e+01 1.239781877819088551e+00 9.168221519151015242e-02 -7.395027853834189313e-02
3.170562518338046232e+01 1.208113474633901951e+00 8.521168249782468118e-02 -7.053284669608260449e-02
3.321851643726191838e+01 1.178494457873508816e+00 7.924570218417145706e-02 -6.724316915937260386e-02
3.478421863575110251e+01 1.151493406248101259e+00 7.379232957098244561e-02 -6.408402268791031642e-02
3.640522093914002255e+01 1.127941648612678094e+00 6.884807620879643264e-02 -6.103868608227804721e-02
3.808410042407246010e+01 1.108406197136800220e+00 6.439019384963479142e-02 -5.809259639287970428e-02
3.982352618059186966e+01 1.092763563680086758e+00 6.040305197679090438e-02 -5.527549964547891215e-02
4.162626355547256907e+01 1.079807054920099318e+00 5.685365132152234158e-02 -5.265167611423806487e-02
4.349517854858018495e+01 1.069446746952377403e+00 5.369867763255819354e-02 -5.021164240817443947e-02
4.543324236925107584e+01 1.061816390575116120e+00 5.088477928789736371e-02 -4.792239010393917892e-02
4.744353615993399131e+01 1.055906135375079602e+00 4.834112092574446157e-02 -4.578164602535688549e-02
4.952925589460402733e+01 1.051968649213215423e+00 4.601025680001558787e-02 -4.373728897189798487e-02
5.169371745973617749e+01 1.049668828148498045e+00 4.386850490200719377e-02 -4.179270997252197695e-02
5.394036192591646994e+01 1.049068167930174988e+00 4.190629738626682615e-02 -3.994621004366998712e-02
5.627276101847102296e+01 1.049011875280469130e+00 4.007318036316794702e-02 -3.820088342894476657e-02
5.869462279581100717e+01 1.048451026532874808e+00 3.832607247026365710e-02 -3.655494772798709852e-02
6.120979754452010013e+01 1.048509860403157301e+00 3.667303828939848936e-02 -3.497634087608629538e-02
6.382228390055734479e+01 1.050609670979494981e+00 3.515246080697168041e-02 -3.345910643883437396e-02
6.653623520630637245e+01 1.054582312279013445e+00 3.377549699517442411e-02 -3.202736913175000671e-02
6.935596611357722452e+01 1.059214815404274201e+00 3.250252759891479604e-02 -3.068549186267701540e-02
7.228595944305921250e+01 1.064011236656065229e+00 3.130763045848503762e-02 -2.942415397498760257e-02
7.533087331112895413e+01 1.068175143671571181e+00 3.015357230905304012e-02 -2.822905259282486659e-02
7.849554853534451127e+01 1.073818034185559211e+00 2.907893291436037739e-02 -2.707994463551302577e-02
8.178501633039844876e+01 1.082542378324105936e+00 2.813902005204190968e-02 -2.599345819200555782e-02
8.520450630676556614e+01 1.096415837219778311e+00 2.734042059863772689e-02 -2.493617810917966165e-02
8.875945478476035078e+01 1.112937247675568342e+00 2.664494540936540590e-02 -2.394110311701298788e-02
9.245551343722344484e+01 1.128390628115587324e+00 2.601577185647437063e-02 -2.305564332798537563e-02
9.629855827457602402e+01 1.139030098379636424e+00 2.526592080271410426e-02 -2.218196063357495695e-02
1.002946989865273650e+02 1.144199190473786265e+00 2.434849096910523397e-02 -2.127994074093260760e-02
1.044502886552862151e+02 1.148496128591562693e+00 2.343454509288302179e-02 -2.040454861752259361e-02
1.087719338557195243e+02 1.160877604931251472e+00 2.273921095708849108e-02 -1.958794868683432985e-02
1.132665051585140930e+02 1.175901318744857926e+00 2.215508907729842047e-02 -1.884094245335695209e-02
1.179411480530404503e+02 1.189806464857342538e+00 2.157831420897517866e-02 -1.813598668886238705e-02
1.228032943072834655e+02 1.207635302447666037e+00 2.108277695779670058e-02 -1.745790050610940974e-02
1.278606737828999655e+02 1.230007747893284487e+00 2.069871963704492113e-02 -1.682812134516793387e-02
1.331213267241872131e+02 1.245767168850620887e+00 2.020532738465906017e-02 -1.621918436275781097e-02
1.385936165404988287e+02 1.254747072457049972e+00 1.956756269788233540e-02 -1.559482634182605965e-02
1.442862431024297791e+02 1.268543839355670722e+00 1.902256706771119146e-02 -1.499559296064477409e-02
1.502082565729097325e+02 1.278709607253037728e+00 1.847415935005453785e-02 -1.444750179811449264e-02
1.563690717951915587e+02 1.288385814094272774e+00 1.788302077282181643e-02 -1.388017515963839432e-02
1.627784832606114094e+02 1.297745359972981571e+00 1.732325933310600169e-02 -1.334873532775849268e-02
1.694466806799140954e+02 1.298660095553004767e+00 1.666317577018975801e-02 -1.283105242645815255e-02
1.763842651829004922e+02 1.294170537301149393e+00 1.594406081080021811e-02 -1.231990711521667621e-02
1.836022661721506211e+02 1.286968776306749440e+00 1.523033506976431868e-02 -1.183426929243088649e-02
1.911121588576166630e+02 1.284535098358847494e+00 1.455378776896993492e-02 -1.133000397386120343e-02
1.989258824999629667e+02 1.302179421667053472e+00 1.410604097118666432e-02 -1.083264006209534031e-02
2.070558593916550194e+02 1.332850113408348358e+00 1.378932464996236035e-02 -1.034574293931705795e-02
2.155150146059753808e+02 1.357501365198725329e+00 1.338855188558065248e-02 -9.862643404134400354e-03
2.243167965453626493e+02 1.365279335982153119e+00 1.278423272069806847e-02 -9.363822028040409348e-03
2.334751983217412317e+02 1.379202652543866536e+00 1.228223438108416027e-02 -8.905315225743096544e-03
2.430047800028339395e+02 1.403160276192038314e+00 1.185454970470236832e-02 -8.448464445468623074e-03
2.529206917598254449e+02 1.404610477354531373e+00 1.119598273017476976e-02 -7.970880831859865345e-03
2.632386979531810312e+02 1.391776782426777270e+00 1.045812088247157108e-02 -7.514222836966877837e-03
2.739752021949236109e+02 1.378401662027907149e+00 9.660947787246488075e-03 -7.008804511330379503e-03
2.851472734272433058e+02 1.372160186037487684e+00 8.959394605402131936e-03 -6.529408662756054464e-03
2.967726730589741919e+02 1.390176038856010932e+00 8.433325909969051695e-03 -6.066372656594567342e-03
3.088698832032590076e+02 1.400264261666064103e+00 7.855377146014129799e-03 -5.609924755679785748e-03
3.214581360617102064e+02 1.401502307778093925e+00 7.211170278075820436e-03 -5.145314594242963654e-03
3.345574445026846888e+02 1.401225566052666238e+00 6.548153894717871105e-03 -4.673161875831598547e-03
3.481886338841483735e+02 1.408202692364594055e+00 5.948668614800212313e-03 -4.224298566573155174e-03
3.623733751753101160e+02 1.404569018422624715e+00 5.309527754230965527e-03 -3.780182877872198099e-03
3.771342194360321400e+02 1.385689104769971980e+00 4.609565622757953209e-03 -3.326551105071402607e-03
3.924946337188322900e+02 1.354273602349598260e+00 3.930069184786356799e-03 -2.901975773557041553e-03
4.084790384633960230e+02 1.315464153456932017e+00 3.260627285932562666e-03 -2.478689576879690350e-03
4.251128464522648187e+02 1.238948708329145498e+00 2.572558940191059951e-03 -2.076404715462700813e-03
4.424225033742401934e+02 1.112125670510265119e+00 1.901674078434911026e-03 -1.709945313610453403e-03
4.604355299669244346e+02 9.764487551571611190e-01 1.341745729233483585e-03 -1.374107675540563655e-03
4.791805655182112673e+02 8.167208517395286860e-01 8.761268189938634706e-04 -1.072737174675786028e-03
4.986874120839544844e+02 6.371591119089209387e-01 5.223521139889956673e-04 -8.198142414130044769e-04
5.189870779371774461e+02 4.958513299954160347e-01 2.970056058659360679e-04 -5.989811620928430034e-04
5.401118172208290389e+02 3.650302670450961684e-01 1.540918635415316020e-04 -4.221344843234464271e-04
5.620951601520863505e+02 2.416273654131996795e-01 6.808734328375306807e-05 -2.817865566150545733e-04
5.849719239794153509e+02 1.410477534205958894e-01 2.550140145036789804e-05 -1.807997705168990518e-04
6.087781888155607248e+02 7.179483094073424443e-02 7.758612813655392089e-06 -1.080664542557392710e-04
6.335512142651842851e+02 2.691240823688879208e-02 1.665784373760924172e-06 -6.189651847944385883e-05
6.593292627167609226e+02 9.414799528043466328e-03 3.123608607840037652e-07 -3.317764333203140952e-05
6.861512843436322555e+02 8.613566097714143652e-03 1.477450542967306377e-07 -1.715260005213624915e-05
7.140564093812868123e+02 8.064980292522918454e-03 7.218842238505839168e-08 -8.950849198228619995e-06
7.430831883722803468e+02 6.713930731740762499e-03 3.168613888292656492e-08 -4.719461690768904354e-06
7.732685249113592363e+02 1.258618571457899120e-02 3.389327217519537656e-08 -2.692894650039661419e-06
8.046462622009435108e+02 2.151719627206655910e-02 3.705758999489543042e-08 -1.722231350513044267e-06
8.372454175266915399e+02 1.844539970824094627e-02 2.251820189454718574e-08 -1.220803140659869352e-06
8.710881080053507048e+02 1.797412181847158827e-02 1.603397620362918433e-08 -8.920589481679954896e-07
9.061872729952274312e+02 2.839058881844813004e-02 1.996056831301435905e-08 -7.030698954733913069e-07
9.425443649727435513e+02 3.081816509682828650e-02 1.803620859861163739e-08 -5.852460242828626353e-07
9.801472388169320311e+02 3.479172506119998509e-02 1.783950751805342840e-08 -5.127514512911632923e-07
1.018968504511806486e+03 3.885341789570804366e-02 1.822009052277825228e-08 -4.689443428551221550e-07
1.058964606761453751e+03 3.789017080456857228e-02 1.666839356141934381e-08 -4.399133919821118246e-07
1.100075848699668086e+03 4.219894445355374529e-02 1.771955623702135836e-08 -4.199052006271005889e-07
1.142227486260603428e+03 4.141117826782247935e-02 1.686870632540618520e-08 -4.073466882856987151e-07
1.185331895616118800e+03 3.730629126696189540e-02 1.495993592076108264e-08 -4.010030322689691626e-07
1.229291678229308900e+03 3.698885254916849108e-02 1.471040767739708293e-08 -3.976984054274961045e-07
1.274003441531606541e+03 3.481195065902372571e-02 1.384783828070901891e-08 -3.977897824900964600e-07
1.319361902371336555e+03 3.207940437533862016e-02 1.287984160208169033e-08 -4.014987763296254610e-07
1.365263922892460869e+03 2.941902431123431111e-02 1.191606567603929914e-08 -4.050462568022313249e-07
1.411612110933252552e+03 2.587820051964037638e-02 1.061362057713195481e-08 -4.101375043089529815e-07
1.458317693292316108e+03 2.451607469268662562e-02 1.017111023809693728e-08 -4.148751529595834657e-07
1.505302483430302800e+03 2.446061244516761074e-02 1.025681405848111748e-08 -4.193195931407446138e-07
1.552499892313759119e+03 2.187594614150246281e-02 9.328004024607331663e-09 -4.264045981952063228e-07
1.599855048753808887e+03 1.970567771484723479e-02 8.531264597884593514e-09 -4.329343411242697623e-07
1.647324185276578874e+03 1.995856418040679869e-02 8.724794834857282961e-09 -4.371454156718528335e-07
1.694873497130111218e+03 1.914859867882290345e-02 8.490862768952340511e-09 -4.434195374485903404e-07
1.742477694452413061e+03 1.793135357070114663e-02 8.103776937114843991e-09 -4.519333638234635351e-07
1.790118447443058130e+03 1.894983161124044052e-02 8.685328126527465571e-09 -4.583327337523993191e-07
1.837782882685499999e+03 2.049391656424211922e-02 9.493955708764898037e-09 -4.632572636374442842e-07
1.885462237784075342e+03 2.107758275476307244e-02 9.867755426485098194e-09 -4.681635243137736704e-07
1.933150731755659990e+03 2.136719445031864256e-02 1.007914620174904271e-08 -4.717112592944430993e-07
1.980844667357239132e+03 2.033441502651405289e-02 9.683700826363458578e-09 -4.762222475412681454e-07
2.028541752181645506e+03 1.791005488504884141e-02 8.617987197488081476e-09 -4.811815068574860568e-07
2.076240608142163637e+03 1.586800620436701337e-02 7.725073788025425796e-09 -4.868332976766430795e-07
2.123940431970972895e+03 1.389689767763308166e-02 6.842737706447559766e-09 -4.923931848084970639e-07
2.171640769657078181e+03 1.126868958268273727e-02 5.596251442699766341e-09 -4.966195405098262540e-07
2.219341372364404833e+03 1.121268977043093050e-02 5.614424742821496274e-09 -5.007205994075871741e-07
2.267042107836728064e+03 1.408190193168614573e-02 7.105225290981922724e-09 -5.045643213147383492e-07
2.314742907905209449e+03 1.489839228462305591e-02 7.617028376709934537e-09 -5.112651238598160396e-07
2.362443738495280286e+03 1.369312121782334177e-02 7.087083442423042296e-09 -5.175652307231678285e-07
2.410144583089073421e+03 1.414831793510434171e-02 7.348407630239887600e-09 -5.193838351629955800e-07
2.457845433921289896e+03 1.471251126902850190e-02 7.658495086240453175e-09 -5.205430226152111783e-07
2.505546287451628814e+03 1.210770018759498023e-02 6.353594820088556037e-09 -5.247565368853592057e-07
2.553247142114791131e+03 1.009518468171510287e-02 5.350377171499014941e-09 -5.299929956893093855e-07
2.600947997239630240e+03 1.259138675840571972e-02 6.725454093187750589e-09 -5.341313250264505307e-07
2.648648852547087699e+03 1.565585032171858473e-02 8.406186432295333888e-09 -5.369357945785830385e-07
2.696349707924649920e+03 1.485256013539014777e-02 8.015629684073695958e-09 -5.396800020337464078e-07
2.744050563328326916e+03 1.229692195494323272e-02 6.684548557014662814e-09 -5.435952656695153290e-07
2.791751418741443103e+03 1.080683662357688653e-02 5.957892245504785274e-09 -5.513077002114259876e-07
2.839452274157869397e+03 1.071229371177269928e-02 5.977658193907799960e-09 -5.580185116973049599e-07
2.887153129575422099e+03 1.083422757271633452e-02 6.086044951193706133e-09 -5.617423956018883827e-07
2.934853984993346330e+03 9.577516554025649470e-03 5.433657700875160523e-09 -5.673347229654508152e-07
2.982554840411389250e+03 8.248321445210354125e-03 4.704251303034879516e-09 -5.703283188322577136e-07
3.030255695829469460e+03 8.844160060700606216e-03 5.074556506461173961e-09 -5.737748380437140030e-07
3.077956551247560128e+03 1.011379113495271438e-02 5.818149236011926665e-09 -5.752688737959713431e-07
3.125657406665655344e+03 8.959356960890214536e-03 5.181352951664864154e-09 -5.783175036202640172e-07
3.173358262083750560e+03 5.822800058755369865e-03 3.383969658158200459e-09 -5.811584845799304285e-07
3.221059117501845776e+03 4.845154531052582939e-03 2.800210231893488161e-09 -5.779403348122228507e-07
3.268759972919940992e+03 6.578498618500610434e-03 3.796799550725573697e-09 -5.771528993025692587e-07
3.316460828338036208e+03 7.704641812347053260e-03 4.448494650944663466e-09 -5.773785153536586612e-07
3.364161683756131424e+03 7.802379511729910094e-03 4.521013611709924226e-09 -5.794403623808789481e-07
3.411862539174226640e+03 7.818888273285957632e-03 4.532986972390120620e-09 -5.797482728941837957e-07
3.459563394592321856e+03 6.858069375547978623e-03 3.965409931631477850e-09 -5.782108220966532402e-07
3.507264250010417072e+03 5.924196439835860938e-03 3.419591655341527372e-09 -5.772245552742461694e-07
3.554965105428512288e+03 5.998678885280171562e-03 3.450473702065523671e-09 -5.752056024423063193e-07
3.602665960846607504e+03 5.644081545105874079e-03 3.262883278134220032e-09 -5.781070404561303549e-07
3.650366816264702720e+03 4.158261051823927863e-03 2.391453991080935055e-09 -5.751091529070733562e-07
3.698067671682797936e+03 3.567100254560248013e-03 2.047662497423333540e-09 -5.740411962925806064e-07
3.745768527100893152e+03 5.550954762322869197e-03 3.205983861367063983e-09 -5.775553933762339914e-07
3.793469382518988368e+03 6.902167666183515321e-03 3.963784385341004512e-09 -5.742810921214174832e-07
3.841170237937084494e+03 4.962819903306019652e-03 2.822837824661419128e-09 -5.687971515510696824e-07
3.888871093355179710e+03 1.955110381927699457e-03 1.112696920007366896e-09 -5.691223013762886551e-07
3.936571948773274926e+03 2.246891321671085865e-04 1.282809340497509636e-10 -5.709262963121166078e-07
3.984272804191370142e+03 2.698200152263198676e-04 -1.540639006514791123e-10 -5.709876656935671537e-07
4.031973659609465358e+03 1.102949501996250761e-03 6.260447634365634710e-10 -5.676096342611083691e-07
4.079674515027560574e+03 4.359244178490527880e-03 2.468496460601778295e-09 -5.662670773942612120e-07
4.127375370445655790e+03 5.751481235027736116e-03 3.263234720037511034e-09 -5.673729230243718838e-07
4.175076225863751461e+03 3.329178108713068841e-03 1.886912604046442707e-09 -5.667803110647780757e-07
4.222777081281846222e+03 5.188149444105542461e-04 2.933671183006972078e-10 -5.654561832909476712e-07
4.270477936699941893e+03 4.727974369754107237e-04 2.681857747710148261e-10 -5.672318709819119706e-07
4.318178792118036654e+03 1.527974827873548229e-03 8.622942666291820562e-10 -5.643380053774966961e-07
4.365879647536132325e+03 9.717652702719175618e-04 5.413454443076830931e-10 -5.570742862174986133e-07
4.413580502954227086e+03 9.940389157304054435e-05 -5.535415365032280082e-11 -5.568610320416818656e-07
4.461281358372322757e+03 8.318601704746510185e-04 -4.599741624015195449e-10 -5.529464911621660605e-07
4.508982213790417518e+03 1.529177361490947473e-03 -8.436526665006314236e-10 -5.517036072768369481e-07
4.556683069208513189e+03 1.680911996120751199e-03 -9.281996392372605922e-10 -5.522000208097638693e-07
4.604383924626607950e+03 1.101120089420472032e-03 -6.043669915840660565e-10 -5.488656481620901900e-07
4.652084780044703621e+03 1.722953195382871227e-04 9.391278113835124183e-11 -5.450686727301499676e-07
4.699785635462798382e+03 2.453236101475110564e-04 1.330263275932410213e-10 -5.422483694629041289e-07
4.747486490880894053e+03 1.825104503320648316e-03 -9.841327563797870597e-10 -5.392199485504677637e-07
4.795187346298988814e+03 2.679475561123261310e-03 -1.441862473863343602e-09 -5.381136871645514757e-07
4.842888201717084485e+03 1.610087426987531333e-03 -8.695421787807198229e-10 -5.400589832613192959e-07
4.890589057135179246e+03 8.902521114991796946e-04 -4.798694261802306462e-10 -5.390264397937042059e-07
4.938289912553274917e+03 2.249984469739701575e-03 -1.201924248642356352e-09 -5.341922421275226376e-07
4.985990767971369678e+03 5.009251436440311997e-03 -2.655091075993456852e-09 -5.300374935621568793e-07
5.033691623389465349e+03 5.751164562975514746e-03 -3.043288373078879688e-09 -5.291603708700617353e-07
5.081392478807560110e+03 3.825148623226927967e-03 -2.010113230579428765e-09 -5.254993801740650207e-07
5.129093334225655781e+03 1.883072111877368872e-03 -9.902847083841801272e-10 -5.258878309216181382e-07
5.176794189643750542e+03 2.409674059266488089e-03 -1.261105792365919011e-09 -5.233511924636825847e-07
5.224495045061846213e+03 4.268178162602317104e-03 -2.215407093823428108e-09 -5.190521598265920594e-07
5.272195900479940974e+03 6.082029645591015624e-03 -3.131910896708070216e-09 -5.149450231599010670e-07
5.319896755898036645e+03 5.676354930239101669e-03 -2.902740230567522661e-09 -5.113739831707902723e-07
5.367597611316131406e+03 3.122982144831997365e-03 -1.606306131158973029e-09 -5.143500848434678752e-07
5.415298466734227077e+03 3.511569812632565381e-03 -1.801209056820605975e-09 -5.129355681156939565e-07
5.462999322152321838e+03 6.454938657461466688e-03 -3.299431706564587825e-09 -5.111484216431198873e-07
5.510700177570417509e+03 7.766852594764788072e-03 -3.960578618239447025e-09 -5.099335374163090504e-07
5.558401032988513180e+03 6.781098895476142183e-03 -3.445839132011675762e-09 -5.081534991785018649e-07
5.606101888406607941e+03 4.768406796291306537e-03 -2.406401467901254206e-09 -5.046552382596354553e-07
5.653802743824703612e+03 5.121305055493203390e-03 -2.585643299387197713e-09 -5.048797662646145784e-07
5.701503599242798373e+03 6.939189448694409873e-03 -3.481797558438149827e-09 -5.017585388295229282e-07
5.749204454660894044e+03 6.500113514465146770e-03 -3.236811503343371159e-09 -4.979623042182684130e-07
5.796905310078988805e+03 6.410539350111944465e-03 -3.178864524520718852e-09 -4.958809783244225306e-07
5.844606165497084476e+03 6.991062999173779449e-03 -3.454848824910698775e-09 -4.941807598242214458e-07
5.892307020915179237e+03 7.290335403657060252e-03 -3.581194131384611124e-09 -4.912248796657794283e-07
5.940007876333274908e+03 8.482761521538505212e-03 -4.159027940159320139e-09 -4.902917439797368593e-07
5.987708731751369669e+03 8.685242667941399375e-03 -4.243025438838487390e-09 -4.885327446865892855e-07
6.035409587169465340e+03 7.054676476360274319e-03 -3.407186287266323497e-09 -4.829684676091902653e-07
6.083110442587560101e+03 6.302931635659997193e-03 -3.046780429158208225e-09 -4.833910004545323490e-07
6.130811298005655772e+03 7.468601212882518964e-03 -3.583014929396840428e-09 -4.797437736020142757e-07
6.178512153423751442e+03 8.421137638128822767e-03 -4.024066813871255516e-09 -4.778531104457049909e-07
6.226213008841847113e+03 8.634851006968423046e-03 -4.125219333254042154e-09 -4.777406500615868826e-07
6.273913864259941874e+03 8.518025041178722140e-03 -4.044089256627763988e-09 -4.747684160444947799e-07
6.321614719678037545e+03 9.139778948618280593e-03 -4.350544493387130173e-09 -4.760010628096022057e-07
6.369315575096132306e+03 1.014410391354799400e-02 -4.791755337582696107e-09 -4.723685185423870241e-07
6.417016430514227977e+03 8.824101868789709438e-03 -4.129077191518331443e-09 -4.679317230145106126e-07
6.464717285932322739e+03 7.379007550798700847e-03 -3.455795955687788552e-09 -4.683280145598624219e-07
6.512418141350418409e+03 8.214726903779579273e-03 -3.807647746403776333e-09 -4.635148302558768450e-07
6.560118996768513171e+03 8.938524110391208102e-03 -4.144917796914687778e-09 -4.637138912112056478e-07
6.607819852186608841e+03 9.811720089963780686e-03 -4.531474959507904501e-09 -4.618430731776646199e-07
6.655520707604703603e+03 1.071874787657600865e-02 -4.908479102979297475e-09 -4.579340012004517035e-07
6.703221563022799273e+03 9.872556734836385531e-03 -4.505066695613532574e-09 -4.563221885286226697e-07
6.750922418440894035e+03 9.723226331843857692e-03 -4.414791294707006725e-09 -4.540459250905672053e-07
6.798623273858989705e+03 1.043201722809300111e-02 -4.725933258628721984e-09 -4.530219951997370924e-07
6.846324129277084467e+03 9.451286328921773214e-03 -4.230258058887217778e-09 -4.475854303495444433e-07
6.894024984695180137e+03 8.441556643594768858e-03 -3.740169234588980079e-09 -4.430662960044131675e-07
6.941725840113274899e+03 8.857610075584082532e-03 -3.924364937511130960e-09 -4.430500895866488174e-07
6.989426695531370569e+03 1.013910752641291636e-02 -4.464559396886656734e-09 -4.403306094995285338e-07
7.037127550949465331e+03 1.202946358043576781e-02 -5.283952973670511329e-09 -4.392509223989104596e-07
7.084828406367561001e+03 1.150412100250450959e-02 -5.034908092153634941e-09 -4.376612599135134172e-07
7.132529261785655763e+03 9.767101316205083206e-03 -4.283644672163541583e-09 -4.385789123592210326e-07
7.180230117203751433e+03 9.401122080563421857e-03 -4.112998745331857269e-09 -4.375008334202335833e-07
7.227930972621846195e+03 9.069798988913467183e-03 -3.945563244591845150e-09 -4.350221266661733306e-07
7.275631828039941865e+03 9.604565046960873362e-03 -4.173499338823131335e-09 -4.345328828965276097e-07
7.323332683458036627e+03 1.106510386213155513e-02 -4.806797804607702594e-09 -4.344105454859899199e-07
7.371033538876132297e+03 1.094908179368328689e-02 -4.764215315443189548e-09 -4.351246438027111036e-07
7.418734394294227059e+03 1.030684700988907833e-02 -4.554987604052234017e-09 -4.419380242747247909e-07
7.466435249712322729e+03 1.068664053532224385e-02 -4.752989947585471918e-09 -4.447599722172324763e-07
7.514136105130417491e+03 1.125152895271286542e-02 -4.749100741491161858e-09 -4.220849238757104613e-07
7.561836960548513161e+03 1.139282142391370538e-02 -4.541361974359780331e-09 -3.986160938876292981e-07
7.609537815966607923e+03 1.966633049455195764e-02 -4.336406504196731900e-09 -2.204990150754366711e-07
