# Columns: yplus absP_over_phi P_term_plus PHI_term_plus | Case=jet_M12_T75 | x*=10.00 | USE_ABS=True
4.144407245336201306e-01 4.738448666127076056e-04 1.892175420220699826e-04 -3.993238195755849929e-01
1.214148814145693978e+00 1.085243272691068482e-02 3.657078542403506462e-03 -3.369823738538438307e-01
2.017151805761131289e+00 5.312742271957833495e-02 1.590775463585228713e-02 -2.994264321801933804e-01
2.824342397999771492e+00 1.512737261449158266e-01 4.026313903398819061e-02 -2.661608202565016179e-01
3.636710198263608973e+00 3.192306912573978916e-01 7.562584215245478358e-02 -2.369002862932033937e-01
4.455328669717095735e+00 5.480537516448610313e-01 1.170719237754681979e-01 -2.136139446616375503e-01
5.281342112498701447e+00 8.057495639464336001e-01 1.589389176334194409e-01 -1.972559772231980146e-01
6.115953796308138735e+00 1.049180071415960924e+00 1.960841761505086600e-01 -1.868927760759654666e-01
6.960415944839285274e+00 1.251689963087608159e+00 2.257814457883530190e-01 -1.803812864580349173e-01
7.816021888646519145e+00 1.403150376777255293e+00 2.467408820415537274e-01 -1.758477823369625215e-01
8.684100398344234861e+00 1.507258819567126373e+00 2.594613627283951507e-01 -1.721412138115141766e-01
9.566012003429262833e+00 1.570764179035757380e+00 2.648272374637868909e-01 -1.685977061345745598e-01
1.046314698993036885e+01 1.603383160441505417e+00 2.644346089815594603e-01 -1.649229052079760616e-01
1.137692473471733834e+01 1.612402594486741947e+00 2.595661136397591218e-01 -1.609809575643754709e-01
1.230879405192086473e+01 1.605267601317744708e+00 2.515483809447695562e-01 -1.567018363407300663e-01
1.326023427441962710e+01 1.586703038322589743e+00 2.413169555531879673e-01 -1.520870318672234434e-01
1.423275685217849329e+01 1.560444461503831759e+00 2.297968671542997832e-01 -1.472637269850923802e-01
1.522790730679217752e+01 1.528152067632091216e+00 2.175374265106680971e-01 -1.423532586306987258e-01
1.624726743097063064e+01 1.491910399549572386e+00 2.050104230222726531e-01 -1.374147020385192153e-01
1.729245766031652565e+01 1.452554192282197176e+00 1.925456851489158461e-01 -1.325566276094632123e-01
1.836513957281562881e+01 1.411704217973529296e+00 1.804292694614849646e-01 -1.278095419453285086e-01
1.946701849065052059e+01 1.370364200408530131e+00 1.687799641158951036e-01 -1.231643121336494229e-01
2.059984617138103147e+01 1.330132949369778217e+00 1.577532451066300245e-01 -1.185996070403143449e-01
2.176542358321618664e+01 1.290588133519925629e+00 1.473390286627024037e-01 -1.141642518135144585e-01
2.296560376365620826e+01 1.251672267503200597e+00 1.376263450839419200e-01 -1.099539780956199780e-01
2.420229476339408947e+01 1.214421827185349301e+00 1.286203402406193574e-01 -1.059107612868925019e-01
2.547746267883438875e+01 1.178982390276497982e+00 1.203154006510673418e-01 -1.020502101162432673e-01
2.679313477741499128e+01 1.144990868176706034e+00 1.126565241288416813e-01 -9.839076210995198468e-02
2.815140272040628489e+01 1.112632565941449103e+00 1.056021056678233538e-01 -9.491193130633256148e-02
2.955442588817981076e+01 1.081480733388543003e+00 9.908965128211796869e-02 -9.162405600296355535e-02
3.100443481317608274e+01 1.052174574710777355e+00 9.317272485621498623e-02 -8.855253405246595044e-02
3.250373472600571745e+01 1.024027621363651219e+00 8.771609029312328609e-02 -8.565793389080240960e-02
3.405470922031196324e+01 9.974407770309886567e-01 8.264055565380551416e-02 -8.285259391519544936e-02
3.565982404221721680e+01 9.722280247639564221e-01 7.788515996960933274e-02 -8.010997213181421384e-02
3.732163101037679809e+01 9.478312885429412971e-01 7.337672775783272983e-02 -7.741538884059366576e-02
3.904277207287133677e+01 9.246322131488663443e-01 6.911167226908059014e-02 -7.474504055371210265e-02
4.082598350738753368e+01 9.023050809734015631e-01 6.518552570228265675e-02 -7.224333219088258096e-02
4.267410027136457984e+01 8.802439455140240732e-01 6.158621674280918834e-02 -6.996494216935002231e-02
4.459006050902193863e+01 8.608850754983849995e-01 5.833017629713047048e-02 -6.775605473629783826e-02
4.657691022243419354e+01 8.444429708875963447e-01 5.539593856091703378e-02 -6.560056803207232889e-02
4.863780811407850990e+01 8.306308270803234306e-01 5.282135894334460263e-02 -6.359185960989705011e-02
5.077603060855391703e+01 8.192478403083539584e-01 5.054246646682662714e-02 -6.169374391979247363e-02
5.299497706145554332e+01 8.097622371598655056e-01 4.846109015575807838e-02 -5.984607324457235505e-02
5.529817516368539287e+01 8.010332493879100957e-01 4.652089253428680349e-02 -5.807610679061649822e-02
5.768928654979074366e+01 7.927754288513252368e-01 4.464101302851989500e-02 -5.630978383525524211e-02
6.017211261924718713e+01 7.839598873255274603e-01 4.277339187824915484e-02 -5.456068935385229718e-02
6.275060057994009810e+01 7.760556266662921310e-01 4.107798859805572578e-02 -5.293175796497313207e-02
6.542884972345343897e+01 7.690798656840693859e-01 3.955308440923883256e-02 -5.142909881544975581e-02
6.821111794214175461e+01 7.643186583351095909e-01 3.819188058331501878e-02 -4.996853101363133570e-02
7.110182849834593810e+01 7.612979361544975898e-01 3.693622057899208916e-02 -4.851743164517953455e-02
7.410557705651565641e+01 7.546242017712846417e-01 3.567176993515500799e-02 -4.727090630200406901e-02
7.722713898941688626e+01 7.428722391037014816e-01 3.423278877521357400e-02 -4.608166380872773249e-02
8.047147697004072597e+01 7.328809515984068268e-01 3.289409212269416710e-02 -4.488326794543157777e-02
8.384374886128284743e+01 7.212892120652479866e-01 3.152095315515469898e-02 -4.370085206861974714e-02
8.734931591593702649e+01 7.082101500237036884e-01 3.011427182279616602e-02 -4.252166086830052455e-02
9.099375130003816992e+01 6.935317635406623715e-01 2.872343119935907851e-02 -4.141617256680270309e-02
9.478284895310673619e+01 6.768995031630596904e-01 2.735048545505663203e-02 -4.040553335798226925e-02
9.872263279937928360e+01 6.614126757295345493e-01 2.605498939093856686e-02 -3.939293930555542306e-02
1.028193663246700424e+02 6.459078662090766976e-01 2.477050751929330344e-02 -3.834990842374294551e-02
1.070795625340881116e+02 6.265978026575530491e-01 2.342356408970023077e-02 -3.738213570228816895e-02
1.115099943064422519e+02 6.009755595168273512e-01 2.198087626264798658e-02 -3.657532476082751838e-02
1.161177051617932534e+02 5.722023794054338364e-01 2.040576007283357099e-02 -3.566178821912076302e-02
1.209100204592735963e+02 5.450722456985975795e-01 1.899430620787814078e-02 -3.484731860367223238e-02
1.258945590429757146e+02 5.239433911863952131e-01 1.784479105165015164e-02 -3.405862417930907021e-02
1.310792453544240459e+02 5.075439183344604421e-01 1.685420192934123859e-02 -3.320737638754383408e-02
1.364723220308875398e+02 4.969063107389835032e-01 1.609453969591914321e-02 -3.238948539813037847e-02
1.420823630095606802e+02 4.817178954293924176e-01 1.521932271843119168e-02 -3.159384955974083725e-02
1.479182871584466739e+02 4.654894250644954212e-01 1.432865899390471827e-02 -3.078192161276150501e-02
1.539893724556137897e+02 4.495732986550204369e-01 1.347714495886967977e-02 -2.997763657047469027e-02
1.603052707393654543e+02 4.408818193997337542e-01 1.293915764522263201e-02 -2.934835839418250755e-02
1.668760230527760484e+02 4.251166567204450186e-01 1.222493370318262530e-02 -2.875665657867104361e-02
1.737120756069853371e+02 4.095054557237342574e-01 1.155750316688211946e-02 -2.822307494403490311e-02
1.808242963886313817e+02 3.968007097832840779e-01 1.101911842349708945e-02 -2.776990603044856079e-02
1.882239924378236822e+02 3.977913040157144420e-01 1.083661886881334517e-02 -2.724197024775899464e-02
1.959229278241257930e+02 3.984457135096655667e-01 1.074183609601035358e-02 -2.695934661058858525e-02
2.039333423491253541e+02 4.015768477652362223e-01 1.071033360242045450e-02 -2.667069494176060526e-02
2.122679710053245969e+02 4.007707264000042180e-01 1.050662907730217505e-02 -2.621605917098755387e-02
2.209400642222879867e+02 3.920330081666955069e-01 1.009714549306316156e-02 -2.575585545788985214e-02
2.299634089322341310e+02 3.873436342154662482e-01 9.851024963367892295e-03 -2.543226244913088935e-02
2.393523504885617967e+02 4.041230271229970250e-01 1.014694618906888772e-02 -2.510855731559342649e-02
2.491218154721573512e+02 4.084791512648106582e-01 1.009518464890363232e-02 -2.471407565758253905e-02
2.592873354217427959e+02 4.045091042556051564e-01 9.847251605434143365e-03 -2.434370821778034794e-02
2.698650715259944946e+02 4.087603573000591628e-01 9.827929259595073741e-03 -2.404325440096597918e-02
2.808718403166998883e+02 4.145668463199779219e-01 9.833813809681762885e-03 -2.372069521953924787e-02
2.923251404038310852e+02 4.286241057003094546e-01 1.001616095251223540e-02 -2.336816996362648530e-02
3.042431802951137456e+02 4.274913868314188514e-01 9.797705318403552091e-03 -2.291907069993734392e-02
3.166449073445045883e+02 4.272482796689260343e-01 9.579028857112871845e-03 -2.242028654752137307e-02
3.295500378760248736e+02 4.574108193818279267e-01 1.003068982977639231e-02 -2.192927977377636187e-02
3.429790885317661377e+02 4.808728568130907211e-01 1.035451822262833943e-02 -2.153275668593832015e-02
3.569534088958158691e+02 4.926975482693080610e-01 1.033523338664368504e-02 -2.097683137037746268e-02
3.714952154496452863e+02 4.872462796582900380e-01 9.909145411521632155e-03 -2.033703657721306832e-02
3.866276269194524389e+02 4.988603008589438947e-01 9.900252290990500803e-03 -1.984574092976354800e-02
4.023747010819071761e+02 5.800138001252926889e-01 1.117166440724329246e-02 -1.926103207342657470e-02
4.187614730999763424e+02 5.925797758296748041e-01 1.106274516010283607e-02 -1.866878623154800618e-02
4.358139954592235199e+02 6.347337846565286323e-01 1.154140562988494392e-02 -1.818306494608650306e-02
4.535593795522952973e+02 7.459082934614685856e-01 1.306660001110024859e-02 -1.751770308178672922e-02
4.720258388822945221e+02 8.401050367354966353e-01 1.415443915789928522e-02 -1.684841601819338577e-02
4.912427336593119094e+02 9.178158305056822730e-01 1.476443238491276580e-02 -1.608648695542559334e-02
5.112406161311632218e+02 1.026764539402359677e+00 1.590069857986870644e-02 -1.548621711178679340e-02
5.320512751263240716e+02 1.139713081197255340e+00 1.686873594855496997e-02 -1.480086192468244542e-02
5.537077767048441501e+02 1.192227438312605914e+00 1.688502672607773009e-02 -1.416258859968497208e-02
5.762444951229673507e+02 1.322743009591926810e+00 1.782181620218950199e-02 -1.347337772564575868e-02
5.996971240660091098e+02 1.534766543309964204e+00 1.938063944180267936e-02 -1.262774428220548618e-02
6.241026518730027419e+02 1.668172447991024931e+00 1.996244957152929281e-02 -1.196665824062135251e-02
6.494992760656469954e+02 1.930963872412712501e+00 2.167423518492045745e-02 -1.122456794483617237e-02
6.759262221920199636e+02 2.235049062862571656e+00 2.385128528453430916e-02 -1.067148174992920730e-02
7.034234208983241388e+02 2.436615211542088488e+00 2.449052922448062553e-02 -1.005104503512519072e-02
7.320309874255216300e+02 2.588636231711878732e+00 2.439419481905878706e-02 -9.423570032830289739e-03
7.617884427293269027e+02 2.801296943209919288e+00 2.446245250107816419e-02 -8.732545316330298305e-03
7.927336193598675891e+02 3.046230823934458432e+00 2.490756710464816365e-02 -8.176519950145467661e-03
8.249012124372485459e+02 3.305126164811864165e+00 2.494056004726944234e-02 -7.546023602003440814e-03
8.583209696844701284e+02 3.415715310405517346e+00 2.380223000712276826e-02 -6.968446677804931641e-03
8.930155649611866693e+02 3.521182058300768247e+00 2.222962535153022098e-02 -6.313114455166133829e-03
9.289982633415762621e+02 3.490234104934596182e+00 1.942372869226456980e-02 -5.565165002772372131e-03
9.662705538645091110e+02 3.332830986808703155e+00 1.578374496979175617e-02 -4.735837200345168960e-03
1.004819985686078667e+03 3.150944693991985623e+00 1.209309341942150541e-02 -3.837926270962426726e-03
1.044618479315386367e+03 2.772265024561713087e+00 8.186270007688447800e-03 -2.952917536801039598e-03
1.085621383061254846e+03 2.251690623160756299e+00 4.850707396101817254e-03 -2.154251275112010686e-03
1.127767497338692692e+03 1.662993158991979969e+00 2.427347113829826045e-03 -1.459625435441452845e-03
1.170980196587580167e+03 9.686958461932597686e-01 8.975995977434280066e-04 -9.266062214169464755e-04
1.215169651269812448e+03 4.850325950896307581e-01 2.592793247091941663e-04 -5.345606199131443682e-04
1.260236011084757592e+03 2.639637279983321205e-01 7.537701525476818583e-05 -2.855582311492602609e-04
1.306073280815418229e+03 8.816956530092376343e-02 1.281637217801645054e-05 -1.453605009197223724e-04
1.352573527071004492e+03 1.353632198121791468e-02 9.759374586759159664e-07 -7.209768355318829289e-05
1.399631015758796138e+03 1.812975270588790613e-02 -6.571778585783324685e-07 -3.624858370875098733e-05
1.447145903113819941e+03 1.223927205847547862e-03 -2.453558577353139413e-08 -2.004660543233936445e-05
1.495027181292128262e+03 1.691449473583371554e-02 -1.941452839506564864e-07 -1.147804217523303173e-05
1.543194695604468279e+03 1.819350710112317693e-02 -1.322188089911109149e-07 -7.267362375830681473e-06
1.591580180805587361e+03 3.176491162361616549e-02 -1.572081208115455217e-07 -4.949112488468769378e-06
1.640127384462139617e+03 2.765556188156396630e-02 -9.673826858099005810e-08 -3.497967931198632231e-06
1.688791437363939394e+03 2.119219131767285241e-02 -5.390094298785519436e-08 -2.543434144203174249e-06
1.737537683809238160e+03 4.258143838742594472e-02 -8.212866646591776489e-08 -1.928743358048935426e-06
1.786340197327237092e+03 4.862756822978944043e-02 -7.284671861214835503e-08 -1.498053907773289923e-06
1.835180186710786302e+03 8.045108918359475392e-02 -9.635556305452072722e-08 -1.197691218755670383e-06
1.884044454487386020e+03 5.065839576022199142e-02 -5.006199938533466182e-08 -9.882270970894890904e-07
1.932924017690053006e+03 5.509219468487264182e-02 -4.584023908862935095e-08 -8.320641308779859138e-07
1.981812949813921932e+03 7.434070995159973438e-02 -5.334036052368279367e-08 -7.175121216680681619e-07
2.030707460547163464e+03 4.799001615347717187e-02 -3.040337784244429390e-08 -6.335354784047386019e-07
2.079605199777013240e+03 5.412321318516580965e-02 -3.068002525775694877e-08 -5.668552078161868255e-07
2.128504754726881401e+03 4.307251164793662185e-02 -2.246406570225246702e-08 -5.215406495415876472e-07
2.177405301908695947e+03 3.986221349309491263e-02 -1.904885832391956543e-08 -4.778675506120422214e-07
2.226306375882874363e+03 3.457035546239103224e-02 -1.550149845533950566e-08 -4.484043698134238295e-07
2.275207721549517828e+03 2.623749287412407635e-02 -1.114995953921317448e-08 -4.249628420179384118e-07
2.324109203323183920e+03 2.186962213835823635e-02 -8.902260159754185203e-09 -4.070605382861215749e-07
2.373010751319054634e+03 9.783180657902521352e-03 -3.820363605531984316e-09 -3.905032258037700596e-07
2.421912330604818635e+03 2.016950923422881122e-03 -7.624656747267627234e-10 -3.780288681654260912e-07
2.470813924246813713e+03 1.009049520304685737e-04 3.701786243478105666e-11 -3.668587288322915389e-07
2.519715524284268668e+03 1.282047770678667123e-04 4.576318513926774255e-11 -3.569538217366304815e-07
2.568617127087764402e+03 3.371331254020804372e-03 1.176049944550824953e-09 -3.488384427214661414e-07
2.617518731052599833e+03 6.171889428347164877e-03 2.132592693536019031e-09 -3.455331982684479861e-07
2.666420335490733578e+03 1.217178964081186941e-02 4.132732964819310182e-09 -3.395337158113794776e-07
2.715321940116082715e+03 1.378550143070462683e-02 4.593351590290171562e-09 -3.332016331346018338e-07
2.764223544813301032e+03 1.486962980392828211e-02 4.892126118870436302e-09 -3.290012046956291113e-07
2.813125149537291691e+03 1.712472834843500533e-02 5.576428002689655236e-09 -3.256359977937561440e-07
2.862026754270958918e+03 1.822035886129080157e-02 5.862281680965670275e-09 -3.217434807730434997e-07
2.910928359008019925e+03 1.979656788087716390e-02 6.333348896262973266e-09 -3.199215608671632838e-07
2.959829963746235535e+03 2.132869170359278158e-02 6.749232943136226894e-09 -3.164391438973882170e-07
3.008731568484832223e+03 2.117067230728162178e-02 6.671495742806376507e-09 -3.151291393099370220e-07
3.057633173223549875e+03 2.040040415536856569e-02 6.385370851051793761e-09 -3.130021739971960646e-07
3.106534777962306634e+03 2.091553936380066703e-02 6.537023148805091288e-09 -3.125438476675848850e-07
3.155436382701073398e+03 2.059103029324403991e-02 6.382419410657310004e-09 -3.099611490907958867e-07
3.204337987439845165e+03 1.871973298573713362e-02 5.800432518098895817e-09 -3.098565840932848432e-07
3.253239592178616931e+03 1.881806864531809093e-02 5.758599223704981448e-09 -3.060143595096148400e-07
3.302141196917388697e+03 1.791133497379141307e-02 5.461241912376485848e-09 -3.049042363602486687e-07
3.351042801656160464e+03 1.941734682775646953e-02 5.906859391664075202e-09 -3.042052780980566823e-07
3.399944406394932230e+03 1.972205502392620352e-02 5.987731408036560915e-09 -3.036058565282586152e-07
3.448846011133703996e+03 1.687760094833447647e-02 5.103263024217680026e-09 -3.023689824069031798e-07
3.497747615872475762e+03 1.577783117687917361e-02 4.742966853469767939e-09 -3.006095578218703224e-07
3.546649220611247529e+03 1.650941362283910724e-02 4.965403203070650381e-09 -3.007619359782419301e-07
3.595550825350019295e+03 1.568506906265149103e-02 4.695097601166704866e-09 -2.993354751842590765e-07
3.644452430088791061e+03 1.467265953921668455e-02 4.382318687251799924e-09 -2.986724169220213990e-07
3.693354034827562828e+03 1.423971954926795715e-02 4.233456063244919740e-09 -2.972991180477677071e-07
3.742255639566334594e+03 1.224341114255421935e-02 3.619409976360633947e-09 -2.956210433692544522e-07
3.791157244305106360e+03 1.380900491042167007e-02 4.102622381680039701e-09 -2.970976119056765815e-07
3.840058849043878126e+03 1.210383306422426440e-02 3.608415044498871638e-09 -2.981216797482438929e-07
3.888960453782649893e+03 1.069520796909340446e-02 3.186846349549959656e-09 -2.979695540992923097e-07
3.937862058521422568e+03 1.152352392961884971e-02 3.424063580270216421e-09 -2.971368481710151847e-07
3.986763663260194335e+03 1.073768426548549898e-02 3.174238357637908135e-09 -2.956166599013317825e-07
4.035665267998966101e+03 1.093344556727137221e-02 3.231429920216649699e-09 -2.955545806977578564e-07
4.084566872737737867e+03 9.570079867071876537e-03 2.819439870612553688e-09 -2.946098579922517960e-07
4.133468477476509179e+03 7.633087349225641666e-03 2.248325635268876634e-09 -2.945499681065439237e-07
4.182370082215281400e+03 9.016495277220488991e-03 2.655197159377168833e-09 -2.944821771365342827e-07
4.231271686954053621e+03 7.764493582354781501e-03 2.293655377675692183e-09 -2.954030875739461232e-07
4.280173291692824932e+03 6.809027346437505034e-03 2.000737338826361819e-09 -2.938359969832036284e-07
4.329074896431597153e+03 6.246164919356695169e-03 1.821053511850785969e-09 -2.915474591788940276e-07
4.377976501170368465e+03 5.592194988592062363e-03 1.625262274610455970e-09 -2.906304729942268064e-07
4.426878105909140686e+03 6.416277949635442943e-03 1.861392254794061739e-09 -2.901046789751091589e-07
4.475779710647911998e+03 6.817178890025250675e-03 1.983703284880886134e-09 -2.909859513564178224e-07
4.524681315386684219e+03 7.684321326754433440e-03 2.225253650506642199e-09 -2.895836282586200780e-07
4.573582920125455530e+03 8.460588262300575146e-03 2.446231495903003172e-09 -2.891325543878708878e-07
4.622484524864227751e+03 7.180066855004569454e-03 2.068688886268228884e-09 -2.881155465601737036e-07
4.671386129602999063e+03 6.878314308761855449e-03 1.975795003614306336e-09 -2.872498863707732057e-07
4.720287734341771284e+03 5.919964698849511028e-03 1.702916569837692452e-09 -2.876565412913084169e-07
4.769189339080542595e+03 4.982555907909469450e-03 1.429241448681384733e-09 -2.868490539990852711e-07
4.818090943819314816e+03 4.691016940048283249e-03 1.343568128667225801e-09 -2.864129773646472415e-07
4.866992548558086128e+03 4.179624958632645326e-03 1.206500803329919540e-09 -2.886624554286859724e-07
4.915894153296858349e+03 4.051613909349589468e-03 1.169086721311150973e-09 -2.885484025546812194e-07
4.964795758035629660e+03 3.886353499633600928e-03 1.119770200343544459e-09 -2.881287562876394323e-07
5.013697362774401881e+03 2.614553817001009743e-03 7.527289976963663453e-10 -2.878995998482733261e-07
5.062598967513173193e+03 1.102051464943811692e-03 3.161658624736710267e-10 -2.868884734795854652e-07
5.111500572251945414e+03 3.753914847195924105e-04 1.080396466159513562e-10 -2.878052673375213654e-07
5.160402176990716725e+03 3.878297253669791720e-04 -1.112186060652612429e-10 -2.867717423155793157e-07
5.209303781729488946e+03 4.176113966880988564e-05 1.195760401816951950e-11 -2.863332780905950207e-07
5.258205386468260258e+03 2.381578574226742191e-04 -6.813694291146041888e-11 -2.860999156140935501e-07
5.307106991207032479e+03 1.019628040267083358e-03 2.925608195439884636e-10 -2.869289662408210460e-07
5.356008595945803791e+03 8.334352079167140024e-04 2.380332510223675845e-10 -2.856049861600693194e-07
5.404910200684576012e+03 1.219353191251548512e-03 3.486694844532547369e-10 -2.859462598325421440e-07
5.453811805423347323e+03 1.306528104377116000e-06 -3.725755438717954952e-13 -2.851645843848264960e-07
5.502713410162119544e+03 4.282710906087339284e-04 1.215896289991414925e-10 -2.839080938811840154e-07
5.551615014900890856e+03 2.727729959196796886e-04 7.789070546435797531e-11 -2.855513801934174746e-07
5.600516619639663077e+03 1.963914812693974869e-04 5.600358460088685574e-11 -2.851630031959719066e-07
5.649418224378434388e+03 3.448924225484110463e-04 -9.915338929051746302e-11 -2.874907733776021928e-07
5.698319829117206609e+03 2.646296734644249305e-05 7.603729304853311753e-12 -2.873347196974683542e-07
5.747221433855977921e+03 1.987768684771401475e-03 -5.706444675066766953e-10 -2.870779039223581748e-07
5.796123038594750142e+03 4.236855720306059898e-03 -1.215451575949052711e-09 -2.868758476064536815e-07
5.845024643333521453e+03 5.191835858828918251e-03 -1.491687057251764771e-09 -2.873139863840443180e-07
5.893926248072293674e+03 3.952004248465227840e-03 -1.137592284013718788e-09 -2.878519891408279514e-07
5.942827852811064986e+03 2.745226199823718686e-03 -7.852297921623162768e-10 -2.860346415944663850e-07
5.991729457549837207e+03 2.644629633602032723e-03 -7.549515008703630864e-10 -2.854658706376611479e-07
6.040631062288608518e+03 3.295175104749951782e-03 -9.374291252248436845e-10 -2.844853749573283129e-07
6.089532667027380739e+03 1.985792588315008801e-03 -5.640022434658445462e-10 -2.840187070817972765e-07
6.138434271766152051e+03 1.442750591775179012e-03 -4.124013149575260417e-10 -2.858438023235202090e-07
6.187335876504924272e+03 3.645697016703406280e-03 -1.041049473029864930e-09 -2.855556751589922186e-07
6.236237481243695584e+03 4.956397264827172751e-03 -1.413323986892585007e-09 -2.851514742214407588e-07
6.285139085982468714e+03 5.046246855385705735e-03 -1.430102971990203843e-09 -2.833993288425631618e-07
6.334040690721240026e+03 4.084008046394958270e-03 -1.156392023627576048e-09 -2.831512598630524631e-07
6.382942295460012247e+03 5.072073396312524324e-03 -1.434923501190874477e-09 -2.829066910258211087e-07
6.431843900198783558e+03 5.948470360025190189e-03 -1.686639392396934549e-09 -2.835416990108011843e-07
6.480745504937555779e+03 7.664195215479561660e-03 -2.180855611482845264e-09 -2.845511564055829348e-07
6.529647109676327091e+03 7.113053020591484504e-03 -2.015010502551956629e-09 -2.832834925760751485e-07
6.578548714415099312e+03 6.859115701720972826e-03 -1.959897258374432125e-09 -2.857361420339779300e-07
6.627450319153870623e+03 5.812097295738505309e-03 -1.655622741506253421e-09 -2.848580567844544841e-07
6.676351923892642844e+03 5.669511734869747861e-03 -1.618935944600747034e-09 -2.855512115167957766e-07
6.725253528631414156e+03 5.327425201849601485e-03 -1.517765482409797722e-09 -2.848966292164651104e-07
6.774155133370186377e+03 6.194795769243267511e-03 -1.762818375013077537e-09 -2.845644054587479551e-07
6.823056738108957688e+03 6.227254019428131622e-03 -1.774704950492584823e-09 -2.849899722985062333e-07
6.871958342847729909e+03 7.358188943352496694e-03 -2.098949541624030676e-09 -2.852535532565054134e-07
6.920859947586501221e+03 8.509463745501941526e-03 -2.430316107538200668e-09 -2.856015584792699856e-07
6.969761552325273442e+03 9.561888190499155671e-03 -2.720930612013722046e-09 -2.845599695170334589e-07
7.018663157064044753e+03 8.670213562400360188e-03 -2.463084607251901897e-09 -2.840858059060305135e-07
7.067564761802816975e+03 7.359716926821465582e-03 -2.107488216471458500e-09 -2.863545211624934325e-07
7.116466366541588286e+03 6.468991918237708416e-03 -1.852815709168050418e-09 -2.864149055348946758e-07
7.165367971280360507e+03 7.603754527185276231e-03 -2.179484374214980115e-09 -2.866326584350917876e-07
7.214269576019131819e+03 9.224075885645612385e-03 -2.633927826864938198e-09 -2.855492365326073232e-07
7.263171180757904040e+03 9.583122543782183686e-03 -2.755098830296265167e-09 -2.874948971704275468e-07
7.312072785496675351e+03 8.320290982444336972e-03 -2.418382731016295234e-09 -2.906608357951709677e-07
7.360974390235447572e+03 6.580475833128911038e-03 -1.924150630848729425e-09 -2.924029628924002394e-07
7.409875994974218884e+03 5.742190713136394870e-03 -1.683260821893774766e-09 -2.931391355642339268e-07
7.458777599712991105e+03 5.930120666570066167e-03 -1.748148296274303333e-09 -2.947913532567994181e-07
7.507679204451763326e+03 5.419708812920556035e-03 -1.600313606568350633e-09 -2.952766766275730041e-07
7.556580809190534637e+03 6.076203621790598683e-03 -1.772291570987723395e-09 -2.916774488320136592e-07
7.605482413929306858e+03 4.440283325573233034e-03 -1.283559789546790799e-09 -2.890715964349156309e-07
7.654384018668078170e+03 2.941883788751207315e-03 -8.346563357806332989e-10 -2.837149240809863673e-07
7.703285623406850391e+03 2.317163001770229484e-03 -6.325287769561952005e-10 -2.729755207005143539e-07
7.752187228145621702e+03 1.128207801203761663e-02 2.915281850604676946e-09 -2.583993700002928902e-07
7.801088832884393923e+03 9.285111126831223013e-03 1.560070449277646652e-09 -1.680185005831006870e-07
