# Columns: yplus absP_over_phi P_term_plus PHI_term_plus | Case=jet_M08_T75 | x*=5.00 | USE_ABS=True
3.840869375187342949e-01 3.879075163255200974e-04 3.731066155830346353e-04 -9.618442537987199614e-01
1.125224120390206251e+00 8.144190513132696860e-03 6.165264735526383884e-03 -7.570138156253529704e-01
1.869414885462897358e+00 3.928407149077768612e-02 2.501042858219351336e-02 -6.366557139594085646e-01
2.617486549790186245e+00 1.095922886172786131e-01 5.991471728379630518e-02 -5.467055943418813735e-01
3.370356241573713163e+00 2.249546186985724172e-01 1.081017076458448412e-01 -4.805489581465119953e-01
4.129018803151517147e+00 3.769480261072885585e-01 1.631934597489635985e-01 -4.329335835347092876e-01
4.894534725710320444e+00 5.500809508167385786e-01 2.194964416916742322e-01 -3.990257095174347124e-01
5.668019151046316040e+00 7.254517156840387671e-01 2.716823267578710177e-01 -3.745009087223646338e-01
6.450632589541806183e+00 8.910919040366034327e-01 3.172382791953067827e-01 -3.560107299350747656e-01
7.243573647758414502e+00 1.037904961272731574e+00 3.542188870961056613e-01 -3.412825839677503525e-01
8.048073776675101598e+00 1.163967403466982908e+00 3.826926962606103100e-01 -3.287830012427541138e-01
8.865393860121344005e+00 1.267910945295353864e+00 4.024831712975683318e-01 -3.174380446757731900e-01
9.696822359079506626e+00 1.352039852503178263e+00 4.148054977956294742e-01 -3.067997566992237690e-01
1.054367469474935959e+01 1.415703993142152672e+00 4.201778035769984099e-01 -2.967977809008043311e-01
1.140729356959606022e+01 1.461978901742518877e+00 4.199574002676692008e-01 -2.872527091650405873e-01
1.228904996962872254e+01 1.492272418833520575e+00 4.146599106642900323e-01 -2.778714565993395391e-01
1.319034464567575782e+01 1.509693545305748286e+00 4.054653040758311455e-01 -2.685745761691754052e-01
1.411260992477706289e+01 1.513704988192053458e+00 3.927786624757769185e-01 -2.594816463840195486e-01
1.505731174857830545e+01 1.506636635954505588e+00 3.777112722859671812e-01 -2.506983192046662312e-01
1.602595187139857558e+01 1.490635100563644011e+00 3.607995788560136585e-01 -2.420441989589450227e-01
1.702007017665719957e+01 1.469429893034157608e+00 3.428768426321799345e-01 -2.333400485845496530e-01
1.804124708812968336e+01 1.442135346411352437e+00 3.242527629775752152e-01 -2.248421160915681782e-01
1.909110606402513000e+01 1.411751345825896564e+00 3.056816280798841379e-01 -2.165265356280256515e-01
2.017131616899627033e+01 1.378084141651768402e+00 2.874438187754407292e-01 -2.085821976232244135e-01
2.128359472341351122e+01 1.342584841706079946e+00 2.700734966060851505e-01 -2.011593518834096372e-01
2.242971003165410693e+01 1.306752993519844974e+00 2.534295575416303237e-01 -1.939383791721779604e-01
2.361148419251816932e+01 1.270043880855964202e+00 2.374560919284977034e-01 -1.869668406799147586e-01
2.483079599565077089e+01 1.228615934513149099e+00 2.216040104059920357e-01 -1.803688233083227677e-01
2.608958390830213858e+01 1.185177981855553897e+00 2.058754933877361970e-01 -1.737085033130726097e-01
2.738984915705244916e+01 1.141177153040930703e+00 1.904929788349241093e-01 -1.669267372969319152e-01
2.873365890934784872e+01 1.097108896737083894e+00 1.760215922147478906e-01 -1.604413132900976702e-01
3.012314955988386700e+01 1.053611035619491210e+00 1.627352507491968969e-01 -1.544547705439640872e-01
3.156053012705211103e+01 1.011120724855431696e+00 1.505935269660821085e-01 -1.489372369334173440e-01
3.304808576484635552e+01 9.692974480359318745e-01 1.392399950400878272e-01 -1.436504298264965618e-01
3.458818139581017448e+01 9.296732060150161292e-01 1.286156231461390020e-01 -1.383449822087930436e-01
3.618326547080107503e+01 8.926782843760311392e-01 1.187627362607510118e-01 -1.330409155676553767e-01
3.783587386154852794e+01 8.558254072506696897e-01 1.094978369676824353e-01 -1.279441297722664073e-01
3.954863389219410408e+01 8.187613257476303863e-01 1.010351926337200307e-01 -1.234000550056054551e-01
4.132426851622290798e+01 7.825809760247738334e-01 9.337430954761745394e-02 -1.193158438656724274e-01
4.316560064542726849e+01 7.506264493316645581e-01 8.656861600069261364e-02 -1.153284913924505772e-01
4.507555763778425018e+01 7.190953279904532813e-01 8.009035796998527357e-02 -1.113765516928077598e-01
4.705717595138244747e+01 6.894881188024094554e-01 7.430039405119907847e-02 -1.077616742406721090e-01
4.911360597179639598e+01 6.625175807226814095e-01 6.927466625230913055e-02 -1.045627591900935988e-01
5.124811702058369178e+01 6.409599843329674140e-01 6.494577215344024546e-02 -1.013257827959850588e-01
5.346410255286667734e+01 6.191855306215658938e-01 6.073173299406431358e-02 -9.808325613342273874e-02
5.576508555226263297e+01 5.896749683111285334e-01 5.613523729329564921e-02 -9.519691407975312825e-02
5.815472413173849020e+01 5.525843605786726620e-01 5.127481458574338624e-02 -9.279092613487614771e-02
6.063681734929526357e+01 5.186975731061241879e-01 4.700067237545803300e-02 -9.061286347264596586e-02
6.321531124772731403e+01 4.855369373685207157e-01 4.305453945451345049e-02 -8.867407634907746583e-02
6.589430512805837736e+01 4.532621074942916883e-01 3.924998600180704122e-02 -8.659445683378981518e-02
6.867805806662880741e+01 4.221202897764835815e-01 3.570835940406046072e-02 -8.459285248517277311e-02
7.157099568619382524e+01 3.872602009628727804e-01 3.214523398241873886e-02 -8.300681015630767545e-02
7.457771719179828551e+01 3.486538419539891853e-01 2.839319667862351751e-02 -8.143663789705343770e-02
7.770300268261307508e+01 3.126485489542283336e-01 2.503266794699349901e-02 -8.006647729767098209e-02
8.095182075135832633e+01 2.770911790392811547e-01 2.186072753397630061e-02 -7.889362487023546255e-02
8.432933638339358140e+01 2.440032445445060316e-01 1.897703247429495185e-02 -7.777368907417767097e-02
8.784091916803488687e+01 2.190559410669184470e-01 1.682000979727795234e-02 -7.678408408078592207e-02
9.149215183515141803e+01 2.011296710034622681e-01 1.524380721293534281e-02 -7.579094191762951460e-02
9.528883913061436317e+01 1.758508478522156360e-01 1.314370920655719491e-02 -7.474350773448142082e-02
9.923701704470728657e+01 1.623732587338634070e-01 1.200548175408843246e-02 -7.393755503648492822e-02
1.033429624081706208e+02 1.536336621276615244e-01 1.122208979747313720e-02 -7.304447242914881289e-02
1.076132028711346464e+02 1.459485980830712293e-01 1.055893557759193281e-02 -7.234694759850987533e-02
1.120545272808068660e+02 1.404269020552708913e-01 1.008712193502114655e-02 -7.183183412428294223e-02
1.166739964744111973e+02 1.157886187451009768e-01 8.226054572695718978e-03 -7.104372313832238439e-02
1.214789545045382511e+02 9.705180827181698888e-02 6.847800694648833487e-03 -7.055819790054726481e-02
1.264770403147529265e+02 9.784297380598058758e-02 6.846264671837888616e-03 -6.997196022898698187e-02
1.316761998840205194e+02 9.873209293360978023e-02 6.853727750898199952e-03 -6.941742595800980131e-02
1.370846988592591629e+02 9.921286150940662740e-02 6.850522691539126692e-03 -6.904873609445899563e-02
1.427111356961023318e+02 9.957813078799367112e-02 6.822164091248415427e-03 -6.851066632063128325e-02
1.485644553287612268e+02 9.801593328061633525e-02 6.639160779981301622e-03 -6.773552582490446894e-02
1.546539633907211737e+02 9.352700709361665143e-02 6.256617040052170689e-03 -6.689636752504607431e-02
1.609893410088789096e+02 9.066624366906816945e-02 5.992892688059169200e-03 -6.609838949469694358e-02
1.675806601946408421e+02 9.584642546006513775e-02 6.256816316034845976e-03 -6.527960000596765011e-02
1.744383998564514968e+02 8.928234424714746875e-02 5.737360047616061644e-03 -6.426085802288247772e-02
1.815734624592085993e+02 8.615253030439833093e-02 5.435859835940175938e-03 -6.309576534471976472e-02
1.889971913570502693e+02 8.931798970550856864e-02 5.524735886912901864e-03 -6.185468241200429984e-02
1.967213888270692905e+02 9.445496228125663252e-02 5.737059107594157624e-03 -6.073856755679000324e-02
2.047583348326258772e+02 9.522699533823132667e-02 5.656490334721184059e-03 -5.940007153045435279e-02
2.131208065460878913e+02 1.024689670374646783e-01 5.957946910109214976e-03 -5.814391500531933266e-02
2.218220986620361259e+02 9.817537347489609101e-02 5.557843431093893900e-03 -5.661138057717764183e-02
2.308760445332299014e+02 1.069785621079438892e-01 5.837516610730995349e-03 -5.456716276332825716e-02
2.402970381629356780e+02 1.074603930924813711e-01 5.651571684424003782e-03 -5.259213670994308115e-02
2.501000570885861407e+02 9.032617819898396128e-02 4.602080885919840672e-03 -5.094958048354145119e-02
2.603006861931611979e+02 9.703601644731456310e-02 4.783006844374847188e-03 -4.929104696885169140e-02
2.709151424821748719e+02 1.871342541586599462e-01 8.883678394119238000e-03 -4.747221952527888589e-02
2.819603008657292662e+02 3.312132090032948728e-01 1.508246814173933546e-02 -4.553703696518122956e-02
2.934537209867950196e+02 4.317310171204923885e-01 1.889904894587596251e-02 -4.377505482910763746e-02
3.054136751387646314e+02 5.024894667993113906e-01 2.109186579042318654e-02 -4.197474212697684115e-02
3.178591773175186859e+02 5.963909239928766315e-01 2.406149881357588088e-02 -4.034517938751071980e-02
3.308100134559642242e+02 6.860527280211098367e-01 2.672194595487425647e-02 -3.895028015113733560e-02
3.442867728925169217e+02 8.425882777484174913e-01 3.153849597923232689e-02 -3.743049459875014140e-02
3.583108811295927012e+02 1.056807070916240043e+00 3.767287903153738321e-02 -3.564783021263797508e-02
3.729046339436865765e+02 1.244146598828938632e+00 4.223800898994579944e-02 -3.394938267701138462e-02
3.880912329134682750e+02 1.575366851537564949e+00 5.119595201200436568e-02 -3.249779691761121858e-02
4.038948224311332638e+02 2.030407772538185274e+00 6.310747159775470516e-02 -3.108118105697798075e-02
4.203405282412260249e+02 2.335093279766593533e+00 6.951075842053795750e-02 -2.976787223998433873e-02
4.374544974797830719e+02 2.666171417558985457e+00 7.582210773576385232e-02 -2.843857196743291779e-02
4.552639400045984530e+02 3.087116365108042881e+00 8.349171969888509459e-02 -2.704521301579218204e-02
4.737971704059217473e+02 3.506034819136479186e+00 9.031372848041539780e-02 -2.575950700417152864e-02
4.930836492870521397e+02 4.014524311487336128e+00 9.748539319120706759e-02 -2.428317420130153212e-02
5.131540209379651287e+02 4.559822491685245893e+00 1.038863171451001599e-01 -2.278297397202083685e-02
5.340401420320729358e+02 4.929708677426321017e+00 1.046360220189672535e-01 -2.122559949599195014e-02
5.557750920364020430e+02 5.155082638698370801e+00 1.005672173808675740e-01 -1.950836183030816087e-02
5.783931502507946334e+02 5.406247019104010398e+00 9.553241882016647035e-02 -1.767074617245278575e-02
6.019297165967876708e+02 5.675419195470488454e+00 8.880425432328596658e-02 -1.564717094274904047e-02
6.264211437292768778e+02 5.749493298433765887e+00 7.702649205192363402e-02 -1.339709223992079784e-02
6.519044377596435424e+02 5.647066792145720271e+00 6.257973257408215584e-02 -1.108181200568086194e-02
6.784167758742424894e+02 5.438188202808347249e+00 4.829539993711137735e-02 -8.880788625919757567e-03
7.059947844998453093e+02 4.934992812963744591e+00 3.403999624839999794e-02 -6.897678991341233030e-03
7.346735253170655824e+02 4.325230214904602022e+00 2.186421538019467717e-02 -5.055040840335227846e-03
7.644851523629926078e+02 3.589603807899655941e+00 1.262850429982850624e-02 -3.518077474744400572e-03
7.954572346267460716e+02 2.814754905597326662e+00 6.529331082281453549e-03 -2.319680150231711365e-03
8.276107853263829384e+02 1.982152533127012672e+00 2.845745008923095121e-03 -1.435684167269252708e-03
8.609580979973002286e+02 1.239641215803375607e+00 1.059116367182119916e-03 -8.543733087284753613e-04
8.955005526206284685e+02 6.519285918816578596e-01 3.225845254618195639e-04 -4.948157351570448437e-04
9.312266102567253938e+02 1.540148985526993142e-01 4.231835876943274515e-05 -2.747679553543494295e-04
9.681102479666570844e+02 1.619914947684016338e-01 -2.279192369760303763e-05 -1.406982738827648293e-04
1.006110084365091325e+03 2.544185184045888448e-01 -1.762614432389602158e-05 -6.928011543509603946e-05
1.045169402146547554e+03 2.197083757895568201e-01 -7.324494001159308764e-06 -3.333734535534924737e-05
1.085217187834358128e+03 1.168491862412975452e-01 -2.032338224998336076e-06 -1.739283165225890895e-05
1.126170191037943141e+03 8.577343431483865424e-03 -8.642679709483295023e-08 -1.007617309312765538e-05
1.167935874528430986e+03 1.052104340804903282e-01 6.794492142171791619e-07 -6.458002194890408614e-06
1.210416006216458300e+03 2.660612745150328640e-01 1.167834143464929757e-06 -4.389342814333340644e-06
1.253510557791411657e+03 4.268333813568453983e-01 1.353281828503037799e-06 -3.170515446100158564e-06
1.297121539163369334e+03 5.987617342249325070e-01 1.416637514585542488e-06 -2.365945306139694685e-06
1.341156419160444102e+03 7.639699555462584613e-01 1.391570035068703035e-06 -1.821498378262393963e-06
1.385530855385755785e+03 8.969340709873661055e-01 1.301433311799282068e-06 -1.450979903535868200e-06
1.430170563708183636e+03 9.844197283465686565e-01 1.166927953462665139e-06 -1.185396756953090788e-06
1.475012278653473231e+03 1.055236323168246670e+00 1.051152222253565559e-06 -9.961296812619007553e-07
1.520003867736632628e+03 1.085286974699914753e+00 9.349394441931128985e-07 -8.614674883125973411e-07
1.565103747984490838e+03 1.077976278962251566e+00 8.169361272731257089e-07 -7.578423971068968566e-07
1.610279801891301076e+03 1.031013931030923647e+00 7.057636040938002024e-07 -6.845335284539739145e-07
1.655508001850265828e+03 9.833706172625739095e-01 6.143152203519652012e-07 -6.247036565542758642e-07
1.700770932928973707e+03 9.028269200904394109e-01 5.218619899847187926e-07 -5.780310471163642031e-07
1.746056364242534301e+03 8.268324424826020147e-01 4.483273679470080569e-07 -5.422227587017325381e-07
1.791355970739682107e+03 7.314049236714657010e-01 3.784445385939086818e-07 -5.174213713167446162e-07
1.836664259974889092e+03 6.455156245532338577e-01 3.186274124251814465e-07 -4.936013944599805013e-07
1.881977719240121587e+03 5.669539179175289156e-01 2.682294605937870502e-07 -4.731062827451959150e-07
1.927294170545715133e+03 4.888147802599258629e-01 2.242005735493459674e-07 -4.586616088615977469e-07
1.972612304587342805e+03 4.233773025788131195e-01 1.883534227944231632e-07 -4.448831376815731026e-07
2.017931358189493722e+03 3.620199816295504580e-01 1.570986659439820870e-07 -4.339502621839773450e-07
2.063250900001547507e+03 3.041547709415628464e-01 1.295717981925294761e-07 -4.260061342829439374e-07
2.108570693607213343e+03 2.552868974113084444e-01 1.075257239345232919e-07 -4.211956235312852074e-07
2.153890613351374213e+03 2.090438122719978364e-01 8.644155275200427146e-08 -4.135092630224837765e-07
2.199210594467601823e+03 1.735734490212639536e-01 7.100375629392234518e-08 -4.090703773779588469e-07
2.244530604582039814e+03 1.392336840594898539e-01 5.594803269016889352e-08 -4.018282865104983087e-07
2.289850628001253426e+03 1.124106143972816857e-01 4.485123211954225970e-08 -3.989946355157262602e-07
2.335170657347521228e+03 8.906144580521374587e-02 3.523078753128751412e-08 -3.955784370303257323e-07
2.380490689257243957e+03 6.836021455310167805e-02 2.669272014100897571e-08 -3.904715676436954835e-07
2.425810722243249074e+03 4.938389148727510142e-02 1.909278752412842939e-08 -3.866197448017665287e-07
2.471130755667888479e+03 3.509883056186552386e-02 1.355005233353609310e-08 -3.860542393186760465e-07
2.516450789266030824e+03 1.517475837123931012e-02 5.841976881120534304e-09 -3.849798947832224973e-07
2.561770822930779559e+03 6.501394936526073455e-03 2.487372389259092217e-09 -3.825905691845547011e-07
2.607090856620339309e+03 5.584528228880858772e-03 -2.124937749305815980e-09 -3.805044333586714291e-07
2.652410890318867132e+03 1.323079106252685912e-02 -5.017094047018393299e-09 -3.791983429644011428e-07
2.697730924020539987e+03 2.294337685114508640e-02 -8.674190379035213182e-09 -3.780694723062220381e-07
2.743050957723282409e+03 2.344948689100014375e-02 -8.873614615151641138e-09 -3.784140205881141222e-07
2.788370991426378623e+03 3.029245425811975811e-02 -1.140065731902122557e-08 -3.763530423080635820e-07
2.833691025129587160e+03 3.193572398346512103e-02 -1.204141760473884249e-08 -3.770516557248974927e-07
2.879011058832831168e+03 3.602625553596955355e-02 -1.348489791042952184e-08 -3.743075073945958347e-07
2.924331092536085180e+03 3.558566086031741960e-02 -1.337022017008105161e-08 -3.757193163438075886e-07
2.969651126239343284e+03 3.934265874479880160e-02 -1.481135178597086367e-08 -3.764705349998482924e-07
3.014971159942601844e+03 3.844874714818678069e-02 -1.437782924415976650e-08 -3.739479257606399016e-07
3.060291193645860403e+03 3.996385693802819578e-02 -1.496229090566947308e-08 -3.743955676968677474e-07
3.105611227349118508e+03 3.888650890337477795e-02 -1.450903844482774644e-08 -3.731123943494082766e-07
3.150931261052377067e+03 4.023624778879073688e-02 -1.497906675751458706e-08 -3.722779230345516704e-07
3.196251294755635172e+03 3.898096989560417142e-02 -1.447497547810388502e-08 -3.713344105308218235e-07
3.241571328458893731e+03 3.910969438936538756e-02 -1.456925555445900232e-08 -3.725228688675368398e-07
3.286891362162151836e+03 4.140684545229753044e-02 -1.541465458651830776e-08 -3.722730968307318431e-07
3.332211395865410395e+03 4.125803255570643924e-02 -1.537942781266402498e-08 -3.727620262042010631e-07
3.377531429568668500e+03 4.149989955959110244e-02 -1.536817658752312437e-08 -3.703184043965080646e-07
3.422851463271927059e+03 4.053552202681698358e-02 -1.500808767755851483e-08 -3.702453287176035763e-07
3.468171496975185164e+03 3.754140125181679860e-02 -1.406150706163157023e-08 -3.745599949056528335e-07
3.513491530678443723e+03 3.641357327710904868e-02 -1.365348140671001584e-08 -3.749558249284233467e-07
3.558811564381702283e+03 3.480003412192832213e-02 -1.308146540866920281e-08 -3.759038098306421956e-07
3.604131598084960387e+03 3.345320684696412306e-02 -1.255203939963450179e-08 -3.752118431292813133e-07
3.649451631788219402e+03 3.176623677385169431e-02 -1.187896152966137758e-08 -3.739492850295543399e-07
3.694771665491477961e+03 3.035722467484856801e-02 -1.132477675672425175e-08 -3.730504641982969354e-07
3.740091699194736066e+03 2.882052152320399227e-02 -1.077881336533270851e-08 -3.739978597075165653e-07
3.785411732897994625e+03 2.839473832442032317e-02 -1.063961443535007880e-08 -3.747037325644129122e-07
3.830731766601252730e+03 2.705628325354869981e-02 -1.005579301492330874e-08 -3.716620247019476027e-07
3.876051800304511289e+03 2.693240771081120352e-02 -1.004342843253147187e-08 -3.729123864592262130e-07
3.921371834007769394e+03 2.597067608502846847e-02 -9.678200332844334526e-09 -3.726587748874049225e-07
3.966691867711027953e+03 2.572011894246601510e-02 -9.536601310255446374e-09 -3.707837172754959565e-07
4.012011901414286058e+03 2.371398817996866332e-02 -8.854479708490893306e-09 -3.733863591941198984e-07
4.057331935117544617e+03 2.406894943825843916e-02 -9.032173680995075633e-09 -3.752624809888095169e-07
4.102651968820802722e+03 2.237026354323420896e-02 -8.388977300256364039e-09 -3.750057429606623446e-07
4.147972002524061281e+03 1.984011247640977624e-02 -7.448892547860774343e-09 -3.754460846286850317e-07
4.193292036227319841e+03 1.769951762997410208e-02 -6.646800162439486042e-09 -3.755356672084182717e-07
4.238612069930578400e+03 1.642834714368819268e-02 -6.177212542703842239e-09 -3.760093750561596072e-07
4.283932103633836050e+03 1.533568122068279874e-02 -5.758986612268938407e-09 -3.755285813128377118e-07
4.329252137337094609e+03 1.397725378476123194e-02 -5.254250486781613984e-09 -3.759143654177679663e-07
4.374572171040353169e+03 1.356117981795507826e-02 -5.132074482228279134e-09 -3.784386425901811014e-07
4.419892204743611728e+03 1.292351201166880292e-02 -4.891498616927377611e-09 -3.784960785048817389e-07
4.465212238446869378e+03 1.217219512937383306e-02 -4.591009074054399761e-09 -3.771718268774231013e-07
4.510532272150127937e+03 1.123417914690523489e-02 -4.224061034716485654e-09 -3.760008612538567058e-07
4.555852305853386497e+03 1.103603059876844504e-02 -4.136103287052844597e-09 -3.747817886183107572e-07
4.601172339556645056e+03 9.404700735826432983e-03 -3.520671361106944534e-09 -3.743523010461392571e-07
4.646492373259902706e+03 6.901104887253413887e-03 -2.576940001257393936e-09 -3.734097718203201979e-07
4.691812406963161266e+03 6.699810418193544517e-03 -2.500671375494116580e-09 -3.732450949214123148e-07
4.737132440666419825e+03 6.460708054953813104e-03 -2.428148456740251089e-09 -3.758331805255375611e-07
4.782452474369678384e+03 4.793700782697574853e-03 -1.811925249660807252e-09 -3.779804647383887852e-07
4.827772508072936944e+03 3.303540517237244130e-03 -1.258856606295023428e-09 -3.810628626246748918e-07
4.873092541776194594e+03 2.790053538272231279e-03 -1.065189603092621925e-09 -3.817810620767697814e-07
4.918412575479453153e+03 3.525789392380926455e-03 -1.349144408304645312e-09 -3.826503112239449417e-07
4.963732609182711712e+03 3.184460452027392582e-03 -1.210391168905174383e-09 -3.800930132872514066e-07
5.009052642885970272e+03 2.684169977053136886e-03 -1.021907714648334601e-09 -3.807164685487816711e-07
5.054372676589227922e+03 2.155492041455872761e-03 -8.227010970185829936e-10 -3.816767035998473639e-07
5.099692710292486481e+03 1.658020966853100469e-03 -6.339996056622045894e-10 -3.823833463731924741e-07
5.145012743995745041e+03 4.127062800272611335e-04 1.575727725250813564e-10 -3.818036704328147409e-07
5.190332777699003600e+03 9.408507544791554949e-04 3.600783395142459501e-10 -3.827156834386356268e-07
5.235652811402262159e+03 1.420632436178110788e-03 5.425824015013799009e-10 -3.819301796044265582e-07
5.280972845105519809e+03 1.496665780795480892e-03 5.709296873595515727e-10 -3.814677229114580969e-07
5.326292878808778369e+03 3.778521784125066490e-03 1.435118572525927462e-09 -3.798095272482954686e-07
5.371612912512036928e+03 3.964044852759656193e-03 1.500322043288387077e-09 -3.784826103175662340e-07
5.416932946215295487e+03 3.985149454651731524e-03 1.512551770636427530e-09 -3.795470628763687857e-07
5.462252979918553137e+03 3.648573935700170131e-03 1.382651414712385758e-09 -3.789566661055072471e-07
5.507573013621811697e+03 4.490255767993621243e-03 1.733170659735255020e-09 -3.859848412398313478e-07
5.552893047325070256e+03 4.465581055176147222e-03 1.723988922906363712e-09 -3.860615005315047495e-07
5.598213081028328816e+03 5.530060134580447317e-03 2.109501877613164040e-09 -3.814609292260809924e-07
5.643533114731586465e+03 6.196609788047723923e-03 2.370440948260884844e-09 -3.825383603842683182e-07
5.688853148434845025e+03 6.797291004138378452e-03 2.599507259154657858e-09 -3.824328335467771022e-07
5.734173182138103584e+03 4.982953291382184041e-03 1.891077851616988156e-09 -3.795094477179890070e-07
5.779493215841362144e+03 6.013866491157753014e-03 2.284015173547196479e-09 -3.797914664227093163e-07
5.824813249544620703e+03 6.065844380957241370e-03 2.312338619135374941e-09 -3.812063867636624883e-07
5.870133283247879262e+03 8.123609084352894846e-03 3.109221152601974472e-09 -3.827388935529566663e-07
5.915453316951137822e+03 8.894590158643371838e-03 3.388119420223458688e-09 -3.809191159787202776e-07
5.960773350654396381e+03 9.693265410903508655e-03 3.695172333865133356e-09 -3.812102709690176927e-07
6.006093384357654031e+03 9.388508437622520089e-03 3.567571378471521045e-09 -3.799934145210128242e-07
6.051413418060912591e+03 9.745201649243948744e-03 3.697065593015175008e-09 -3.793729187022005161e-07
6.096733451764171150e+03 9.967494651255537699e-03 3.788792494158817032e-09 -3.801148259138085910e-07
6.142053485467429709e+03 1.090565173727021768e-02 4.151943063003442779e-09 -3.807148039409803673e-07
6.187373519170687359e+03 1.190744068274073204e-02 4.534093968915500154e-09 -3.807782116846866631e-07
6.232693552873945919e+03 1.140247818271701574e-02 4.314240511085868301e-09 -3.783599005368022755e-07
6.278013586577204478e+03 1.148559031205339913e-02 4.354115314520156425e-09 -3.790937336456088075e-07
6.323333620280463037e+03 1.214965207912484593e-02 4.656170415998947922e-09 -3.832348766594753189e-07
6.368653653983721597e+03 1.302989870189922954e-02 4.973338934884847384e-09 -3.816866921735881690e-07
6.413973687686979247e+03 1.297033637416786928e-02 4.963106126021606771e-09 -3.826505329427142384e-07
6.459293721390237806e+03 1.209118467356651641e-02 4.638992829781563848e-09 -3.836673539461545695e-07
6.504613755093496366e+03 1.233058103843532455e-02 4.730233939483267184e-09 -3.836180894265064400e-07
6.549933788796754925e+03 1.389824769057950750e-02 5.343065780585500829e-09 -3.844416864298029882e-07
6.595253822500012575e+03 1.368567998125351515e-02 5.263974983087184277e-09 -3.846337916930481919e-07
6.640573856203271134e+03 1.234201255733198034e-02 4.748020026089328952e-09 -3.847038725680673185e-07
6.685893889906529694e+03 1.344088336433570466e-02 5.150960217210504107e-09 -3.832307801195685952e-07
6.731213923609788253e+03 1.644105365030714902e-02 6.302741198752200178e-09 -3.833538490177272756e-07
6.776533957313045903e+03 1.802134484279867624e-02 6.941124043319685819e-09 -3.851612686992867205e-07
6.821853991016304462e+03 1.745658227332669288e-02 6.793695076747612917e-09 -3.891766996755282420e-07
6.867174024719563022e+03 1.715681044701725805e-02 6.726102717118589423e-09 -3.920368962453585765e-07
6.912494058422821581e+03 1.902032111093894876e-02 7.466555784109430936e-09 -3.925567681302326835e-07
6.957814092126080141e+03 2.296624556900423580e-02 9.098951443397854160e-09 -3.961880236828088539e-07
7.003134125829337790e+03 2.444492189622991113e-02 9.649020210774198604e-09 -3.947249351720099832e-07
7.048454159532596350e+03 2.604198772908008705e-02 1.019306761136811263e-08 -3.914089706749191924e-07
7.093774193235854909e+03 2.753260947053130445e-02 1.055078895206903120e-08 -3.832106420338308147e-07
7.139094226939113469e+03 2.828060474739975405e-02 1.031411033851290000e-08 -3.647061450997162987e-07
7.184414260642371119e+03 4.649521738545191879e-02 1.597767923012737988e-08 -3.436413491235058164e-07
7.229734294345629678e+03 5.505119988934614739e-02 1.248190832329128624e-08 -2.267327206015515622e-07
