# Columns: yplus absP_over_phi P_term_plus PHI_term_plus | Case=jet_M08_T05 | x*=20.00 | USE_ABS=True
4.114938180606569351e-01 4.455841688275139888e-04 1.219699700143391267e-04 -2.737304835925483681e-01
1.205515533708369835e+00 1.017719329192578494e-02 2.476510920555867988e-03 -2.433392831912352394e-01
2.002808722754421122e+00 4.882354845887660472e-02 1.102332280393478886e-02 -2.257788127222989660e-01
2.804259736229753219e+00 1.380971755838029114e-01 2.888700206868979534e-02 -2.091788043207299386e-01
3.610851144871559892e+00 2.930875290788774734e-01 5.650549113115452965e-02 -1.927939114596289583e-01
4.423648778917892876e+00 5.123736653111543582e-01 9.136707716127999424e-02 -1.783211810969921318e-01
5.243788801890122642e+00 7.741272188342358529e-01 1.293546328116309263e-01 -1.670973835623905113e-01
6.072465927564143051e+00 1.042159493500643963e+00 1.659422617805588196e-01 -1.592292377658566793e-01
6.910923475619602740e+00 1.283654054093488872e+00 1.977662192991794243e-01 -1.540650447591513372e-01
7.760445580303765745e+00 1.477211146535990949e+00 2.226607168316504515e-01 -1.507304608104143573e-01
8.622351563925173323e+00 1.617715331565719783e+00 2.399930562648653898e-01 -1.483530826357354337e-01
9.497992281851290741e+00 1.709626131547868022e+00 2.499956523787499330e-01 -1.462282587786651877e-01
1.038874813439586653e+01 1.762796698614511159e+00 2.536604710792616513e-01 -1.438966111512625379e-01
1.129602840586142776e+01 1.786625878341814300e+00 2.521420239151102027e-01 -1.411274889565160562e-01
1.222127160849594496e+01 1.789973304186093683e+00 2.467095478800063468e-01 -1.378286186185251061e-01
1.316594655628992427e+01 1.778941596118465585e+00 2.384341929148111605e-01 -1.340314900922318087e-01
1.413155395194952746e+01 1.757839176406160275e+00 2.282503207583202187e-01 -1.298471008166798835e-01
1.511962832754232444e+01 1.729550266598584463e+00 2.168569316482708287e-01 -1.253834224053816948e-01
1.613174022834311216e+01 1.696282453254407852e+00 2.048179669715131657e-01 -1.207452017077456918e-01
1.716949856774671446e+01 1.658985496956570271e+00 1.925295651859540713e-01 -1.160525908991681815e-01
1.823455310898559389e+01 1.618871676665246229e+00 1.803007544755735603e-01 -1.113743337872088457e-01
1.932859704844319637e+01 1.577088339175404696e+00 1.683434878110420252e-01 -1.067432201667675717e-01
2.045336968769858643e+01 1.534179450921152377e+00 1.568192505732936004e-01 -1.022170193187870862e-01
2.161065918906465910e+01 1.490562094830654161e+00 1.458360546785302247e-01 -9.783963726455753573e-02
2.280230541390357146e+01 1.446570549031630515e+00 1.354495000980935060e-01 -9.363490787833797513e-02
2.403020284559554298e+01 1.402928004800853223e+00 1.256768956311427321e-01 -8.958185680310991328e-02
2.529630360049471705e+01 1.360403238511776358e+00 1.165039976068085320e-01 -8.563931216031137050e-02
2.660262053102814761e+01 1.319374170251944145e+00 1.079329128623296857e-01 -8.180614362165290754e-02
2.795123042557904469e+01 1.279919034696415991e+00 9.998152836528387266e-02 -7.811551016506172729e-02
2.934427731011090401e+01 1.242430145425395205e+00 9.265632036250529002e-02 -7.457668401210655607e-02
3.078397585672499659e+01 1.207132045673386056e+00 8.593193374731779299e-02 -7.118685487251856514e-02
3.227261490454672099e+01 1.174406752923394359e+00 7.979109808072479271e-02 -6.794162063706177257e-02
3.381256109852892422e+01 1.144319436720075300e+00 7.422631735730710056e-02 -6.486503241617526394e-02
3.540626265195327704e+01 1.118151757247107803e+00 6.925582787955868180e-02 -6.193777135410195867e-02
3.705625323861030296e+01 1.096469192170778539e+00 6.483578713532413274e-02 -5.913142621632888618e-02
3.876515602084496948e+01 1.078130520183110619e+00 6.090668755553795000e-02 -5.649287021871295111e-02
4.053568781987179648e+01 1.062244245798044329e+00 5.737278775921339502e-02 -5.401091885050438024e-02
4.237066343498928944e+01 1.048384914703971216e+00 5.415642931953748573e-02 -5.165700932927812239e-02
4.427300011856024042e+01 1.036285287807509059e+00 5.121807928172554536e-02 -4.942469017396621672e-02
4.624572221387258963e+01 1.025632326509490877e+00 4.853349789506353901e-02 -4.732056180428360209e-02
4.829196596325365221e+01 1.017422185749313313e+00 4.609849383227472563e-02 -4.530911009997683897e-02
5.041498449408215521e+01 1.011159138589146744e+00 4.386744367157097840e-02 -4.338332315601526462e-02
5.261815299062445916e+01 1.004769423080069890e+00 4.174955501907731681e-02 -4.155137891347864681e-02
5.490497405991766300e+01 9.959313462588634813e-01 3.968214532119130472e-02 -3.984425780979192200e-02
5.727908330022950167e+01 9.844536517046968971e-01 3.769143052737097821e-02 -3.828664809369526634e-02
5.974425508094886084e+01 9.728487116908796084e-01 3.583790789978186231e-02 -3.683811004641518450e-02
6.230440854309465948e+01 9.632977758357909037e-01 3.416329576692459652e-02 -3.546493786646950919e-02
6.496361382998385636e+01 9.552677712220249973e-01 3.262311818275305531e-02 -3.415075768862167044e-02
6.772609855796333989e+01 9.482173903646353708e-01 3.115438095937973079e-02 -3.285573674977566860e-02
7.059625453749282542e+01 9.441041819626087017e-01 2.978461002834844121e-02 -3.154801196456098744e-02
7.357864475526493209e+01 9.413761037367762707e-01 2.853498459904021262e-02 -3.031199165325217104e-02
7.667801062846142202e+01 9.390578366115635012e-01 2.743091031786767942e-02 -2.921109781357837318e-02
7.989927954267935206e+01 9.402081948895034680e-01 2.647151692239550075e-02 -2.815495234596048640e-02
8.324757268551039147e+01 9.447796515754910418e-01 2.567290664535705133e-02 -2.717343308838791188e-02
8.672821318822789749e+01 9.486227086738264758e-01 2.491329972125109690e-02 -2.626260102510076175e-02
9.034673458852401495e+01 9.509324807800719759e-01 2.409456998971739108e-02 -2.533783467986292295e-02
9.410888962775297273e+01 9.492251703972992560e-01 2.321414098444170293e-02 -2.445588434483400575e-02
9.802065939666445615e+01 9.431486525165069246e-01 2.225769565983912526e-02 -2.359935053763921251e-02
1.020882628441684119e+02 9.368688533932575391e-01 2.134338580300509935e-02 -2.278161529834321283e-02
1.063181666642472010e+02 9.306742793010801540e-01 2.054981674976867623e-02 -2.208056804277563553e-02
1.107170955767347920e+02 9.269314016966226921e-01 1.981598030535294819e-02 -2.137804401607548699e-02
1.152920430183058045e+02 9.266132512446515479e-01 1.913767929480553187e-02 -2.065336241317431223e-02
1.200502822606723043e+02 9.289868696766230283e-01 1.857578125072174846e-02 -1.999574144378155754e-02
1.249993779736633570e+02 9.298242315390777835e-01 1.806728350772416822e-02 -1.943085896763366294e-02
1.301471982515705008e+02 9.355526350518561518e-01 1.768971113771872564e-02 -1.890830133436395555e-02
1.355019271218792198e+02 9.551137598386679750e-01 1.756880655693301985e-02 -1.839446492729895910e-02
1.410720775562718927e+02 9.696943845394824235e-01 1.736425049582518074e-02 -1.790693106268903198e-02
1.468665050045876512e+02 9.736057152173331897e-01 1.699345881010153395e-02 -1.745414857831660213e-02
1.528944214732563864e+02 9.683750885747980375e-01 1.649598617515268470e-02 -1.703470728416876454e-02
1.591654101705867390e+02 9.571289113318587338e-01 1.589959689874044513e-02 -1.661176118545612188e-02
1.656894407421935398e+02 9.615292511378820128e-01 1.552966384850708662e-02 -1.615100510996326719e-02
1.724768851207845159e+02 9.708904575154451155e-01 1.529765465483890440e-02 -1.575631373902502963e-02
1.795385340155047231e+02 9.679344955909100490e-01 1.488069020715198157e-02 -1.537365418314545588e-02
1.868856140670537798e+02 9.666241267015851513e-01 1.443528897138097317e-02 -1.493371474250136839e-02
1.945298056958490918e+02 9.815806043685660898e-01 1.431034934211254488e-02 -1.457888356638642642e-02
2.024832616716100233e+02 1.010058290489527888e+00 1.437468178553473648e-02 -1.423153685374732406e-02
2.107586264338848991e+02 1.037594268478480020e+00 1.438569328965142412e-02 -1.386446872990777963e-02
2.193690561942370323e+02 1.048369137624810321e+00 1.413067140035345268e-02 -1.347871746050056593e-02
2.283282398520485685e+02 1.048542082763653571e+00 1.379041886927170890e-02 -1.315199370245985315e-02
2.376504207571932170e+02 1.050919663211523414e+00 1.347455225640432387e-02 -1.282167679233178412e-02
2.473504193541783707e+02 1.057095835095859915e+00 1.316894234324889230e-02 -1.245766174270727424e-02
2.574436567437567760e+02 1.051100723788151559e+00 1.279419961435595762e-02 -1.217219180312791547e-02
2.679461791994704072e+02 1.014479440508201380e+00 1.203982916121229194e-02 -1.186798734450543978e-02
2.788746836781147067e+02 1.012485822886056264e+00 1.164838330912354274e-02 -1.150473719811722847e-02
2.902465443647103029e+02 1.026610696513264864e+00 1.147725814988319673e-02 -1.117975702850559569e-02
3.020798402942594976e+02 1.062978708059275856e+00 1.156545472108954503e-02 -1.088023178018784030e-02
3.143933840943838049e+02 1.082251029169172929e+00 1.141900683874688162e-02 -1.055116283651222168e-02
3.272067518949597229e+02 1.102401709121019646e+00 1.124254331240356376e-02 -1.019822739695097624e-02
3.405403144532228339e+02 1.170535864809887361e+00 1.152603856215263234e-02 -9.846805133155518003e-03
3.544152695457191840e+02 1.206774530134648193e+00 1.150944289061295485e-02 -9.537359799372601560e-03
3.688536756822506391e+02 1.195210684146410962e+00 1.101099071444307936e-02 -9.212593947239392650e-03
3.838784872018788406e+02 1.206508966352249912e+00 1.070080075497644237e-02 -8.869226050867373701e-03
3.995135908169609138e+02 1.212505212576314051e+00 1.031059307599984688e-02 -8.503545361336668426e-03
4.157838436763847199e+02 1.223641770501374015e+00 1.001823806756783897e-02 -8.187231188963885881e-03
4.327151130178997391e+02 1.265685459089896936e+00 9.990052589572430072e-03 -7.892997835936166329e-03
4.503343174569137659e+02 1.316834658543593495e+00 9.978558382400153429e-03 -7.577685108498240577e-03
4.686694698826662489e+02 1.381258606936506483e+00 9.998242600508260372e-03 -7.238501574070450514e-03
4.877497217376532603e+02 1.393997660231562907e+00 9.623081335040055070e-03 -6.903226317784151578e-03
5.076054080260378782e+02 1.345108232157363082e+00 8.871457508279180157e-03 -6.595348460584929580e-03
5.282680915398594834e+02 1.310997793418775981e+00 8.248464479615025269e-03 -6.291745509429849496e-03
5.497706032208971010e+02 1.367930500488602208e+00 8.109334019281374401e-03 -5.928176918626241326e-03
5.721470729051139870e+02 1.482553314080916618e+00 8.268340272910011321e-03 -5.577094728654548479e-03
5.954329404756626900e+02 1.452150043560473724e+00 7.586122820500832906e-03 -5.224062660839574705e-03
6.196649312636978948e+02 1.474342233346447095e+00 7.117501975053648101e-03 -4.827577894786621963e-03
6.448809711850717576e+02 1.531979126956609427e+00 6.819628135697409360e-03 -4.451515047235080937e-03
6.711200068721699381e+02 1.553386771543939338e+00 6.293596287292244941e-03 -4.051532047641248635e-03
6.984216850418589502e+02 1.529909798011160893e+00 5.654093959332130888e-03 -3.695704130192702715e-03
7.268258356931924027e+02 1.447516387324276899e+00 4.753199006864694195e-03 -3.283692708758169290e-03
7.563716987656783886e+02 1.349495402823998935e+00 3.898608778356552843e-03 -2.888938169183973871e-03
7.870968377987504709e+02 1.272090526033696989e+00 3.180038324239841622e-03 -2.499852218972978962e-03
8.190357012107104993e+02 1.166734888326543818e+00 2.536730719681076947e-03 -2.174213478196000519e-03
8.522178252015296493e+02 1.020064671489607777e+00 1.851127913876231355e-03 -1.814716228896561933e-03
8.866657224069771246e+02 8.440669332888075527e-01 1.272084168220742172e-03 -1.507089210643776595e-03
9.223925635790984643e+02 6.867237300319329885e-01 8.299219505467446802e-04 -1.208523769097294724e-03
9.593998271688604973e+02 5.510174155217164582e-01 5.102862015276553352e-04 -9.260799879519309927e-04
9.976751508648546860e+02 4.372027398502996154e-01 3.036175126423904013e-04 -6.944547345388332434e-04
1.037190654837143484e+03 2.961256111805229962e-01 1.432953766244119851e-04 -4.839006530139562754e-04
1.077902004893169078e+03 2.218294746421278218e-01 7.226277314312191859e-05 -3.257582125175282543e-04
1.119748436611384022e+03 1.333492426439149559e-01 2.718131037490248211e-05 -2.038355061939515849e-04
1.162653869282465848e+03 6.280658929434020099e-02 7.442651205476309325e-06 -1.185011204890726538e-04
1.206529112106810999e+03 3.353356173380991206e-02 2.242436034447195247e-06 -6.687139446288758321e-05
1.251275024775542306e+03 1.583244181033240799e-02 5.209297184374132960e-07 -3.290267696404539246e-05
1.296786365757226349e+03 1.145511579408933084e-02 1.838119085999136944e-07 -1.604627241697180503e-05
1.342955969128141305e+03 1.173971734409655354e-02 8.743622425879532121e-08 -7.447898590400354836e-06
1.389678852624391084e+03 1.441517936293516301e-02 4.877093234710208973e-08 -3.383303885382355628e-06
1.436855882426284097e+03 2.049664103916730429e-02 3.696808420757033142e-08 -1.803616706607074034e-06
1.484396697806791281e+03 7.888440068532906815e-03 9.167536752699980553e-09 -1.162148241357554033e-06
1.532221714021548451e+03 2.464666419043996803e-02 2.063186791615407467e-08 -8.371058962274024043e-07
1.580263151229563164e+03 2.432328000844997951e-02 1.536995193907054038e-08 -6.319029314192401004e-07
1.628465156983904535e+03 2.390102555932314618e-02 1.185532851137047907e-08 -4.960175655201554936e-07
1.676783181119688606e+03 2.587492482395812102e-02 1.047956260006624202e-08 -4.050084269370708086e-07
1.725182814356683821e+03 2.087887658357299309e-02 7.116518059827669524e-09 -3.408477477867165430e-07
1.773638314575869117e+03 1.437977152465281204e-02 4.222369524655166211e-09 -2.936325877929490766e-07
1.822131024186138802e+03 1.317337540926688012e-02 3.420193604408970132e-09 -2.596292520444696955e-07
1.870647839556439749e+03 1.046454384847090614e-02 2.455224355731354002e-09 -2.346231609598649297e-07
1.919179841593732363e+03 6.306401739679284510e-03 1.365400764414764398e-09 -2.165102733344423124e-07
1.967721145933931439e+03 8.400344328719604181e-03 1.700733492869999931e-09 -2.024599738198146907e-07
2.016267989216455362e+03 1.149933020515815987e-02 2.211397392801748612e-09 -1.923066259815550065e-07
2.064818038039162275e+03 7.261676805237964744e-03 1.342463668548688192e-09 -1.848696526373009939e-07
2.113369889671097553e+03 1.404977875688534841e-02 2.518054826566181179e-09 -1.792238063060005800e-07
2.161922726479652283e+03 1.775404743097901486e-02 3.127199357410279646e-09 -1.761400812726022979e-07
2.210476086334781485e+03 1.501663212632286040e-02 2.584200155714995273e-09 -1.720891964307439638e-07
2.259029715950489845e+03 1.052319708062690075e-02 1.778160194283512004e-09 -1.689752820040866493e-07
2.307583480705422971e+03 7.873834224433556503e-03 1.317060774512363213e-09 -1.672705745347480521e-07
2.356137311211683937e+03 8.301693522292728777e-03 1.377280417854254855e-09 -1.659035489753761762e-07
2.404691172785348954e+03 9.088907227469515682e-03 1.498996265071629811e-09 -1.649259066635860261e-07
2.453245048613164727e+03 9.110976232142489056e-03 1.500043855774208205e-09 -1.646413970966386598e-07
2.501798930790964732e+03 1.066450692045040061e-02 1.754732771592233894e-09 -1.645395126733271557e-07
2.550352815715137694e+03 9.099721768943122568e-03 1.497961475950919925e-09 -1.646161843171276554e-07
2.598906701792392141e+03 7.605541216626486231e-03 1.253536723053512482e-09 -1.648188718395416525e-07
2.647460588339579772e+03 6.072625955336649096e-03 1.002134798236940017e-09 -1.650249505909811219e-07
2.696014475072651294e+03 4.891831992548392564e-03 8.081338205016667792e-10 -1.652006491091021006e-07
2.744568361877081770e+03 4.912191273499293305e-03 8.133622636955839746e-10 -1.655803323627847582e-07
2.793122248708093593e+03 2.118794646584251217e-03 3.521899951019935711e-10 -1.662218637704062941e-07
2.841676135548713319e+03 2.003372122533348656e-04 -3.343172032962576668e-11 -1.668772364035391769e-07
2.890230022392702722e+03 2.375510010795807501e-04 3.960053258387851621e-11 -1.667032864686271843e-07
2.938783909237838088e+03 4.351800462497710121e-04 7.284390104717060815e-11 -1.673879620054131601e-07
2.987337796083352259e+03 2.698024539109303028e-03 4.520518296720022484e-10 -1.675491913135963645e-07
3.035891682928986484e+03 1.113037291820665169e-03 1.868651324144620038e-10 -1.678875755445668466e-07
3.084445569774659361e+03 6.793372805346296157e-04 1.145595812281215498e-10 -1.686343212873061373e-07
3.132999456620342244e+03 1.161598138229165324e-03 1.970124983710019117e-10 -1.696046953650802209e-07
3.181553343466030583e+03 8.912737149033290974e-05 1.514626063808763841e-11 -1.699394965297552599e-07
3.230107230311718467e+03 2.238618436703883937e-03 3.822904885823279679e-10 -1.707707228326092584e-07
3.278661117157406352e+03 4.212430047156249906e-03 7.231903843471200121e-10 -1.716800934974185160e-07
3.327215004003094236e+03 3.836452398880105339e-03 6.630293646473341296e-10 -1.728235608607781264e-07
3.375768890848782121e+03 4.298903851711833625e-03 7.458618327717658392e-10 -1.735004686077735512e-07
3.424322777694470005e+03 4.635627312884527118e-03 8.084373733099641736e-10 -1.743965419875206928e-07
3.472876664540157890e+03 4.641415699465299347e-03 8.129000653829329612e-10 -1.751405428900886372e-07
3.521430551385845774e+03 5.281726052500703046e-03 9.272520480869131301e-10 -1.755585274340181688e-07
3.569984438231533659e+03 5.765028589226902679e-03 1.018357792701330618e-09 -1.766440143253294214e-07
3.618538325077221543e+03 5.615864432722746449e-03 9.967115978522729550e-10 -1.774814206775707326e-07
3.667092211922909428e+03 6.094815818292922092e-03 1.084364339791065618e-09 -1.779158504735228917e-07
3.715646098768597767e+03 5.763968262206821749e-03 1.027463528470720576e-09 -1.782562779201252505e-07
3.764199985614285652e+03 6.501018085939192295e-03 1.164152988658901626e-09 -1.790724119314180081e-07
3.812753872459973536e+03 6.923102955260084131e-03 1.240652499374608260e-09 -1.792046871745532130e-07
3.861307759305661421e+03 5.333376129972654950e-03 9.580251942838138404e-10 -1.796282825244364948e-07
3.909861646151349760e+03 3.846194436164746509e-03 6.934750205637858458e-10 -1.803016025511409735e-07
3.958415532997037644e+03 3.099612623121377700e-03 5.592420240903517019e-10 -1.804231986664136042e-07
4.006969419842725983e+03 2.225991996541820499e-03 4.017067832046480627e-10 -1.804619171267092285e-07
4.055523306688413868e+03 2.005158912797274772e-03 3.613670443971393267e-10 -1.802186560331112361e-07
4.104077193534101752e+03 2.201324454003693309e-03 3.967154444517736690e-10 -1.802167071420304326e-07
4.152631080379789637e+03 2.310118091100621298e-03 4.185743468290230508e-10 -1.811917531149238978e-07
4.201184967225477521e+03 2.968095716805758868e-03 5.379602734222745317e-10 -1.812476162329505705e-07
4.249738854071165406e+03 3.333792905570072840e-03 6.079922509284791978e-10 -1.823725312729086760e-07
4.298292740916853290e+03 3.321334571476312458e-03 6.059920544982701322e-10 -1.824543843617990231e-07
4.346846627762541175e+03 2.707896681697323157e-03 4.967626257741775240e-10 -1.834496231454459337e-07
4.395400514608229059e+03 1.707727412288868657e-03 3.156228853501117644e-10 -1.848204128357242325e-07
4.443954401453916944e+03 1.846198419846169182e-04 3.425403945568366321e-11 -1.855382340677001194e-07
4.492508288299604828e+03 1.157739370092216282e-03 -2.156581910296842852e-10 -1.862752503722030844e-07
4.541062175145292713e+03 1.691572642158540012e-03 -3.160721980948431487e-10 -1.868510936021745984e-07
4.589616061990980597e+03 1.816920929311588158e-04 3.393532868004760493e-11 -1.867738333164852632e-07
4.638169948836668482e+03 2.741698185262477112e-03 5.122409373199633852e-10 -1.868334523739431438e-07
4.686723835682356366e+03 4.392409041818445305e-03 8.224528902841614997e-10 -1.872441483600234793e-07
4.735277722528044251e+03 7.186142591571483169e-03 1.350488284215310899e-09 -1.879295139229881085e-07
4.783831609373733045e+03 6.327350718734504019e-03 1.192995879513705859e-09 -1.885458752873287656e-07
4.832385496219420929e+03 3.420847133469989698e-03 6.460927226766798527e-10 -1.888692179066492321e-07
4.880939383065108814e+03 1.550273908281091630e-03 2.933960263495616764e-10 -1.892543148551551819e-07
4.929493269910796698e+03 9.419402807775718173e-04 1.789192665678610323e-10 -1.899475690965919311e-07
4.978047156756484583e+03 2.083316308611568145e-03 3.965598825585023151e-10 -1.903502991453039293e-07
5.026601043602172467e+03 3.000389268707730553e-03 5.704392579598586517e-10 -1.901217498373293406e-07
5.075154930447860352e+03 3.716035455556235441e-03 7.069859780417518875e-10 -1.902527536395442135e-07
5.123708817293548236e+03 5.036496723315140971e-03 9.575755732632910338e-10 -1.901273098879318289e-07
5.172262704139236121e+03 4.690312004984023043e-03 8.894956864313443250e-10 -1.896453126116445512e-07
5.220816590984924005e+03 4.316370099892024269e-03 8.164372813985443573e-10 -1.891490448001592517e-07
5.269370477830611890e+03 4.950906965538541191e-03 9.377482329952906544e-10 -1.894093828711818383e-07
5.317924364676299774e+03 3.510065976679972288e-03 6.672867878594616625e-10 -1.901066225799609988e-07
5.366478251521987659e+03 2.391445643659590760e-03 4.567183466353644231e-10 -1.909800240897199147e-07
5.415032138367675543e+03 2.143715339409957201e-03 4.108752237208456360e-10 -1.916650108189906502e-07
5.463586025213363428e+03 1.258661733622561032e-03 2.409282240536634175e-10 -1.914161824561446030e-07
5.512139912059051312e+03 1.201703197590391244e-03 -2.303411171514748855e-10 -1.916788751276904304e-07
5.560693798904739197e+03 2.401210825297668289e-03 -4.614004642681625331e-10 -1.921532501049609285e-07
5.609247685750427081e+03 1.138821048073006877e-03 -2.199009252228692068e-10 -1.930952414296894350e-07
5.657801572596114966e+03 1.417696097678262154e-04 2.740912273550219101e-11 -1.933356717309842744e-07
5.706355459441802850e+03 7.076690174036361124e-04 1.377996891263622299e-10 -1.947233604092700395e-07
5.754909346287490735e+03 1.346636142211145434e-03 2.623893912904358071e-10 -1.948480239507002272e-07
5.803463233133178619e+03 3.603529780036773301e-03 6.991042862192292293e-10 -1.940054138284643291e-07
5.852017119978867413e+03 4.149763637917949256e-03 8.022053033037571071e-10 -1.933134928393766594e-07
5.900571006824555297e+03 2.900848231987434179e-03 5.644108485942691873e-10 -1.945675207584297058e-07
5.949124893670243182e+03 3.006709595608527113e-03 5.870336899115236099e-10 -1.952412333964411375e-07
5.997678780515931066e+03 3.044581898136514142e-03 5.981106903609470723e-10 -1.964508462482255601e-07
6.046232667361618951e+03 2.429198455436701407e-03 4.790028357114161836e-10 -1.971855509126383871e-07
6.094786554207306835e+03 2.616872381761533965e-03 5.160188961356692281e-10 -1.971891712152633829e-07
6.143340441052994720e+03 2.447085910103302935e-03 4.850870391558952456e-10 -1.982304900506813160e-07
6.191894327898682604e+03 1.309191685072701389e-03 2.605815344014310228e-10 -1.990400163494473527e-07
6.240448214744371398e+03 4.733514769475217349e-04 9.388533420831024395e-11 -1.983416948727908406e-07
6.289002101590059283e+03 7.062875353483734830e-04 1.399616554568597682e-10 -1.981652633694352753e-07
6.337555988435747167e+03 1.347688979258024160e-03 2.659512564141475655e-10 -1.973387484110526255e-07
6.386109875281435052e+03 1.457969657539517775e-03 2.877865043919111370e-10 -1.973885415952908882e-07
6.434663762127122936e+03 1.086393874943165395e-03 2.145156893796137194e-10 -1.974566447098536039e-07
6.483217648972810821e+03 1.383002927025520730e-03 2.735313416242887209e-10 -1.977807394902507011e-07
6.531771535818498705e+03 1.180634293542218811e-03 2.345811912578551530e-10 -1.986908160646840248e-07
6.580325422664186590e+03 6.259338453557177851e-04 1.252553878167628109e-10 -2.001096261947303101e-07
6.628879309509874474e+03 1.483641879456035076e-03 2.980341136486876443e-10 -2.008800895792718977e-07
6.677433196355562359e+03 1.788118276236250886e-03 3.611299708724031905e-10 -2.019608969226204314e-07
6.725987083201250243e+03 8.991528012336289638e-05 -1.815558134996533156e-11 -2.019187542435062004e-07
6.774540970046938128e+03 2.287549529177033188e-03 -4.633177686025639177e-10 -2.025389014283973649e-07
6.823094856892626012e+03 1.971084048320345238e-03 -4.003930164916116191e-10 -2.031334061238056313e-07
6.871648743738313897e+03 2.442414029806364039e-04 4.991331703571577255e-11 -2.043605892637004452e-07
6.920202630584001781e+03 1.953552405960541985e-03 4.015575715082767218e-10 -2.055524951790760352e-07
6.968756517429689666e+03 2.474836088201017460e-03 5.095069249738273678e-10 -2.058750183104824891e-07
7.017310404275377550e+03 1.536747674076204776e-03 3.173123124717297855e-10 -2.064830276463426803e-07
7.065864291121065435e+03 1.080687546737097533e-03 2.230717628851112319e-10 -2.064165202593739761e-07
7.114418177966753319e+03 3.240253593057284285e-04 6.771616531562940273e-11 -2.089841531561639304e-07
7.162972064812441204e+03 6.242113752482149379e-04 -1.312195342498488598e-10 -2.102165059034208967e-07
7.211525951658129998e+03 3.626684649991447303e-04 7.702391705936928774e-11 -2.123810711238732420e-07
7.260079838503817882e+03 1.314466793770217553e-03 2.791056540673380512e-10 -2.123337427694112098e-07
7.308633725349505767e+03 2.113046241762049117e-03 4.507209358099581424e-10 -2.133038676115796877e-07
7.357187612195193651e+03 1.782946333785563522e-03 3.817652647677252192e-10 -2.141204463272647491e-07
7.405741499040881536e+03 4.122678104278812319e-04 8.896087668149485918e-11 -2.157841927779053478e-07
7.454295385886569420e+03 5.792163433732952027e-05 1.253340663063120537e-11 -2.163855832802983551e-07
7.502849272732257305e+03 4.720869236047610645e-04 -1.025962856802806713e-10 -2.173249894254134654e-07
7.551403159577945189e+03 1.694005640328520189e-03 -3.607376249212842573e-10 -2.129494827722805275e-07
7.599957046423633074e+03 2.958068909113490980e-03 -6.192012562348803578e-10 -2.093261770634173415e-07
7.648510933269320958e+03 4.692024935901478212e-03 -9.047269238472494626e-10 -1.928222752877216564e-07
7.697064820115008843e+03 2.824548909086957698e-03 5.213734306341474775e-10 -1.845864410266780381e-07
7.745618706960696727e+03 5.804965555543197312e-05 -7.023260795911984315e-12 -1.209871226402959375e-07
