# Columns: yplus absP_over_phi P_term_plus PHI_term_plus | Case=jet_M12_T05 | x*=5.00 | USE_ABS=True
4.348309552634680442e-01 7.517549821910817073e-04 3.835313086169677538e-04 -5.101812661076338129e-01
1.273884194853420748e+00 1.609321007538879258e-02 6.584340136754484631e-03 -4.091377733783428949e-01
2.116394443614550536e+00 7.394281839399294287e-02 2.582152874589284733e-02 -3.492094202888886278e-01
2.963298320394013530e+00 1.939109250726297196e-01 5.898804774915406002e-02 -3.042017757744179263e-01
3.815634120674063379e+00 3.713752438194049543e-01 1.009924183914923113e-01 -2.719417087494492291e-01
4.674528121351749554e+00 5.804280162060789783e-01 1.450667846046314879e-01 -2.499307072612532432e-01
5.541180921434031070e+00 7.910080094140926610e-01 1.861095749337388083e-01 -2.352815302990319823e-01
6.416854990755538779e+00 9.793637606821546937e-01 2.206788764905156242e-01 -2.253288158598052704e-01
7.302864161651704933e+00 1.136394042592996811e+00 2.476460061624028708e-01 -2.179226543614485312e-01
8.200565395750912145e+00 1.260972599511139158e+00 2.667174651765665261e-01 -2.115172568222093152e-01
9.111352838370887497e+00 1.358273434196412000e+00 2.786804706995262282e-01 -2.051725843142919725e-01
1.003665395622942391e+01 1.430731588384760222e+00 2.842858514088293376e-01 -1.986996399022523119e-01
1.097792743657946879e+01 1.480840711209734817e+00 2.847402168079077867e-01 -1.922828124945974715e-01
1.193666248876660774e+01 1.511371962812542824e+00 2.809276777828954574e-01 -1.858759357028904047e-01
1.291437920769260650e+01 1.527386793330729686e+00 2.740470315557950731e-01 -1.794221560330427900e-01
1.391262970851099823e+01 1.531538445168494578e+00 2.649215953067504126e-01 -1.729774372576097230e-01
1.493299980360254153e+01 1.526489298672658812e+00 2.541703234582818327e-01 -1.665064561404346055e-01
1.597711105328123793e+01 1.512598437198239276e+00 2.421527269065729682e-01 -1.600905573822411221e-01
1.704662307349306261e+01 1.490724183393686841e+00 2.295221287608994187e-01 -1.539668647746654795e-01
1.814323602428344984e+01 1.462439140785656955e+00 2.166703146770601052e-01 -1.481568077839189035e-01
1.926869323226106445e+01 1.431670941143487141e+00 2.040771616965259549e-01 -1.425447397385378734e-01
2.042478392041918411e+01 1.398857631369816223e+00 1.918926362454395351e-01 -1.371781030050432948e-01
2.161334603172054969e+01 1.364810054557880736e+00 1.802430854154856710e-01 -1.320645937605390563e-01
2.283626914091100701e+01 1.329953047199459171e+00 1.691361865865687319e-01 -1.271745547278727295e-01
2.409549745380495622e+01 1.292932606009952190e+00 1.585209223156103797e-01 -1.226057116811471170e-01
2.539303289602507618e+01 1.254063429986101763e+00 1.483086811413558137e-01 -1.182625037897799547e-01
2.673093829471918781e+01 1.215816369380814610e+00 1.385735048362569388e-01 -1.139756860707748232e-01
2.811134065764596457e+01 1.179909243177385880e+00 1.294077219145989555e-01 -1.096759964063981768e-01
2.953643455453383737e+01 1.145093690112964691e+00 1.208230368080920047e-01 -1.055136691882152256e-01
3.100848560595084180e+01 1.111671601322050895e+00 1.129508894025400972e-01 -1.016045469437320409e-01
3.252983408517234665e+01 1.080101008531498152e+00 1.057067734782825980e-01 -9.786748891383888205e-02
3.410289863874822913e+01 1.049759714870547311e+00 9.882861964868359939e-02 -9.414403910600703529e-02
3.573018013167436635e+01 1.020963808838814435e+00 9.236998224974109217e-02 -9.047331692863569419e-02
3.741426562327762895e+01 9.928455084838984090e-01 8.638453883135983891e-02 -8.700702988853858955e-02
3.915783248013389795e+01 9.649657090366011714e-01 8.087414419988558922e-02 -8.381038149078728905e-02
4.096365263255709266e+01 9.366575273763880771e-01 7.559579286009975030e-02 -8.070803965227965615e-02
4.283459698142625172e+01 9.080248148934317864e-01 7.050849144971199634e-02 -7.765040150140287145e-02
4.477363996235651200e+01 8.799165492954048595e-01 6.568682502436841431e-02 -7.465119854487028972e-02
4.678386427446989870e+01 8.513464717966657824e-01 6.130819456396727207e-02 -7.201321271066478402e-02
4.886846578128420759e+01 8.261139512016099085e-01 5.752657693960423063e-02 -6.963515972091977035e-02
5.103075859151084614e+01 8.063510651239895743e-01 5.428229958706269620e-02 -6.731844470090196653e-02
5.327418032783963753e+01 7.896865334906904010e-01 5.141464196334893239e-02 -6.510765953685224150e-02
5.560229759208649369e+01 7.766999962991494311e-01 4.893933129128673343e-02 -6.300931057612305097e-02
5.801881163539299280e+01 7.635287477591730099e-01 4.656846071146050065e-02 -6.099110327951764998e-02
6.052756424249157874e+01 7.463806956652057067e-01 4.401572175345571519e-02 -5.897221352198433325e-02
6.313254383939218428e+01 7.240738795629731994e-01 4.132899017994817736e-02 -5.707841609324863091e-02
6.583789183419932556e+01 6.971573286051536700e-01 3.860547919666530020e-02 -5.537556246293171697e-02
6.864790920114126038e+01 6.700219634752038189e-01 3.594085542054569621e-02 -5.364130935966816838e-02
7.156706331827794543e+01 6.439788905794610052e-01 3.349385153454783465e-02 -5.201079107485900854e-02
7.459999506975809425e+01 6.163579195974046021e-01 3.117697961206322005e-02 -5.058258946754109336e-02
7.775152622391776447e+01 5.899085637023187001e-01 2.900116913567984608e-02 -4.916214294918169053e-02
8.102666709894874941e+01 5.652079914631872315e-01 2.705612972612878725e-02 -4.786933329814922061e-02
8.443062452832482734e+01 5.473935065012363044e-01 2.558039159431824833e-02 -4.673126606455364068e-02
8.796881013864843624e+01 5.349603056522514999e-01 2.440017748368814368e-02 -4.561119250509283046e-02
9.164684895307910040e+01 5.248729275147632212e-01 2.337838683624482092e-02 -4.454104148015378822e-02
9.547058833401952427e+01 5.085506567659728860e-01 2.214621858035474566e-02 -4.354771404915536853e-02
9.944610727927876326e+01 4.782285669537604811e-01 2.041527732386980154e-02 -4.268937226797607509e-02
1.035797260864896145e+02 4.568854481633112252e-01 1.908412850926203067e-02 -4.177005108387805976e-02
1.078780164011460556e+02 4.483484358024804606e-01 1.832717231420522008e-02 -4.087707428130571419e-02
1.123478116642339018e+02 4.439264932770465855e-01 1.778128489646272833e-02 -4.005457021769986276e-02
1.169962179760660490e+02 4.346413926558098106e-01 1.707388196382313150e-02 -3.928268741155964416e-02
1.218306253935919159e+02 4.228751689476979991e-01 1.625644999352569148e-02 -3.844266863428984909e-02
1.268587196791429079e+02 4.090914534878359321e-01 1.533542315941141196e-02 -3.748654006008805828e-02
1.320884945192913165e+02 3.900067589153223824e-01 1.435011865631157478e-02 -3.679453837215997808e-02
1.375282642332486205e+02 3.924022632281431444e-01 1.419574254106530965e-02 -3.617650526345687206e-02
1.431866769910072037e+02 3.969774782679729164e-01 1.411343677096271558e-02 -3.555223543799046482e-02
1.490727285622392060e+02 4.103610712844719677e-01 1.425872919900009715e-02 -3.474678812580545700e-02
1.551957766178107363e+02 4.090459310462480347e-01 1.390939778434490542e-02 -3.400448880830515830e-02
1.615655556066490135e+02 4.114644781819352115e-01 1.372398315372746168e-02 -3.335399258367862524e-02
1.681921922316118980e+02 4.348500359800630544e-01 1.418286826603400858e-02 -3.261553890427702079e-02
1.750862215489653124e+02 4.571400581503681781e-01 1.455718673946616339e-02 -3.184404096715110627e-02
1.822586037170622149e+02 4.756367965180728907e-01 1.479147015826398799e-02 -3.109824611246609499e-02
1.897207414208509135e+02 4.959619367300386328e-01 1.508548119278276499e-02 -3.041661078316595587e-02
1.974844979999140833e+02 5.374141265119193323e-01 1.586376731705542789e-02 -2.951870175058299989e-02
2.055622163088586376e+02 5.696558930178948765e-01 1.637592058230964015e-02 -2.874703971823076507e-02
2.139667383400408198e+02 5.990175898899607887e-01 1.667934771985174480e-02 -2.784450407026566737e-02
2.227114256398223233e+02 6.718195603337653310e-01 1.814128410086524729e-02 -2.700320915314301240e-02
2.318101805508159430e+02 7.094124296437670507e-01 1.860035389720902238e-02 -2.621937975706068250e-02
2.412774683138918306e+02 7.454490433480297495e-01 1.893696446333420144e-02 -2.540343251133941188e-02
2.511283400650815167e+02 8.215596080111384758e-01 2.023788597767953515e-02 -2.463349680332039410e-02
2.613784567639419265e+02 9.459863141989646174e-01 2.250262523002889703e-02 -2.378747439817192888e-02
2.720441140914218181e+02 1.052907235603133929e+00 2.432452160136416158e-02 -2.310224564790877566e-02
2.831422683568178513e+02 1.140644700253551358e+00 2.544047519144714345e-02 -2.230359303452866468e-02
2.946905634550190598e+02 1.345558957395698529e+00 2.886321200074028204e-02 -2.145072264734087381e-02
3.067073589169293655e+02 1.564728981834302646e+00 3.216067956334730388e-02 -2.055351433808424652e-02
3.192117590977425721e+02 1.781810522179281930e+00 3.511350845527173858e-02 -1.970664558222801413e-02
3.322236435496672584e+02 1.995194474184319278e+00 3.773665293230787227e-02 -1.891377177542328050e-02
3.457636986278344011e+02 2.153310585849555814e+00 3.918119452232886324e-02 -1.819579338893674916e-02
3.598534503806059206e+02 2.390292227900453703e+00 4.149872287659393116e-02 -1.736135958281758221e-02
3.745152987785776304e+02 2.737631429474474576e+00 4.512095190541570711e-02 -1.648174820745584510e-02
3.897725533405512124e+02 3.091418312499200294e+00 4.857902907680528015e-02 -1.571415582303789180e-02
4.056494702199451581e+02 3.409278892285869222e+00 5.094336572061445439e-02 -1.494256331914744183e-02
4.221712908213600031e+02 3.642426716171232481e+00 5.148290728456560855e-02 -1.413423283329150876e-02
4.393642820225025503e+02 3.815192350190081072e+00 5.085602501437631873e-02 -1.332987182463881912e-02
4.572557780753273278e+02 4.084043680750879091e+00 5.055347409006969578e-02 -1.237828927451018260e-02
4.758742242364540402e+02 4.235614147176419486e+00 4.833471442873010782e-02 -1.141150084715610719e-02
4.952492220961206044e+02 4.486184189330426619e+00 4.686715377132704557e-02 -1.044699722378587305e-02
5.154115763688367906e+02 4.593340445638069980e+00 4.325880564004672829e-02 -9.417722494557566673e-03
5.363933424543660067e+02 4.562728344633373290e+00 3.794174714411094329e-02 -8.315583194589607971e-03
5.582278731721454506e+02 4.397554520691352664e+00 3.168552646742964912e-02 -7.205260632549991343e-03
5.809498614122001072e+02 4.320735194392444356e+00 2.630123020230468178e-02 -6.087211786651276595e-03
6.045953726232040708e+02 3.963895575056216369e+00 1.996115646200722141e-02 -5.035742260118477275e-03
6.292018565980076801e+02 3.396526797844933387e+00 1.354122920609861745e-02 -3.986787095185119652e-03
6.548081214793520530e+02 2.859530502127018536e+00 8.771457019838604582e-03 -3.067446566250679740e-03
6.814542440836931974e+02 2.353041060720624689e+00 5.405755098408672639e-03 -2.297348392532150285e-03
7.091813798321367130e+02 1.894040066380666909e+00 3.098604611045315069e-03 -1.635976274232919499e-03
7.380314239343100553e+02 1.492233723999750739e+00 1.682248598903989673e-03 -1.127335866927686898e-03
7.680464652765499523e+02 1.066772641333096683e+00 8.129545165628644871e-04 -7.620691467555379362e-04
7.992679692214741181e+02 7.091064222148533158e-01 3.424997245715513195e-04 -4.830018652232383170e-04
8.317356296575884471e+02 4.165280823700272528e-01 1.249445057090512292e-04 -2.999665832808252582e-04
8.654858486837338205e+02 2.051093039086749337e-01 3.647439015933948457e-05 -1.778290378069818370e-04
9.005498375927285224e+02 6.715695434944116138e-02 6.883045544625419520e-06 -1.024919252414354884e-04
9.369513857842847528e+02 1.837623256768181751e-02 -1.047420870064643038e-06 -5.699867294380767140e-05
9.747044109661350149e+02 7.639559911551198346e-02 -2.268912079129545937e-06 -2.969951286983031928e-05
1.013810475436953311e+03 1.128185598642943294e-01 -1.673546241687734290e-06 -1.483396210429194467e-05
1.054256515778911080e+03 1.541164431457330841e-01 -1.103856750634391840e-06 -7.162485248836043002e-06
1.096013071007293547e+03 2.015307100071374036e-01 -7.157337169125131443e-07 -3.551487100339024099e-06
1.139033292594966497e+03 2.345088439767165078e-01 -4.612574149010866512e-07 -1.966908399185504283e-06
1.183252969974704456e+03 2.550788879405964660e-01 -3.171087209369205875e-07 -1.243179016096266694e-06
1.228591707655591790e+03 2.514848254856787979e-01 -2.218263302410824611e-07 -8.820664619134830890e-07
1.274955256541068138e+03 2.268454861147115309e-01 -1.519817928362019937e-07 -6.699793566064066773e-07
1.322238853756645540e+03 2.073721599396554649e-01 -1.102095953375269780e-07 -5.314580094531375860e-07
1.370331289185335208e+03 1.563001523673638593e-01 -6.875193450171924506e-08 -4.398711930883244869e-07
1.419119319179387503e+03 1.220665792753708040e-01 -4.589629208694769044e-08 -3.759939236390817632e-07
1.468492007593246399e+03 1.045782412325779315e-01 -3.450260442742963430e-08 -3.299214446597661678e-07
1.518344598409632226e+03 6.926054774345263843e-02 -2.071694408259104090e-08 -2.991160878387575820e-07
1.568581606254213966e+03 4.323722067599291424e-02 -1.199773700459154873e-08 -2.774863142684188662e-07
1.619118932875942846e+03 3.012266260327207609e-02 -7.809489081500799820e-09 -2.592562677594275237e-07
1.669884954421159819e+03 1.809773987516080998e-02 -4.483151391759560361e-09 -2.477188545467324202e-07
1.720820650871126645e+03 1.053948152206629282e-02 -2.513368015940379788e-09 -2.384716943312812507e-07
1.771878945477898242e+03 4.180691821179942022e-03 -9.675705383054058742e-10 -2.314379006372975232e-07
1.823023477500349827e+03 3.392922700031460789e-04 -7.734938644317644114e-11 -2.279727340751359390e-07
1.874227044901140516e+03 7.379177359926125147e-03 1.655801783286185169e-09 -2.243883975845732718e-07
1.925469931957196650e+03 8.075713427246630424e-03 1.788662682537177024e-09 -2.214866461831610178e-07
1.976738291888425238e+03 1.109020609291190736e-02 2.444946081488756183e-09 -2.204599320342113910e-07
2.028022699771349153e+03 9.201507113370591823e-03 2.011345611614023529e-09 -2.185887145260544384e-07
2.079316937520680767e+03 1.030093733916599349e-02 2.230786796535793775e-09 -2.165615344589997766e-07
2.130617028343561742e+03 1.209320058764151197e-02 2.611596853816456029e-09 -2.159558038328863374e-07
2.181920506503113756e+03 9.513423232310545818e-03 2.043689249658019309e-09 -2.148216472401873950e-07
2.233225889715001358e+03 1.159010615813490554e-02 2.509175698855643277e-09 -2.164929004635987738e-07
2.284532313976040768e+03 1.036149102926114257e-02 2.239194726066172794e-09 -2.161073845204926479e-07
2.335839290947307745e+03 7.970880631645534120e-03 1.731849102520191328e-09 -2.172719907063346652e-07
2.387146552978143063e+03 8.456378887879787559e-03 1.840200711860165181e-09 -2.176109581014228338e-07
2.438453957812383123e+03 8.148351236848483392e-03 1.787298109293538620e-09 -2.193447554409555794e-07
2.489761432126920226e+03 9.088394329086327272e-03 1.997858544871161653e-09 -2.198252488316063310e-07
2.541068939270794090e+03 5.947174088923837428e-03 1.316133014933858817e-09 -2.213039328014724206e-07
2.592376461477216708e+03 7.484482139891824454e-03 1.659604050896421612e-09 -2.217393294388178328e-07
2.643683990393752538e+03 8.178632867431992470e-03 1.816179060686383076e-09 -2.220638938224702141e-07
2.694991522212415930e+03 8.927908373325460847e-03 1.982677200414434815e-09 -2.220763383211031673e-07
2.746299055249556659e+03 9.808424854884268893e-03 2.198139656089027773e-09 -2.241073045479292558e-07
2.797606588783281495e+03 1.047147350040291552e-02 2.367422402120630549e-09 -2.260830247079876794e-07
2.848914122513432176e+03 1.078062633152311774e-02 2.441252480341862897e-09 -2.264481121290246906e-07
2.900221656318988607e+03 1.003929288315857232e-02 2.276150385205824665e-09 -2.267241738732598713e-07
2.951529190152634328e+03 1.059121727604922687e-02 2.422037419701701846e-09 -2.286835740003984510e-07
3.002836723996433193e+03 1.125092429720668530e-02 2.574596898439802974e-09 -2.288342566733836476e-07
3.054144257843791820e+03 1.044715655279009406e-02 2.405670866440833290e-09 -2.302703950385769908e-07
3.105451791692362349e+03 1.111330797158060699e-02 2.575485614445751119e-09 -2.317478847011065820e-07
3.156759325541333055e+03 1.103989613134803878e-02 2.579448513107400752e-09 -2.336478969021273273e-07
3.208066859390430636e+03 1.083051622969264174e-02 2.545575365664367214e-09 -2.350373067800303784e-07
3.259374393239568690e+03 1.022343040510267226e-02 2.411420604402553540e-09 -2.358719636022539326e-07
3.310681927088717657e+03 1.074860812655681341e-02 2.540730885915111862e-09 -2.363776645310637436e-07
3.361989460937871627e+03 1.156012889314019139e-02 2.742550408553571066e-09 -2.372421997977035566e-07
3.413296994787025596e+03 1.168393425954010120e-02 2.777045980070857037e-09 -2.376807262334053893e-07
3.464604528636180021e+03 1.256216327876766639e-02 2.982604296741719587e-09 -2.374276014850771429e-07
3.515912062485333990e+03 1.254732015179460536e-02 2.990617821173978531e-09 -2.383471358819388542e-07
3.567219596334487960e+03 1.279600976616875573e-02 3.065603241695060787e-09 -2.395749376340880001e-07
3.618527130183641930e+03 1.216239592642062717e-02 2.914867164050468593e-09 -2.396622492545602631e-07
3.669834664032796354e+03 1.273364294543344842e-02 3.077624604281210351e-09 -2.416923905805691701e-07
3.721142197881950324e+03 1.270661478549328476e-02 3.071449127913193950e-09 -2.417204880893819275e-07
3.772449731731104293e+03 1.310612822341988490e-02 3.188851711056091445e-09 -2.433099735250415061e-07
3.823757265580258718e+03 1.358609649566721797e-02 3.308497070633263294e-09 -2.435207987583766911e-07
3.875064799429412687e+03 1.401517807657714880e-02 3.441120800029826117e-09 -2.455281539219823126e-07
3.926372333278566657e+03 1.445429874832314041e-02 3.566093450129685687e-09 -2.467150784844122805e-07
3.977679867127720627e+03 1.477021277084131744e-02 3.638334223035893023e-09 -2.463291680007837791e-07
4.028987400976875051e+03 1.490364742126413719e-02 3.667476861169352876e-09 -2.460791481108639308e-07
4.080294934826029021e+03 1.437008345163924561e-02 3.546894109630578086e-09 -2.468248790319983631e-07
4.131602468675183445e+03 1.347455715172358320e-02 3.343706767949951252e-09 -2.481496594136486878e-07
4.182910002524337870e+03 1.315654354407509198e-02 3.287341366192723847e-09 -2.498636024864709058e-07
4.234217536373492294e+03 1.269365939005005078e-02 3.175743270979837543e-09 -2.501834320108785928e-07
4.285525070222645809e+03 1.270202570069683436e-02 3.203484929368093181e-09 -2.522026804899591433e-07
4.336832604071800233e+03 1.257581027360594496e-02 3.177891332072422446e-09 -2.526987337541316866e-07
4.388140137920954658e+03 1.425673422542103434e-02 3.599315423324003995e-09 -2.524642296344489727e-07
4.439447671770108172e+03 1.559557313077107078e-02 3.927256795721751722e-09 -2.518186900084499481e-07
4.490755205619262597e+03 1.661385371936440272e-02 4.186391177405119880e-09 -2.519819451958722647e-07
4.542062739468417021e+03 1.693976940551377569e-02 4.288500833224825246e-09 -2.531617007625232502e-07
4.593370273317570536e+03 1.671322280644950767e-02 4.247422933753772321e-09 -2.541354820037894603e-07
4.644677807166724961e+03 1.550215202065534023e-02 3.934275949435643760e-09 -2.537890187242097117e-07
4.695985341015879385e+03 1.464703926180078476e-02 3.741720619841383620e-09 -2.554591786750871865e-07
4.747292874865032900e+03 1.460290291690888830e-02 3.731492437993200708e-09 -2.555308666520310642e-07
4.798600408714187324e+03 1.464890041893748308e-02 3.748844365451857292e-09 -2.559130213354108793e-07
4.849907942563341749e+03 1.458115795850069805e-02 3.752662175242714660e-09 -2.573637968893233721e-07
4.901215476412495264e+03 1.456393199180477938e-02 3.763195053702154847e-09 -2.583914190082547450e-07
4.952523010261649688e+03 1.504141286390115427e-02 3.880750559840048785e-09 -2.580043906083922113e-07
5.003830544110803203e+03 1.505604057915721321e-02 3.892448723120306238e-09 -2.585307008609425759e-07
5.055138077959957627e+03 1.521057103534090987e-02 3.967386361591118929e-09 -2.608308624556644879e-07
5.106445611809112052e+03 1.568309105042130919e-02 4.110896491548547266e-09 -2.621228479980107185e-07
5.157753145658265566e+03 1.612767200648137014e-02 4.219523583298400629e-09 -2.616325271001706481e-07
5.209060679507419991e+03 1.582034799847696974e-02 4.155734094495958964e-09 -2.626828496374436759e-07
5.260368213356574415e+03 1.502524800921372673e-02 3.962631105651093149e-09 -2.637314940306571527e-07
5.311675747205727930e+03 1.458468323378721634e-02 3.874334344640958553e-09 -2.656440515393289783e-07
5.362983281054882355e+03 1.443953978767298016e-02 3.868075102481465980e-09 -2.678807745509754926e-07
5.414290814904036779e+03 1.508663210103868869e-02 4.030267893606128509e-09 -2.671416567073741751e-07
5.465598348753190294e+03 1.566025338811933079e-02 4.182205681502181048e-09 -2.670586214572374750e-07
5.516905882602344718e+03 1.538279155512753404e-02 4.130412793515921917e-09 -2.685086629896596675e-07
5.568213416451499143e+03 1.497440658162121387e-02 4.012316996550880940e-09 -2.679449749598347532e-07
5.619520950300652657e+03 1.531791289099713668e-02 4.089155437903502802e-09 -2.669525193805508569e-07
5.670828484149807082e+03 1.534463620025940285e-02 4.106680402105596368e-09 -2.676297012526222253e-07
5.722136017998961506e+03 1.432955601132885649e-02 3.862204704376474492e-09 -2.695271717646408484e-07
5.773443551848115021e+03 1.402291271947792538e-02 3.788952054794286369e-09 -2.701972215466623604e-07
5.824751085697269446e+03 1.434156596425471136e-02 3.892083549260357802e-09 -2.713848375387378978e-07
5.876058619546422960e+03 1.505268256374050519e-02 4.072365460558728772e-09 -2.705408450164493076e-07
5.927366153395577385e+03 1.563854528031438651e-02 4.231634346695970494e-09 -2.705900242538992086e-07
5.978673687244731809e+03 1.619011078334952822e-02 4.370718857613822437e-09 -2.699622575843533642e-07
6.029981221093885324e+03 1.651362171245011196e-02 4.464036959188190395e-09 -2.703245258320662500e-07
6.081288754943039748e+03 1.578193045668260103e-02 4.298770086422284021e-09 -2.723855676731891548e-07
6.132596288792194173e+03 1.543230244967135241e-02 4.225214815233388365e-09 -2.737903063404105939e-07
6.183903822641347688e+03 1.531803632309155887e-02 4.201489375703565855e-09 -2.742838107368844074e-07
6.235211356490502112e+03 1.556299387025738418e-02 4.268492913722835068e-09 -2.742719652341700549e-07
6.286518890339656537e+03 1.501420451988194800e-02 4.114789733266841728e-09 -2.740597897023448265e-07
6.337826424188810051e+03 1.467852017965892708e-02 4.025412291714973427e-09 -2.742382912204783819e-07
6.389133958037964476e+03 1.467414220896637138e-02 4.021047519120156108e-09 -2.740226625760221447e-07
6.440441491887118900e+03 1.476952080224981992e-02 4.049373269099368164e-09 -2.741709310218469004e-07
6.491749025736272415e+03 1.469360495350462148e-02 4.018840914512261009e-09 -2.735095252138049227e-07
6.543056559585426839e+03 1.539907219526383611e-02 4.223718093472712600e-09 -2.742839334678725894e-07
6.594364093434581264e+03 1.703704283588910670e-02 4.641517929819218019e-09 -2.724368292390333939e-07
6.645671627283735688e+03 1.743215844253602487e-02 4.739429228151374708e-09 -2.718785079756241495e-07
6.696979161132890113e+03 1.661367520895912567e-02 4.537369284394035645e-09 -2.731105085012859880e-07
6.748286694982043628e+03 1.565605981179920420e-02 4.284325093498512504e-09 -2.736528312359682560e-07
6.799594228831198052e+03 1.589176734937330568e-02 4.348013155603244059e-09 -2.736016114516494377e-07
6.850901762680352476e+03 1.616312267240080022e-02 4.453722822314459989e-09 -2.755484142875049718e-07
6.902209296529505991e+03 1.585434659374931193e-02 4.366600677971294804e-09 -2.754197817078666651e-07
6.953516830378660416e+03 1.617294084646959951e-02 4.487505655782595294e-09 -2.774699851055335894e-07
7.004824364227813930e+03 1.683955642833225713e-02 4.658683397114071619e-09 -2.766511942841866700e-07
7.056131898076968355e+03 1.636214831176036055e-02 4.513931676541562803e-09 -2.758764674744548131e-07
7.107439431926122779e+03 1.530795786717684646e-02 4.229744269845343398e-09 -2.763101588432454474e-07
7.158746965775276294e+03 1.520062425465752536e-02 4.189112285699511868e-09 -2.755881742433014146e-07
7.210054499624430719e+03 1.620701466900298371e-02 4.474440577704679894e-09 -2.760804916319568317e-07
7.261362033473585143e+03 1.715546813304196297e-02 4.743779302464185226e-09 -2.765170420110844391e-07
7.312669567322738658e+03 1.673109276760161718e-02 4.645697647967059167e-09 -2.776685128997114877e-07
7.363977101171893082e+03 1.623936802714743069e-02 4.514712192319572894e-09 -2.780103378882913836e-07
7.415284635021047507e+03 1.604529010637281705e-02 4.467204932080773535e-09 -2.784122257974321677e-07
7.466592168870201021e+03 1.574355321768975205e-02 4.396812214751574379e-09 -2.792769938244458023e-07
7.517899702719355446e+03 1.552759098314346504e-02 4.322410852296917637e-09 -2.783697005536316870e-07
7.569207236568509870e+03 1.552700877119962165e-02 4.347965166864893269e-09 -2.800259361564698834e-07
7.620514770417663385e+03 1.590321173886219061e-02 4.449928042853800941e-09 -2.798131670459777583e-07
7.671822304266817810e+03 1.585329918553466527e-02 4.447067478439443922e-09 -2.805136915915374864e-07
7.723129838115972234e+03 1.552518254448396855e-02 4.399847741826558023e-09 -2.834007090879459892e-07
7.774437371965125749e+03 1.555464658273780949e-02 4.417089282707581961e-09 -2.839723332325381390e-07
7.825744905814280173e+03 1.580764645354193476e-02 4.544058547281649252e-09 -2.874595254035104342e-07
7.877052439663433688e+03 1.700223665950290758e-02 4.919687863045628533e-09 -2.893553337463933658e-07
7.928359973512588112e+03 1.808896113219887747e-02 5.254775852640766087e-09 -2.904962763885379880e-07
7.979667507361742537e+03 1.825586765161837238e-02 5.282343568923434112e-09 -2.893504526724128489e-07
8.030975041210896052e+03 1.770280091340841952e-02 5.003623831331918815e-09 -2.826458850103253399e-07
8.082282575060050476e+03 1.909174190845735336e-02 5.085987085951219109e-09 -2.663972261063409622e-07
8.133590108909204901e+03 2.483053151769260697e-02 6.232212803173775370e-09 -2.509899072733545584e-07
8.184897642758358415e+03 3.129926071256187298e-02 5.261418246799547297e-09 -1.681004000419693955e-07
