# Columns: yplus absP_over_phi P_term_plus PHI_term_plus | Case=jet_M08_T75 | x*=20.00 | USE_ABS=True
4.062032326457848952e-01 4.026223442765365277e-04 1.250386587036249342e-04 -3.105606543727825741e-01
1.190016192964691966e+00 9.143014158327779362e-03 2.505867754573352316e-03 -2.740745788182904485e-01
1.977058565273753565e+00 4.434056212785177781e-02 1.120356132873557772e-02 -2.526707103178164049e-01
2.768205304768469155e+00 1.261659635414114911e-01 2.935715122036482855e-02 -2.326867753895361934e-01
3.564426349251628157e+00 2.700228192156055029e-01 5.745788584750714800e-02 -2.127890006274938683e-01
4.366773825557573652e+00 4.771226579555626346e-01 9.282369247039098936e-02 -1.945489088028936886e-01
5.176369289527340101e+00 7.301868951529492113e-01 1.312732364742728863e-01 -1.797803238399336423e-01
5.994392094474523702e+00 9.933592847130628956e-01 1.680297595632100072e-01 -1.691530568536904477e-01
6.822069574689261451e+00 1.233125933028283772e+00 1.997866853308701840e-01 -1.620164493988366650e-01
7.660669354275478682e+00 1.427614169132964239e+00 2.244003710855347611e-01 -1.571855869305502085e-01
8.511493792984669682e+00 1.572466155196938331e+00 2.414901546704341095e-01 -1.535741509426570006e-01
9.375876378205996176e+00 1.670805565218824507e+00 2.513021849507258154e-01 -1.504077974014965124e-01
1.025517976241485307e+01 1.731864813722038932e+00 2.549301210645518179e-01 -1.471997808631890226e-01
1.115079511071330742e+01 1.763466322336005643e+00 2.534120272690897901e-01 -1.437010869214691011e-01
1.206414244036451322e+01 1.773542297902360731e+00 2.480241804051301902e-01 -1.398467804790888280e-01
1.299667168078395996e+01 1.767092469208143779e+00 2.397215151399006705e-01 -1.356587271560966423e-01
1.394986424010884996e+01 1.749177149321873737e+00 2.294884983836130155e-01 -1.311979741289107382e-01
1.492523492089292070e+01 1.722383091110230913e+00 2.179756277533108910e-01 -1.265546723480697744e-01
1.592433407587450844e+01 1.689602038232029146e+00 2.058052430096508900e-01 -1.218069334391913977e-01
1.694874993261218421e+01 1.651551102927325543e+00 1.933057853236602730e-01 -1.170449918146834745e-01
1.800011104329485789e+01 1.609733555239138969e+00 1.808264918016335432e-01 -1.123331816082881462e-01
1.908008883484140839e+01 1.564925997652893086e+00 1.685342876667180467e-01 -1.076947331180446304e-01
2.019040024659079080e+01 1.518594696577922454e+00 1.566690522205738956e-01 -1.031671271957025765e-01
2.133281045041220381e+01 1.471548378955019887e+00 1.453700779264906207e-01 -9.878715508471508366e-02
2.250913565252826842e+01 1.425245831564141641e+00 1.347885301645513900e-01 -9.457212726356629962e-02
2.372124597890312003e+01 1.380087132139849793e+00 1.249537472196903948e-01 -9.054047698129565058e-02
2.497106844748635979e+01 1.336772465503058172e+00 1.158980209878791440e-01 -8.669988646442089442e-02
2.626059003141542902e+01 1.295354018442984811e+00 1.075789722684585281e-01 -8.304986184222319656e-02
2.759186081775787258e+01 1.256442617643023896e+00 9.996737051013168673e-02 -7.956381700714808269e-02
2.896699726668641617e+01 1.219826914081290736e+00 9.297314863995412293e-02 -7.621831225947051092e-02
3.038818557621255678e+01 1.185390981816771605e+00 8.656547387869291399e-02 -7.302693812131053064e-02
3.185768515780479859e+01 1.152900033011158953e+00 8.067765379004546156e-02 -6.997801325352601132e-02
3.337783222840777597e+01 1.123267757310829840e+00 7.528292648216515504e-02 -6.702135442968377987e-02
3.495104352456910846e+01 1.095868333690267926e+00 7.031348841694468055e-02 -6.416235076358892120e-02
3.657982014457753905e+01 1.071568452628956170e+00 6.579571339996542756e-02 -6.140131620947224950e-02
3.826675152471985797e+01 1.050118506823286779e+00 6.177206497708245120e-02 -5.882389899398032113e-02
4.001451955597819676e+01 1.031940650583915264e+00 5.824219908758084679e-02 -5.643948521131032792e-02
4.182590284771222144e+01 1.017405042484383237e+00 5.511266563031681776e-02 -5.416983731055449031e-02
4.370378114510447176e+01 1.006282458620304299e+00 5.233166411596412021e-02 -5.200494519969583312e-02
4.565113990739217797e+01 9.973122013466965141e-01 4.983482152518287772e-02 -4.996912848142199409e-02
4.767107505416343116e+01 9.883990229314725262e-01 4.749052946246814372e-02 -4.804793242471745024e-02
4.976679788726398357e+01 9.778587105286652426e-01 4.518493860331261602e-02 -4.620804428779289735e-02
5.194164019613901218e+01 9.643052548953598979e-01 4.287897108315189693e-02 -4.446618004565872084e-02
5.419905955472695069e+01 9.489461254611899488e-01 4.063755692466847896e-02 -4.282388202482889650e-02
5.654264481832559142e+01 9.325581454135631887e-01 3.850488820270929480e-02 -4.128953073015459441e-02
5.897612182917040968e+01 9.169982402978495983e-01 3.655477775145822561e-02 -3.986352006475486071e-02
6.150335933979475556e+01 9.025808256735433632e-01 3.477869738639995795e-02 -3.853250190690307025e-02
6.412837516359002166e+01 8.909749140323396377e-01 3.320658327230257417e-02 -3.726994189097593280e-02
6.685534256234318207e+01 8.814428674471831426e-01 3.174535974756467066e-02 -3.601522108801553240e-02
6.968859688090660143e+01 8.745670499411842824e-01 3.041489713484276866e-02 -3.477709014636237023e-02
7.263264243954878907e+01 8.690408451325457584e-01 2.915948622713229396e-02 -3.355364295067730929e-02
7.569215969494256058e+01 8.660315796564221902e-01 2.805390740998657886e-02 -3.239363098181282513e-02
7.887201268117580355e+01 8.658539521398196381e-01 2.713954704373066837e-02 -3.134425497124499610e-02
8.217725674261441782e+01 8.668900641309125188e-01 2.633798832779904800e-02 -3.038215503623726416e-02
8.561314657091138258e+01 8.669879383251041238e-01 2.552493030308028779e-02 -2.944092896193086298e-02
8.918514455893844683e+01 8.672095219186830573e-01 2.477036766640255960e-02 -2.856330222435592495e-02
9.289892948492284575e+01 8.718199872838291453e-01 2.415402462091234201e-02 -2.770528890506931269e-02
9.676040554059392207e+01 8.783556834857794149e-01 2.363282651633164672e-02 -2.690575920513670061e-02
1.007757117176934969e+02 8.798911398927616867e-01 2.300497602295574484e-02 -2.614525249766637763e-02
1.049512315677717424e+02 8.725562087111780052e-01 2.222268040800595701e-02 -2.546848006597797823e-02
1.092936033507861708e+02 8.693513111301799379e-01 2.154687578916545179e-02 -2.478500407522700802e-02
1.138097305886363699e+02 8.714087679470311487e-01 2.102953000450319063e-02 -2.413279597134083271e-02
1.185067930404139389e+02 8.659981971253534194e-01 2.033667698183067377e-02 -2.348350960699163714e-02
1.233922581168152277e+02 8.576949340813733169e-01 1.960415885522809321e-02 -2.285679683560793915e-02
1.284738927518637865e+02 8.548893522533738132e-01 1.909556618901234529e-02 -2.233688621653666731e-02
1.337597757508168570e+02 8.557300352005825506e-01 1.869190153257447445e-02 -2.184322246933065315e-02
1.392583106338854861e+02 8.598497485242689864e-01 1.834054759785738037e-02 -2.132994471340445355e-02
1.449782389961880824e+02 8.635925250464993042e-01 1.794789165883300258e-02 -2.078282423515258673e-02
1.509286544051774683e+02 8.689056615506433046e-01 1.759059102302633695e-02 -2.024453493792903111e-02
1.571190168576342217e+02 8.847005593173582483e-01 1.744096107999942163e-02 -1.971397089819520651e-02
1.635591678192119218e+02 9.127501444174734857e-01 1.751404592954779529e-02 -1.918821490926790260e-02
1.702593458704425586e+02 9.361756206371150135e-01 1.757042319825057389e-02 -1.876829818137435574e-02
1.772302029840773798e+02 9.376537672026048487e-01 1.723992549485662065e-02 -1.838623818074148347e-02
1.844828214596401494e+02 9.225028957529707307e-01 1.654774588854812309e-02 -1.793787961504600403e-02
1.920287315421162475e+02 9.065412856615673309e-01 1.589872995527220889e-02 -1.753778918482436222e-02
1.998799297527873193e+02 9.125653526352364153e-01 1.566328704646196765e-02 -1.716401680299468532e-02
2.080488979613536173e+02 9.148792267058558636e-01 1.538556758383895565e-02 -1.681704768752563528e-02
2.165486232296659921e+02 9.072825609900304622e-01 1.488013202823179788e-02 -1.640076936119496884e-02
2.253926184586146917e+02 8.919982971980503494e-01 1.431226021082638092e-02 -1.604516539525257732e-02
2.345949438709988613e+02 8.825599426878607545e-01 1.375560693755919876e-02 -1.558603135291424663e-02
2.441702293645324175e+02 8.639437047461927532e-01 1.315168608543991306e-02 -1.522285076352698600e-02
2.541336977705236393e+02 8.737606961440191888e-01 1.299455607063104180e-02 -1.487198511901156872e-02
2.645011890552091245e+02 9.084572593769100202e-01 1.309464575644225803e-02 -1.441415721134043856e-02
2.752891855022295999e+02 9.122498953388507026e-01 1.278065274575264886e-02 -1.401003476246532112e-02
2.865148379163121035e+02 8.778334336357570544e-01 1.200326697803027164e-02 -1.367374096053265015e-02
2.981959928898931480e+02 8.578411583393172890e-01 1.137290325551987800e-02 -1.325758637827138299e-02
3.103512211762113111e+02 8.612101110593290976e-01 1.109284482479503016e-02 -1.288053249996137101e-02
3.229998472143942649e+02 8.490977878013353797e-01 1.064008727572436815e-02 -1.253105052043056861e-02
3.361619798543867432e+02 8.377954760700460080e-01 1.017095176691387715e-02 -1.214013689191072859e-02
3.498585443324375888e+02 8.485512134961046282e-01 1.003315957355405651e-02 -1.182387039695172691e-02
3.641113155515844824e+02 8.263451679242072023e-01 9.467977720582328865e-03 -1.145765484944511262e-02
3.789429527264277340e+02 8.084975883937052243e-01 9.007111956015646792e-03 -1.114055513005383566e-02
3.943770354573180725e+02 8.598155046917616007e-01 9.279307931542933596e-03 -1.079220818990639895e-02
4.104381013042126938e+02 8.531901042799042711e-01 8.946330565311987060e-03 -1.048574112666569684e-02
4.271516849291945164e+02 8.344469080177169262e-01 8.513341045133349105e-03 -1.020237592509911327e-02
4.445443588544185900e+02 8.349899647312537532e-01 8.260045972265093669e-03 -9.892389515032837255e-03
4.626437758067675645e+02 8.205931057594124667e-01 7.859421693328353178e-03 -9.577733030129351871e-03
4.814787124279757791e+02 8.285639333045772270e-01 7.709556943558413047e-03 -9.304721861124513882e-03
5.010791137043651133e+02 8.227929913026900133e-01 7.376568369128710251e-03 -8.965278565936410718e-03
5.214761366244370038e+02 8.288975109712461986e-01 7.137820291985206428e-03 -8.611221770495594910e-03
5.427021900218022665e+02 8.395682671286353038e-01 6.969614187405052258e-03 -8.301426411983715142e-03
5.647909649243440526e+02 7.976215123672729668e-01 6.375702902961678971e-03 -7.993393864264184204e-03
5.877774455638277686e+02 8.445546319648057354e-01 6.484486211460888105e-03 -7.677994964488110523e-03
6.116978850929868941e+02 8.549296557085797055e-01 6.305218172661233855e-03 -7.375130960260544398e-03
6.365897218133076194e+02 7.874235683317745149e-01 5.607979321339278886e-03 -7.121934809774962266e-03
6.624914016194336455e+02 7.920731966702202476e-01 5.373558117305538180e-03 -6.784168609536751944e-03
6.894420614894874006e+02 8.430678464786323101e-01 5.469479374345637135e-03 -6.487591001353960364e-03
7.174810193273151526e+02 8.556338178706573983e-01 5.317976288817537894e-03 -6.215247898980816137e-03
7.466470105636267363e+02 7.816488789520222857e-01 4.650768938501526062e-03 -5.949946406546296855e-03
7.769771157825715591e+02 7.280453757606794030e-01 4.167542852430151414e-03 -5.724289984090348733e-03
8.085053404983507335e+02 7.028391293440134913e-01 3.912702443352702314e-03 -5.566995746245056997e-03
8.412608411633380001e+02 6.336072005204606006e-01 3.356536478304446205e-03 -5.297503682955787691e-03
8.752658409678303997e+02 6.808164423276790167e-01 3.435455196005722522e-03 -5.046081414044679622e-03
9.105333413272136340e+02 7.329560771347368719e-01 3.540211299850888615e-03 -4.830045633416726013e-03
9.470648016839768388e+02 8.090449712573297703e-01 3.710005816750397509e-03 -4.585660808180674376e-03
9.848480186692313509e+02 8.816285919870373577e-01 3.871907341237720325e-03 -4.391766982637343095e-03
1.023855470904649906e+03 9.903538873536883447e-01 4.047077230790972757e-03 -4.086496031842834151e-03
1.064043394203400567e+03 1.060774539375650916e+00 3.980469352270435412e-03 -3.752417883835384733e-03
1.105351805393491304e+03 9.866217878925372942e-01 3.351994589221348863e-03 -3.397446347076259372e-03
1.147705601937016581e+03 9.590218188620610595e-01 2.952354651688540287e-03 -3.078506237941168455e-03
1.191016739762520046e+03 1.064991262900703672e+00 2.914708724405061339e-03 -2.736838156273981720e-03
1.235187353210339552e+03 1.082589140671745387e+00 2.578505922350072220e-03 -2.381795480370431286e-03
1.280113553841814337e+03 9.979484242653217096e-01 2.026732721943756785e-03 -2.030899265596630698e-03
1.325689553567951180e+03 9.787334967196577029e-01 1.706153764066204804e-03 -1.743226087371672678e-03
1.371811719884217382e+03 8.484858316272527734e-01 1.251270963882568669e-03 -1.474710498680740318e-03
1.418382193536705245e+03 6.857384817415005385e-01 8.273537648324731436e-04 -1.206515000778907122e-03
1.465311775568316307e+03 5.568103257467289513e-01 5.319284930147280890e-04 -9.553136291094597912e-04
1.512521904457562187e+03 3.915829373071963992e-01 2.885068957999730507e-04 -7.367708557067175965e-04
1.559945671810413160e+03 2.547554510515964710e-01 1.375606315932733725e-04 -5.399712980642473129e-04
1.607527943276124461e+03 1.834101073603326970e-01 6.810588655207060606e-05 -3.713311525316750883e-04
1.655224741472299229e+03 1.483587759439326526e-01 3.650897137997314538e-05 -2.460856875347267416e-04
1.703002099519607100e+03 8.176612821197855319e-02 1.326300734015042443e-05 -1.622066206408367365e-04
1.750834606266039600e+03 3.570389513773927076e-02 3.724936166108333625e-06 -1.043285656015455198e-04
1.798703844001565813e+03 2.632364323807169504e-02 1.652123529310854041e-06 -6.276196324228402209e-05
1.846596877568815671e+03 1.523855515387460488e-02 5.662548590194387993e-07 -3.715935358054342594e-05
1.894504902547733082e+03 1.883927788504799125e-02 4.248744153397175917e-07 -2.255258497338287444e-05
1.942422110229636246e+03 2.265792407289387439e-02 3.057532144115477462e-07 -1.349431719463330793e-05
1.990344785639556221e+03 2.948255353484363975e-02 2.431053384136221633e-07 -8.245735503415968805e-06
2.038270625375955660e+03 6.054172441800974996e-02 2.749606851089836713e-07 -4.541672503586456771e-06
2.086198244742824500e+03 8.806402996156846574e-02 2.180131872247107717e-07 -2.475621287372979410e-06
2.134126836619874211e+03 1.194626578540625428e-01 1.911099900628439275e-07 -1.599746678131897040e-06
2.182055944818676835e+03 1.132590195756860013e-01 1.373864535594842262e-07 -1.213028808426819658e-06
2.229985319309740589e+03 9.307798298045583119e-02 8.938330932789691900e-08 -9.603056111203579438e-07
2.277914827202540891e+03 1.204013258935891090e-01 9.498116146928475776e-08 -7.888713912771132468e-07
2.325844400001302347e+03 8.817122411367699086e-02 5.836531649044106460e-08 -6.619542495541640292e-07
2.373774003468034607e+03 8.520352094250084607e-02 4.841665136338952285e-08 -5.682470727478885771e-07
2.421703621005650348e+03 7.720132134693900861e-02 3.848393458357326311e-08 -4.984880298956065373e-07
2.469633244811609529e+03 1.430951832837115169e-02 6.292242018954593508e-09 -4.397242363133293289e-07
2.517562871328630990e+03 5.108441037809983987e-02 2.032017257774571617e-08 -3.977763945467222873e-07
2.565492498983908717e+03 6.099477330920578810e-02 2.206955779827588073e-08 -3.618270320703852466e-07
2.613422127103077855e+03 7.169314582435250272e-02 2.404171256020330065e-08 -3.353418556789969526e-07
2.661351755405741187e+03 5.964827039385723478e-02 1.880420948371238669e-08 -3.152515464329189268e-07
2.709281383778845338e+03 6.189602802179371838e-02 1.842910387310499743e-08 -2.977429160174231578e-07
2.757211012178189321e+03 5.875346265808410046e-02 1.668442976231947173e-08 -2.839735567487238182e-07
2.805140640587017970e+03 5.161395097881603389e-02 1.413023385097653376e-08 -2.737677233191471859e-07
2.853070268999172640e+03 4.332708778264894589e-02 1.146582000930871219e-08 -2.646339875605576876e-07
2.900999897412459177e+03 4.772686650074711712e-02 1.226418643247004489e-08 -2.569660933486605915e-07
2.948929525826119061e+03 4.792868667508928121e-02 1.205150335661643143e-08 -2.514465593082930498e-07
2.996859154239897634e+03 3.417497113004858145e-02 8.419960301351941553e-09 -2.463779784717545076e-07
3.044788782653714406e+03 3.535975195886931211e-02 8.575976434285064005e-09 -2.425349715196162475e-07
3.092718411067541183e+03 4.100700115344827618e-02 9.771709614870310073e-09 -2.382936898580940987e-07
3.140648039481372507e+03 3.761235399117542760e-02 8.863799423697261838e-09 -2.356619164484327907e-07
3.188577667895203831e+03 3.582044737555983155e-02 8.362691670343693537e-09 -2.334613965779090160e-07
3.236507296309035610e+03 3.392524030953589925e-02 7.878736769928821018e-09 -2.322382007626994112e-07
3.284436924722866934e+03 2.913612785691891902e-02 6.695307698316201281e-09 -2.297940114484456191e-07
3.332366553136698712e+03 2.642333651579668527e-02 6.024816049229445139e-09 -2.280111766213787834e-07
3.380296181550530036e+03 1.981597490200072767e-02 4.495722504958818145e-09 -2.268736475087534393e-07
3.428225809964361815e+03 1.548929086793244397e-02 3.495935181928978840e-09 -2.257001441664854199e-07
3.476155438378193139e+03 1.765897471036249888e-02 3.961401824534794608e-09 -2.243279629485055255e-07
3.524085066792024918e+03 1.841133878598564394e-02 4.124164397448664499e-09 -2.240013312116063580e-07
3.572014695205856242e+03 1.786501956368245769e-02 3.983444212944640544e-09 -2.229745228514906001e-07
3.619944323619688021e+03 1.384052430783841089e-02 3.067179865724636137e-09 -2.216086470067883596e-07
3.667873952033519345e+03 1.506028028645054438e-02 3.329164568110580926e-09 -2.210559501409657591e-07
3.715803580447351123e+03 1.605549284415565270e-02 3.550828812687607111e-09 -2.211597518154132336e-07
3.763733208861182447e+03 1.568553820737704496e-02 3.468955860232144254e-09 -2.211563170080236093e-07
3.811662837275014226e+03 1.560010507263888922e-02 3.469722969128956568e-09 -2.224166409759971977e-07
3.859592465688846460e+03 1.529941742201781051e-02 3.395585425996992568e-09 -2.219421388627721569e-07
3.907522094102677784e+03 1.474461986334783120e-02 3.277252299068518053e-09 -2.222676697969752382e-07
3.955451722516509562e+03 1.117554326725248709e-02 2.489603405264272972e-09 -2.227724725078482347e-07
4.003381350930340886e+03 9.108433309885989246e-03 2.014498697319687097e-09 -2.211685180955562868e-07
4.051310979344172665e+03 1.162828315634719008e-02 2.559398175563170110e-09 -2.201011225088844105e-07
4.099240607758003534e+03 1.058393904453839261e-02 2.331940660550508299e-09 -2.203282398677319239e-07
4.147170236171835313e+03 1.271338722785736973e-02 2.812173001830621362e-09 -2.211977776991353615e-07
4.195099864585667092e+03 1.277168826098148621e-02 2.834771746318835201e-09 -2.219574803574940151e-07
4.243029492999498871e+03 1.152511932470256899e-02 2.552977925689457696e-09 -2.215142293769997975e-07
4.290959121413329740e+03 9.809000365305586139e-03 2.182294252772884805e-09 -2.224787614945611468e-07
4.338888749827161519e+03 8.174048239571485644e-03 1.810857681099676752e-09 -2.215374350659091128e-07
4.386818378240993297e+03 8.848138252605195625e-03 1.959938816025018590e-09 -2.215086111982874419e-07
4.434748006654825076e+03 1.195529126242325484e-02 2.657403876964190760e-09 -2.222784722373675817e-07
4.482677635068655945e+03 1.336507367299369538e-02 2.973448395129741097e-09 -2.224790126775041274e-07
4.530607263482487724e+03 1.410271686551912984e-02 3.145860131278389120e-09 -2.230676657041847302e-07
4.578536891896319503e+03 1.377686848712971791e-02 3.068102660493060901e-09 -2.226995680011946840e-07
4.626466520310151282e+03 1.284133190937798361e-02 2.869129225014750448e-09 -2.234292552565699660e-07
4.674396148723982151e+03 1.095119385029021120e-02 2.448798035452547303e-09 -2.236101441476769334e-07
4.722325777137813930e+03 8.683736552481337648e-03 1.938709433635875652e-09 -2.232575138500601173e-07
4.770255405551645708e+03 8.334505833399305161e-03 1.854775761728352544e-09 -2.225417797772258660e-07
4.818185033965477487e+03 8.827334223578205477e-03 1.964821421637799789e-09 -2.225837803206401391e-07
4.866114662379308356e+03 7.927609563680070026e-03 1.757893533902944419e-09 -2.217432026365982993e-07
4.914044290793140135e+03 5.829380441846791251e-03 1.294610700023703641e-09 -2.220837553730772266e-07
4.961973919206971914e+03 4.975799788853432597e-03 1.105314853149005741e-09 -2.221381285527370554e-07
5.009903547620803693e+03 6.071651209047065206e-03 1.347623325711644543e-09 -2.219533499723465991e-07
5.057833176034634562e+03 6.729137281208922086e-03 1.493847899853428061e-09 -2.219969421674588113e-07
5.105762804448466341e+03 7.000619550893162277e-03 1.553331556414898280e-09 -2.218848696351052303e-07
5.153692432862298119e+03 8.141274827179726184e-03 1.809949722488903263e-09 -2.223177279860849811e-07
5.201622061276128989e+03 9.154280881095076122e-03 2.033400065137869717e-09 -2.221255925560616341e-07
5.249551689689960767e+03 1.052448001182719473e-02 2.346416827187590045e-09 -2.229484805473272925e-07
5.297481318103792546e+03 9.640010456366556596e-03 2.159262797614285289e-09 -2.239896738066546626e-07
5.345410946517624325e+03 7.346617374485596777e-03 1.643495980486420707e-09 -2.237078503903297151e-07
5.393340574931455194e+03 5.262834766507112211e-03 1.174835821146731484e-09 -2.232325112358520071e-07
5.441270203345286973e+03 5.853767711836016518e-03 1.310232127453197241e-09 -2.238271472241673360e-07
5.489199831759118752e+03 7.913963060140935188e-03 1.774212672398765585e-09 -2.241876363227767792e-07
5.537129460172950530e+03 7.106936721712057634e-03 1.599000180638431371e-09 -2.249914756878872177e-07
5.585059088586781399e+03 7.591343485828540120e-03 1.718572486260141418e-09 -2.263858155632608331e-07
5.632988717000613178e+03 8.028472179712470638e-03 1.821101400216883117e-09 -2.268303806069990853e-07
5.680918345414444957e+03 9.408772145226467279e-03 2.122967651597936585e-09 -2.256370564436532149e-07
5.728847973828276736e+03 7.612194429115049128e-03 1.715329193186133271e-09 -2.253396453754988781e-07
5.776777602242107605e+03 5.067932753919493494e-03 1.141358675384194238e-09 -2.252118823994808954e-07
5.824707230655939384e+03 4.875008736430477482e-03 1.095284700327810452e-09 -2.246733820480878063e-07
5.872636859069771162e+03 5.187958840486584303e-03 1.168774659487476374e-09 -2.252860316405007744e-07
5.920566487483602941e+03 4.447218289881896443e-03 1.003490045805802450e-09 -2.256444321810998371e-07
5.968496115897433810e+03 4.624453143911967136e-03 1.041406702196848199e-09 -2.251956436336362863e-07
6.016425744311265589e+03 4.833834420360534970e-03 1.087030615389186274e-09 -2.248795719626882469e-07
6.064355372725097368e+03 4.124362130371261870e-03 9.291620719590907815e-10 -2.252862485369223759e-07
6.112285001138928237e+03 2.372655753069047649e-03 5.345925510434686949e-10 -2.253139969217908448e-07
6.160214629552760925e+03 2.553507613257207601e-03 5.763366405267656967e-10 -2.257039053005215922e-07
6.208144257966592704e+03 5.235644708152863841e-03 1.176808157654420667e-09 -2.247685286631297604e-07
6.256073886380423573e+03 6.685675971159490798e-03 1.508217934758679561e-09 -2.255894454449772930e-07
6.304003514794255352e+03 7.050216919612876942e-03 1.594114140301114656e-09 -2.261085238195261810e-07
6.351933143208087131e+03 5.730883121336766139e-03 1.300093121005305527e-09 -2.268573784317643238e-07
6.399862771621918910e+03 5.021326540811413448e-03 1.137555632354416711e-09 -2.265448429033247227e-07
6.447792400035749779e+03 4.103997361811702847e-03 9.375043610295227455e-10 -2.284368819905047522e-07
6.495722028449581558e+03 3.544878483168962743e-03 8.124654700350347912e-10 -2.291941667091298961e-07
6.543651656863413336e+03 4.558171759027222769e-03 1.044427473766649411e-09 -2.291329789620619181e-07
6.591581285277245115e+03 4.364807719065552823e-03 1.000987184007875899e-09 -2.293313356360572910e-07
6.639510913691075984e+03 4.228795553451712881e-03 9.725156536967104070e-10 -2.299746207647480285e-07
6.687440542104907763e+03 3.438691019719612892e-03 7.965315207944892843e-10 -2.316380030152978223e-07
6.735370170518739542e+03 2.432094711768871369e-03 5.638673839726877652e-10 -2.318443361782506417e-07
6.783299798932571321e+03 1.965407193553485483e-03 4.565105473850940841e-10 -2.322727569546116569e-07
6.831229427346402190e+03 1.949175776743428731e-03 4.547747727968549940e-10 -2.333164500723822086e-07
6.879159055760233969e+03 3.402813322358499461e-03 7.980696215053036701e-10 -2.345322960450147061e-07
6.927088684174065747e+03 2.946753442434750167e-03 6.966772539884129022e-10 -2.364219700080453519e-07
6.975018312587896617e+03 9.142428902694199307e-04 2.167278691435003672e-10 -2.370572103433393232e-07
7.022947941001728395e+03 9.369298493444193137e-04 2.228490688540505309e-10 -2.378503246640936959e-07
7.070877569415560174e+03 7.512796832520076936e-04 1.792681849277374218e-10 -2.386171074821999117e-07
7.118807197829391953e+03 1.899915848610880201e-03 4.582548939738309929e-10 -2.411974689873149865e-07
7.166736826243222822e+03 3.121799902003336361e-03 7.558365485413958066e-10 -2.421156295303734120e-07
7.214666454657054601e+03 4.620648213848620005e-03 1.124585742850526003e-09 -2.433826793998321915e-07
7.262596083070886380e+03 5.241141176758029596e-03 1.277647804255707508e-09 -2.437728275516538738e-07
7.310525711484718158e+03 2.425641365982091936e-03 5.923388491052912462e-10 -2.441988570167154665e-07
7.358455339898549028e+03 5.150208214511065030e-04 1.256428590983565258e-10 -2.439568535197259580e-07
7.406384968312380806e+03 7.975257480658542618e-04 1.925533853737216799e-10 -2.414384561761157596e-07
7.454314596726212585e+03 4.568570864934731572e-04 1.092626206183850584e-10 -2.391614880202718046e-07
7.502244225140044364e+03 6.210485133561971993e-04 -1.452287242812400244e-10 -2.338444117616706821e-07
7.550173853553875233e+03 1.028280323213210225e-03 -2.261242151562810429e-10 -2.199052243357913373e-07
7.598103481967707012e+03 8.496252587840306741e-04 -1.797618995246194244e-10 -2.115778664371297298e-07
7.646033110381538791e+03 3.221846411188256619e-03 4.464460864746808735e-10 -1.385683951054718583e-07
