# Columns: yplus absP_over_phi P_term_plus PHI_term_plus | Case=jet_M16_T75 | x*=20.00 | USE_ABS=True
4.063365409548279072e-01 4.184453347778283256e-04 1.158002548939650480e-04 -2.767392662065372710e-01
1.190406734037899428e+00 9.468462535738821767e-03 2.330047416080506008e-03 -2.460850858611643432e-01
1.977707398943783668e+00 4.576575516696924223e-02 1.046330447347503488e-02 -2.286273751039679114e-01
2.769113778011921490e+00 1.296614581603692806e-01 2.756411099511198864e-02 -2.125852306937644487e-01
3.565596127360561418e+00 2.765066106098144072e-01 5.434589281116423282e-02 -1.965446420659111293e-01
4.368206919112409992e+00 4.866687440975706047e-01 8.849022096999890896e-02 -1.818284450013042119e-01
5.178068077182165219e+00 7.425290659739407495e-01 1.261814283817945803e-01 -1.699346654077282248e-01
5.996359341925141528e+00 1.008966530274584050e+00 1.627683612427259785e-01 -1.613218638664154214e-01
6.824308450419648509e+00 1.252963329981796603e+00 1.949237854372024292e-01 -1.555702236234114966e-01
7.663183442780151289e+00 1.451000128838092040e+00 2.202587595983948598e-01 -1.517978911378664308e-01
8.514287106168275443e+00 1.597857089373134531e+00 2.382412354210698413e-01 -1.491004652453216395e-01
9.378953365598819758e+00 1.696372232293123394e+00 2.489462326398100001e-01 -1.467521266268838054e-01
1.025854532074425052e+01 1.756584958981454170e+00 2.534717839179368992e-01 -1.442980498164524172e-01
1.115445459326102551e+01 1.786516171076485193e+00 2.527836035760893663e-01 -1.414952787266245682e-01
1.206810166643542104e+01 1.795017023797614186e+00 2.481752324940649512e-01 -1.382578712089397865e-01
1.300093694552266577e+01 1.787229919082413687e+00 2.405523944262795144e-01 -1.345951026546053642e-01
1.395444232483042057e+01 1.768598599578561359e+00 2.308968786685270114e-01 -1.305535799494285110e-01
1.493013310404231220e+01 1.741863152023927164e+00 2.198055694971828566e-01 -1.261899186751747060e-01
1.592956014469346826e+01 1.709982579508014133e+00 2.079155258973106046e-01 -1.215892655217170742e-01
1.695431219556906299e+01 1.673059213062215500e+00 1.955676821801315413e-01 -1.168922657687543748e-01
1.800601834331838802e+01 1.632257179229929411e+00 1.831549084356804968e-01 -1.122095897425244015e-01
1.908635056339141656e+01 1.588217605652158637e+00 1.708721783585669673e-01 -1.075873845941928836e-01
2.019702635859448847e+01 1.542127701097205872e+00 1.589461860675561167e-01 -1.030694059606527824e-01
2.133981148009322482e+01 1.494601383158235208e+00 1.474750265671889160e-01 -9.867181191520117689e-02
2.251652273015518446e+01 1.447229470741592916e+00 1.366209981138897800e-01 -9.440175236611379750e-02
2.372903084848488930e+01 1.400951969268669162e+00 1.264550157183793044e-01 -9.026363393770871213e-02
2.497926348544321939e+01 1.356975094106393387e+00 1.170676284452733945e-01 -8.627102218288372482e-02
2.626920826625505967e+01 1.315223988273337641e+00 1.084348050538447572e-01 -8.244588451903235582e-02
2.760091595078822024e+01 1.276283718195605932e+00 1.005520944807870576e-01 -7.878506404747241676e-02
2.897650369379809376e+01 1.240177796731114057e+00 9.338470604595913716e-02 -7.529945004023169686e-02
3.039815841076550740e+01 1.207116140258186254e+00 8.693047898578386279e-02 -7.201500840440305806e-02
3.186814025465557521e+01 1.177125827525247637e+00 8.111351250748241593e-02 -6.890810702710764568e-02
3.338878620911567907e+01 1.151550865667699153e+00 7.588222841595480828e-02 -6.589568092761262375e-02
3.496251380382119578e+01 1.129616740665616348e+00 7.112727929617944367e-02 -6.296585092592407729e-02
3.659182495787458578e+01 1.110122387916587350e+00 6.676978682338279014e-02 -6.014632940489778729e-02
3.827930995736723219e+01 1.091542301650003211e+00 6.273007996797384800e-02 -5.746921568971670446e-02
4.002765157342776803e+01 1.073452305160216058e+00 5.898902310251522008e-02 -5.495262604490930985e-02
4.183962932730350559e+01 1.055277442141028921e+00 5.549232382681491133e-02 -5.258553022248610431e-02
4.371812390925553871e+01 1.037364475783472795e+00 5.224633194471105940e-02 -5.036448920737511548e-02
4.566612175829301634e+01 1.019633410958079134e+00 4.924073591914879255e-02 -4.829258769863246231e-02
4.768671981002699312e+01 1.004079851549197100e+00 4.649024459302546208e-02 -4.630134199117287574e-02
4.978313042019244961e+01 9.902141509004933617e-01 4.397942086337863765e-02 -4.441405005511593618e-02
5.195868647166559384e+01 9.773318136146469381e-01 4.168170990037305124e-02 -4.264847344548611252e-02
5.421684667309599348e+01 9.654401517916799680e-01 3.953571497629424641e-02 -4.095097443681330884e-02
5.656120105757670302e+01 9.544857311674125322e-01 3.748998789931795583e-02 -3.927768291880560231e-02
5.899547669009495365e+01 9.439845112126621363e-01 3.556414855986394369e-02 -3.767450433501021850e-02
6.152354359283638985e+01 9.355788586259865536e-01 3.387674068325131904e-02 -3.620939097854723732e-02
6.414942089776364753e+01 9.332108418760622914e-01 3.248923918912226261e-02 -3.481446821150100540e-02
6.687728323625024984e+01 9.359606993669596919e-01 3.136608932899518504e-02 -3.351218630249085118e-02
6.971146737592768261e+01 9.416689540738935049e-01 3.041284274252221628e-02 -3.229674569916392984e-02
7.265647911529821101e+01 9.475435373331566602e-01 2.951282007337488120e-02 -3.114666388463600832e-02
7.571700044707301913e+01 9.509027321384839748e-01 2.853851861898634018e-02 -3.001202715529705314e-02
7.889789700162511110e+01 9.515523035402450036e-01 2.746467235298831813e-02 -2.886301914335781538e-02
8.220422578238988365e+01 9.495067495835147753e-01 2.638974723144363321e-02 -2.779311178463876597e-02
8.564124320551195524e+01 9.453349931086336699e-01 2.533495993768548546e-02 -2.679998108858126782e-02
8.921441345651828669e+01 9.410320248500639861e-01 2.439676119083065975e-02 -2.592553765076999542e-02
9.292941717730498397e+01 9.419461980127009637e-01 2.366235292755479100e-02 -2.512070538368024047e-02
9.679216049724681170e+01 9.460216147775949436e-01 2.304813822010772645e-02 -2.436322580803423898e-02
1.008087844227879089e+02 9.470773225802203710e-01 2.234777977269444826e-02 -2.359657362696647442e-02
1.049856746004407597e+02 9.444569869347775315e-01 2.159449766153481720e-02 -2.286445858335959744e-02
1.093294714687157239e+02 9.422099648405583006e-01 2.088883374608633062e-02 -2.217004120692054117e-02
1.138470808151192699e+02 9.330444509429582922e-01 2.008236749997486734e-02 -2.152348420236476281e-02
1.185456847550057375e+02 9.242263888784776338e-01 1.926745239764373133e-02 -2.084711346645732113e-02
1.234327531497360724e+02 9.224776627978705790e-01 1.860527061611841684e-02 -2.016880339377401937e-02
1.285160554822964514e+02 9.257661071094047678e-01 1.813154505709783579e-02 -1.958544919484192515e-02
1.338036732092569707e+02 9.228708852862355094e-01 1.753692414601047342e-02 -1.900257601102158661e-02
1.393040126087069837e+02 9.188326209309779502e-01 1.695984876407531303e-02 -1.845803944889471207e-02
1.450258181445929893e+02 9.169024426074808831e-01 1.647347401133290520e-02 -1.796644140731673903e-02
1.509781863687067585e+02 9.234797571706112596e-01 1.614419247018480247e-02 -1.748191267304865376e-02
1.571705803824229406e+02 9.256631507383771273e-01 1.576396020927726613e-02 -1.702991006685614442e-02
1.636128448811802230e+02 9.187690241635839694e-01 1.523633509648334404e-02 -1.658342270556409370e-02
1.703152218056214053e+02 9.236167872606081408e-01 1.487409886838524271e-02 -1.610418852660844974e-02
1.772883666242760512e+02 9.353646352942497355e-01 1.463856546423338012e-02 -1.565011644857445053e-02
1.845433652736715544e+02 9.426499004480637378e-01 1.435520540879332320e-02 -1.522856513533810997e-02
1.920917517828041809e+02 9.393139418541336383e-01 1.390468434461798221e-02 -1.480302135957995216e-02
1.999455266099895994e+02 9.337731596979372828e-01 1.345429939627558816e-02 -1.440853086913300093e-02
2.081171757212444788e+02 9.347035972047632590e-01 1.311341187993435124e-02 -1.402948690809588048e-02
2.166196904405306327e+02 9.111312444038731639e-01 1.244694131035196417e-02 -1.366097517432369318e-02
2.254665881034197810e+02 8.897183078858446059e-01 1.183736286679349173e-02 -1.330461873367709373e-02
2.346719335470134524e+02 8.804626167362774591e-01 1.139162850687503066e-02 -1.293823075544288902e-02
2.442503614702845596e+02 8.674015933470590189e-01 1.089084556596001466e-02 -1.255571312007313853e-02
2.542170997003900368e+02 8.579399628270191203e-01 1.047733909445772507e-02 -1.221220545541856599e-02
2.645879934019474717e+02 8.319073480937922982e-01 9.920013416859071662e-03 -1.192442095816258207e-02
2.753795302677748964e+02 8.065364939811960898e-01 9.359562207583329088e-03 -1.160463572005650777e-02
2.866088667311730092e+02 7.790280131785012330e-01 8.788082022739169066e-03 -1.128082928222701349e-02
2.982938552414963738e+02 7.638240363386396004e-01 8.389023509417189647e-03 -1.098292683957635511e-02
3.104530726465577004e+02 7.394654855888206368e-01 7.946897028163367113e-03 -1.074681264107333126e-02
3.231058497274044043e+02 7.050579650274437782e-01 7.398073863818625806e-03 -1.049285907085761686e-02
3.362723019333299135e+02 6.817087452340875320e-01 6.977389181646448391e-03 -1.023514694570997266e-02
3.499733613678545794e+02 6.722986320721424658e-01 6.711812615956347719e-03 -9.983379849025369665e-03
3.642308100801323008e+02 6.511076813636432759e-01 6.305987357994566160e-03 -9.685014535211228237e-03
3.790673147210940215e+02 6.398050467399366559e-01 6.044501448643364513e-03 -9.447411331690058409e-03
3.945064626294746404e+02 6.109374499800857006e-01 5.633151877708303910e-03 -9.220505107179014295e-03
4.105727994179999314e+02 5.846272037812214606e-01 5.281653884954645890e-03 -9.034225316225859628e-03
4.272918681287517870e+02 5.334713367607828438e-01 4.678162880945394356e-03 -8.769286292588870935e-03
4.446902500044901672e+02 5.521448826431355483e-01 4.728315153362781971e-03 -8.563540661154339304e-03
4.627956068472059883e+02 5.883250731747615703e-01 4.936701405601944329e-03 -8.391111701158962197e-03
4.816367247425895926e+02 5.728125973515734159e-01 4.680928845796369572e-03 -8.171832930069745579e-03
5.012435585043476181e+02 6.003067188868275172e-01 4.754750690918336728e-03 -7.920535521800020975e-03
5.216472753461229104e+02 5.660267823072199223e-01 4.323240037357355819e-03 -7.637871868421323637e-03
5.428802947374996393e+02 5.719843775420290211e-01 4.256162329870029695e-03 -7.441046463821102824e-03
5.649763187631266419e+02 5.563134056031368013e-01 3.991014986197955958e-03 -7.174040650469366322e-03
5.879703431359405386e+02 4.804670801547122339e-01 3.357472716031639597e-03 -6.987934979750372311e-03
6.118986329062817049e+02 5.327926845547589219e-01 3.600086327491560951e-03 -6.757011557882143526e-03
6.367986386621872725e+02 5.210740570386455106e-01 3.413140330630838517e-03 -6.550202000130861228e-03
6.627088189155249438e+02 4.111302870684493960e-01 2.605991268523972799e-03 -6.338602021042782572e-03
6.896683234884420699e+02 3.030191252432768434e-01 1.866226365529651812e-03 -6.158774183086182172e-03
7.177164831881858618e+02 2.792469739942810003e-01 1.667462091178920514e-03 -5.971280788930125906e-03
7.468920461577108654e+02 3.783112664044623319e-01 2.187761853821059300e-03 -5.782967751962392496e-03
7.772321051503208764e+02 3.844766162337081572e-01 2.158642301851677447e-03 -5.614495682461801210e-03
8.087706768401912996e+02 1.542220563006843348e-01 8.413740806728209473e-04 -5.455601493423269284e-03
8.415369272482987526e+02 2.732186453519394598e-01 1.443975876993534337e-03 -5.285056131998292286e-03
8.755530868581757886e+02 3.567010184213516011e-01 1.822184362144865441e-03 -5.108436107665994229e-03
9.108321613520297433e+02 3.133453058201221553e-01 1.525294453198866628e-03 -4.867775022851216979e-03
9.473756106513114901e+02 4.464741834216685024e-01 2.082942190117492882e-03 -4.665313846714126689e-03
9.851712273822147381e+02 7.187381865252260305e-01 3.202225251057423065e-03 -4.455343143153048940e-03
1.024191481134410196e+03 8.413707673896111405e-01 3.530123902799007889e-03 -4.195681665707697884e-03
1.064392593358478052e+03 1.089521009981067046e+00 4.311140574426024739e-03 -3.956913666585411271e-03
1.105714561197069770e+03 1.285645504014174545e+00 4.740002703638657860e-03 -3.686866005317122191e-03
1.148082257465031034e+03 1.466342495113670985e+00 4.943431202222891077e-03 -3.371266411971287746e-03
1.191407609196486646e+03 1.465935621666732969e+00 4.453000951468302077e-03 -3.037651098487769308e-03
1.235592718614093883e+03 1.441481706915901828e+00 3.864611173929986734e-03 -2.680999110421214589e-03
1.280533663184948182e+03 1.373765881627384999e+00 3.241957809479280653e-03 -2.359905608981062875e-03
1.326124620102382551e+03 1.185639801378409963e+00 2.391807107375030009e-03 -2.017313440890180012e-03
1.372261922851613690e+03 9.512588541553689270e-01 1.616023810151964463e-03 -1.698826563445599925e-03
1.418847680063155167e+03 7.066567028142969331e-01 9.781693421572167091e-04 -1.384221416511874402e-03
1.465792663506478448e+03 5.723151262103036707e-01 6.152329031864417139e-04 -1.074989765272021469e-03
1.513018285877671360e+03 3.857178002845248477e-01 3.038395681126987869e-04 -7.877250359941165118e-04
1.560457616824620573e+03 2.509004284832064280e-01 1.398391284974928660e-04 -5.573491019639798547e-04
1.608055503902517557e+03 1.480062951168121810e-01 5.628987979853833959e-05 -3.803208488808684480e-04
1.655767955296410264e+03 7.553987088899812019e-02 1.863601809636225435e-05 -2.467043943422527960e-04
1.703560992979673756e+03 4.406537299599673496e-02 6.990817763216841499e-06 -1.586465128492602365e-04
1.751409197460834093e+03 4.041682269553256712e-02 3.955598762299581405e-06 -9.787010701206875834e-05
1.799294144985512048e+03 3.118779277908806380e-02 1.672008117989098531e-06 -5.361097945700754792e-05
1.847202896151261029e+03 2.207079362337778516e-02 5.997343857878586522e-07 -2.717321343409278607e-05
1.895126643648578920e+03 2.080884191092387606e-02 2.814692939610383093e-07 -1.352642761985121657e-05
1.943059576862473705e+03 2.056037645996654228e-02 1.356551530433195465e-07 -6.597892470862874973e-06
1.990997979598791744e+03 1.186422013091333397e-02 4.384026885905018109e-08 -3.695166506968314564e-06
2.038939547700061894e+03 3.153944427423476665e-02 6.936352584240799754e-08 -2.199262778357592038e-06
2.086882896015843016e+03 7.094473350333545258e-02 1.090534191328454463e-07 -1.537160177333223967e-06
2.134827217160964665e+03 6.068009198805973670e-02 7.043056870774245387e-08 -1.160686584351278747e-06
2.182772054797285818e+03 4.394385963118827010e-02 4.011400668327279821e-08 -9.128466871126332773e-07
2.230717158813260994e+03 5.137999779338652678e-02 3.793856771886214255e-08 -7.383917740017006431e-07
2.278662396274752155e+03 3.307329119695022468e-02 2.030195906581056125e-08 -6.138475588931608694e-07
2.326607698663505744e+03 3.477864803990331211e-02 1.819990754073573959e-08 -5.233069301559410680e-07
2.374553031730294606e+03 3.420287629072635976e-02 1.565969615120558682e-08 -4.578473464657561485e-07
2.422498378872584908e+03 3.281535458732726812e-02 1.338090918848931692e-08 -4.077636629791834170e-07
2.470443732285275928e+03 3.161140743815495091e-02 1.172214488987640172e-08 -3.708200880587106952e-07
2.518389088409918713e+03 4.308517491615188044e-02 1.477086601623368655e-08 -3.428294313526471400e-07
2.566334445673191567e+03 3.578662712514200234e-02 1.153468018574092927e-08 -3.223181705670497760e-07
2.614279803400507717e+03 2.983581800599599543e-02 9.092651768631344739e-09 -3.047562418702255101e-07
2.662225161311378088e+03 2.549631139916094455e-02 7.411109933496848923e-09 -2.906738083588334290e-07
2.710170519292712925e+03 1.897097657603331530e-02 5.299076922089292995e-09 -2.793254686099712143e-07
2.758115877300296233e+03 1.671241629759604927e-02 4.531935434334050950e-09 -2.711717655684495374e-07
2.806061235317366936e+03 1.520083779506802360e-02 4.019930458793720626e-09 -2.644545329006802465e-07
2.854006593337765025e+03 7.926767693079466576e-03 2.056745679453787562e-09 -2.594683935609021743e-07
2.901951951359294981e+03 2.629758388682079673e-02 6.663044405786309471e-09 -2.533709725753755353e-07
2.949897309381198738e+03 2.508306643789865245e-02 6.295036878246914734e-09 -2.509675957615605344e-07
2.997842667403221185e+03 2.561274048187739752e-02 6.334440905977215972e-09 -2.473160148738954990e-07
3.045788025425281830e+03 2.558521196753068758e-02 6.290174004076439981e-09 -2.458519402559214139e-07
3.093733383447352480e+03 2.458116080024137437e-02 6.003356676447690163e-09 -2.442259226581659223e-07
3.141678741469427678e+03 2.071096277714242623e-02 5.028336361218459321e-09 -2.427862198066409252e-07
3.189624099491502875e+03 1.755792800306368862e-02 4.248334143966488395e-09 -2.419610185908722021e-07
3.237569457513578527e+03 2.065097443976355099e-02 4.975954406480775352e-09 -2.409549448136234645e-07
3.285514815535653725e+03 1.755836547022611438e-02 4.243266235062146337e-09 -2.416663579680860649e-07
3.333460173557729377e+03 1.751719387370813050e-02 4.224653927212074410e-09 -2.411718428002862509e-07
3.381405531579804574e+03 1.453889991710561290e-02 3.504455100263855523e-09 -2.410399081254228984e-07
3.429350889601880226e+03 1.278387061656282783e-02 3.074183564612605972e-09 -2.404736137292943739e-07
3.477296247623955423e+03 1.247183914969699110e-02 3.001175371836825298e-09 -2.406361512375454436e-07
3.525241605646030621e+03 1.261298233252780392e-02 3.037252233632051882e-09 -2.408036540096657104e-07
3.573186963668106273e+03 1.512397373911170823e-02 3.655471132121596532e-09 -2.417004416417544715e-07
3.621132321690181470e+03 1.618520427484606769e-02 3.913129926417662342e-09 -2.417720443911344339e-07
3.669077679712257122e+03 1.563993263147003474e-02 3.775610812163291586e-09 -2.414083807858712811e-07
3.717023037734332320e+03 1.318958500366980077e-02 3.192101844029141029e-09 -2.420168521709354392e-07
3.764968395756407972e+03 9.172312264984707961e-03 2.225828393485312709e-09 -2.426681876043852482e-07
3.812913753778483169e+03 6.015598099576218404e-03 1.456022949811878256e-09 -2.420412610201553976e-07
3.860859111800559276e+03 5.191809115677094993e-03 1.263102472604871730e-09 -2.432875409056988992e-07
3.908804469822634474e+03 8.504976122858127346e-03 2.078555965647447523e-09 -2.443929219343817787e-07
3.956749827844710126e+03 9.375549340895232564e-03 2.290211256763004369e-09 -2.442748871016363790e-07
4.004695185866785323e+03 9.677634368163705314e-03 2.354614785591022734e-09 -2.433047887546718584e-07
4.052640543888860975e+03 1.219148182819349349e-02 2.974840330601615551e-09 -2.440097415986076991e-07
4.100585901910936627e+03 1.022852857660081632e-02 2.497782418954565361e-09 -2.441976282559927867e-07
4.148531259933011825e+03 1.133251297472296151e-02 2.768270594011760145e-09 -2.442768519379907595e-07
4.196476617955087022e+03 1.148690823732512883e-02 2.812417201234576608e-09 -2.448367431103883560e-07
4.244421975977162219e+03 1.095119633220857994e-02 2.683414618754506961e-09 -2.450339248199132399e-07
4.292367333999238326e+03 1.110194919068540308e-02 2.713723640636020098e-09 -2.444366835071492992e-07
4.340312692021313524e+03 1.050999941599147815e-02 2.567675482245107247e-09 -2.443078615530904040e-07
4.388258050043388721e+03 8.913030901214570589e-03 2.170310516823564787e-09 -2.434985967038236764e-07
4.436203408065463918e+03 9.605673092877653821e-03 2.344387755368205424e-09 -2.440628296112331310e-07
4.484148766087539116e+03 8.575189669138874940e-03 2.101884250002241964e-09 -2.451122751916126663e-07
4.532094124109615223e+03 7.312983472025517094e-03 1.798165324471729337e-09 -2.458866933516645297e-07
4.580039482131690420e+03 7.419314738911724980e-03 1.830087805244521081e-09 -2.466653416987888523e-07
4.627984840153765617e+03 6.998496668216295548e-03 1.732773195980531491e-09 -2.475922013151665592e-07
4.675930198175840815e+03 5.603903944494927937e-03 1.387600978265437481e-09 -2.476132696079786286e-07
4.723875556197916012e+03 5.382236902077274301e-03 1.338085468897604777e-09 -2.486114032589629673e-07
4.771820914219992119e+03 6.922645392171168643e-03 1.721544014746967757e-09 -2.486829697638224927e-07
4.819766272242067316e+03 7.391071055471772934e-03 1.844578594840374098e-09 -2.495685105712509564e-07
4.867711630264142514e+03 7.629743502348565118e-03 1.904629093978658662e-09 -2.496321263476788365e-07
4.915656988286217711e+03 6.510955206960654038e-03 1.624090877355559741e-09 -2.494397251603414813e-07
4.963602346308293818e+03 6.956308825880093936e-03 1.731865828529072870e-09 -2.489633326924587424e-07
5.011547704330369015e+03 9.747035262616547679e-03 2.427009229252925585e-09 -2.489997382651723152e-07
5.059493062352444213e+03 6.744023610887300846e-03 1.671408095835661296e-09 -2.478354454657309231e-07
5.107438420374519410e+03 4.085008319139565684e-03 1.013984738474424457e-09 -2.482209727024502604e-07
5.155383778396594607e+03 4.043884160427863896e-03 1.006875722001015354e-09 -2.489872810536893868e-07
5.203329136418670714e+03 4.264085784932514743e-03 1.062980377491312184e-09 -2.492868181140814966e-07
5.251274494440745912e+03 5.310287899650540169e-03 1.322968511733903133e-09 -2.491331047834459638e-07
5.299219852462821109e+03 5.412655823489713643e-03 1.347744962421510766e-09 -2.489988291094732978e-07
5.347165210484896306e+03 6.236313488892255945e-03 1.550439639017928084e-09 -2.486147692510130148e-07
5.395110568506972413e+03 6.814373711958881044e-03 1.691162450687211660e-09 -2.481757711232225429e-07
5.443055926529047611e+03 5.920658554129863173e-03 1.478696454271319743e-09 -2.497520234872990631e-07
5.491001284551122808e+03 5.846185645570036067e-03 1.470253111350166965e-09 -2.514892958392889164e-07
5.538946642573198005e+03 5.479227003873393502e-03 1.371268411822900010e-09 -2.502667640624340486e-07
5.586892000595273203e+03 4.205800160691154817e-03 1.058449964873893368e-09 -2.516643502861901141e-07
5.634837358617349309e+03 3.803516458312609927e-03 9.608117124495732522e-10 -2.526114249748316512e-07
5.682782716639424507e+03 3.786013217050937085e-03 9.591638639436411159e-10 -2.533440347286395916e-07
5.730728074661499704e+03 4.773779641083416951e-03 1.214405665644868734e-09 -2.543908091596070138e-07
5.778673432683574902e+03 4.340654213538170866e-03 1.102893164026813571e-09 -2.540845480358636827e-07
5.826618790705651008e+03 3.870847214493387638e-03 9.830781376583665268e-10 -2.539697598958399548e-07
5.874564148727726206e+03 4.502115564029911428e-03 1.149940425173552825e-09 -2.554222362395832740e-07
5.922509506749801403e+03 3.073633281242611325e-03 7.857558536063381100e-10 -2.556439827748975803e-07
5.970454864771876601e+03 2.527450351920209216e-03 6.465841670871105839e-10 -2.558246758817136410e-07
6.018400222793951798e+03 1.660560387578943059e-03 4.247370939801310840e-10 -2.557793725282026815e-07
6.066345580816027905e+03 6.439378194492586908e-04 1.647201876439106172e-10 -2.558013874457490268e-07
6.114290938838103102e+03 2.602366915453926694e-03 6.630251829540113445e-10 -2.547777482939453069e-07
6.162236296860179209e+03 3.475424068778543586e-03 8.911604176458211891e-10 -2.564177493191569882e-07
6.210181654882254406e+03 3.921968393646390293e-03 1.004124670819311604e-09 -2.560256917026661703e-07
6.258127012904329604e+03 2.467976121714504558e-03 6.346981716044129641e-10 -2.571735463807841558e-07
6.306072370926404801e+03 1.059867726335734324e-03 2.728381988562179269e-10 -2.574266505873309189e-07
6.354017728948480908e+03 2.948999222274927088e-03 7.603872376386881474e-10 -2.578458589935156546e-07
6.401963086970556105e+03 3.119923610802229682e-03 8.071202910135085771e-10 -2.586987348725415766e-07
6.449908444992631303e+03 1.784277446899594716e-03 4.602803238578568107e-10 -2.579645473060545952e-07
6.497853803014706500e+03 1.781489136439415571e-03 4.600075329496089720e-10 -2.582151771461295085e-07
6.545799161036782607e+03 1.291243837046539798e-03 3.347633219193966075e-10 -2.592564721819701201e-07
6.593744519058857804e+03 5.879577620668698492e-04 1.529771280921078482e-10 -2.601838736754518769e-07
6.641689877080933002e+03 2.883240157829377410e-04 7.497691494741953281e-11 -2.600439465433405189e-07
6.689635235103008199e+03 2.370793184575014560e-04 6.202331555962577696e-11 -2.616141971520978442e-07
6.737580593125083396e+03 1.629680093336829038e-03 4.280757256282978208e-10 -2.626746975547803760e-07
6.785525951147159503e+03 1.841673401469259526e-05 4.835691212079223421e-12 -2.625705083334201113e-07
6.833471309169234701e+03 2.164344799211092175e-03 -5.712116433532840149e-10 -2.639189668677060087e-07
6.881416667191309898e+03 1.903759425532289620e-03 -5.020970263205982278e-10 -2.637397454671628433e-07
6.929362025213385095e+03 8.403055739035623537e-05 -2.228434290697780726e-11 -2.651933248932044966e-07
6.977307383235461202e+03 1.784189605149573291e-03 4.724261674882517912e-10 -2.647847325893634921e-07
7.025252741257536400e+03 1.465903706293370965e-03 3.905209866812898371e-10 -2.664028919530782512e-07
7.073198099279611597e+03 7.094670568878261308e-04 1.900984002218036493e-10 -2.679453519035769865e-07
7.121143457301686794e+03 5.558877960818344854e-04 -1.492187865601007560e-10 -2.684332838602804100e-07
7.169088815323761992e+03 9.930980978605590502e-04 -2.672262591006949802e-10 -2.690834467172811364e-07
7.217034173345838099e+03 1.700060240872827309e-04 -4.593498561892695126e-11 -2.701962231370312245e-07
7.264979531367913296e+03 5.537222505555477537e-04 -1.503435278855299022e-10 -2.715143336477642332e-07
7.312924889389988493e+03 4.285449868430569196e-04 -1.167470843927781909e-10 -2.724266715912690782e-07
7.360870247412063691e+03 8.054381637840169568e-04 -2.198057446870475704e-10 -2.729020731453566946e-07
7.408815605434139798e+03 1.329202872884229338e-03 -3.600192067141371100e-10 -2.708534671858883121e-07
7.456760963456214995e+03 7.702265624758375482e-04 -2.058148518798107289e-10 -2.672133913666048998e-07
7.504706321478290192e+03 1.732863793162390652e-03 -4.581847043046014437e-10 -2.644089547675510158e-07
7.552651679500365390e+03 4.791676514924193483e-03 -1.186001893915890165e-09 -2.475129300197872837e-07
7.600597037522440587e+03 5.825220289661465697e-03 1.376179586146626195e-09 -2.362450718969468005e-07
7.648542395544516694e+03 1.879709321384224812e-03 2.848807926328640939e-10 -1.515557694968905371e-07
