# Columns: yplus absP_over_phi P_term_plus PHI_term_plus | Case=jet_M08_T05 | x*=5.00 | USE_ABS=True
4.266781351843701442e-01 6.295826406869954855e-04 3.295961857718271546e-04 -5.235153647377800423e-01
1.249999628870868795e+00 1.357727632040655469e-02 5.820487111797876568e-03 -4.286932794502917865e-01
2.076713314876287075e+00 6.375178333507167117e-02 2.374277507880387730e-02 -3.724252693295608818e-01
2.907738251005147045e+00 1.705797852487586919e-01 5.602787852055206297e-02 -3.284555578426006650e-01
3.744093265321036146e+00 3.331228576567972777e-01 9.831445436435462537e-02 -2.951297159729697750e-01
4.586883517703482127e+00 5.293685332983620873e-01 1.437033229205758045e-01 -2.714617773466748707e-01
5.437287096646858942e+00 7.317334498933500964e-01 1.868868901079116518e-01 -2.554029614679366733e-01
6.296542801432234882e+00 9.167839240938758794e-01 2.238357188864735225e-01 -2.441531892127216385e-01
7.165939830825342582e+00 1.074564508092539894e+00 2.530592732428387226e-01 -2.354993779685171373e-01
8.046809704236439487e+00 1.201916290266431986e+00 2.739660942715415048e-01 -2.279410775028356539e-01
8.940520427593217079e+00 1.302679530550944875e+00 2.874428656458398734e-01 -2.206550873830581128e-01
9.848472703467130884e+00 1.379344639922453375e+00 2.942711349850181679e-01 -2.133412683588360170e-01
1.077209786959844529e+01 1.435986540322319538e+00 2.957954217103124228e-01 -2.059876004436076435e-01
1.171285721354910336e+01 1.474280595181019615e+00 2.928486542309169938e-01 -1.986383427877645991e-01
1.267224232935154049e+01 1.497957683577868737e+00 2.865854903974963119e-01 -1.913174808202775523e-01
1.365177623092940529e+01 1.509641117995045745e+00 2.777642995817136140e-01 -1.839935970680318666e-01
1.465301499763074133e+01 1.512148256645885924e+00 2.672601472257382094e-01 -1.767420264852542500e-01
1.567754978648448372e+01 1.505066445842724976e+00 2.555932481899501063e-01 -1.698219031431777992e-01
1.672700909663123170e+01 1.489697539279688288e+00 2.433373209718850128e-01 -1.633467966185576381e-01
1.780306121113344275e+01 1.467202890573087615e+00 2.307053943289514852e-01 -1.572416438184893739e-01
1.890741677026959877e+01 1.440599875476116454e+00 2.179878597140142427e-01 -1.513174222939381586e-01
2.004183145017305634e+01 1.411303143736558852e+00 2.053249032332810919e-01 -1.454860383075913532e-01
2.120810873347637582e+01 1.379966352971542909e+00 1.929798182169821519e-01 -1.398438576429273938e-01
2.240810276653020239e+01 1.346780276113112240e+00 1.810570741357926949e-01 -1.344369808105106423e-01
2.364372130245390125e+01 1.311733957432549724e+00 1.696615465418232216e-01 -1.293414305396964059e-01
2.491692873196327795e+01 1.274879000665077644e+00 1.587866791673964995e-01 -1.245503919074365529e-01
2.622974920543214594e+01 1.238562084419770670e+00 1.484996530191672881e-01 -1.198968181629223168e-01
2.758426985049712954e+01 1.203391899400644283e+00 1.387420467281466341e-01 -1.152924885045743114e-01
2.898264409001813391e+01 1.167997950680371710e+00 1.295026215401945680e-01 -1.108757266780800999e-01
3.042709506553396537e+01 1.130960759069297161e+00 1.208328045513681892e-01 -1.068408462295414030e-01
3.191991917159720415e+01 1.095788084191420042e+00 1.128801501626866405e-01 -1.030127556515461479e-01
3.346348970658294064e+01 1.062896960204115393e+00 1.055618152674623195e-01 -9.931519161292036435e-02
3.506026064576564494e+01 1.031344578867182671e+00 9.870799120676704286e-02 -9.570806229978616464e-02
3.671277054265868145e+01 9.984673803730101938e-01 9.207864488812220194e-02 -9.221998304413631109e-02
3.842364656481755958e+01 9.626876489366105183e-01 8.564156879266422717e-02 -8.896090947802677562e-02
4.019560867052235409e+01 9.250708470180328824e-01 7.948708007681058729e-02 -8.592539731744579246e-02
4.203147393297943779e+01 8.899211690913082506e-01 7.386595074634022540e-02 -8.300280217152737616e-02
4.393416101891693160e+01 8.563999917744972157e-01 6.870386344422756142e-02 -8.022403561899882352e-02
4.590669482869393647e+01 8.233362337248458784e-01 6.387103328685579673e-02 -7.757588050983448003e-02
4.795221130530064357e+01 7.918209864678890098e-01 5.939657540915405792e-02 -7.501263091561514995e-02
5.007396241989426500e+01 7.616456003852795087e-01 5.525800832463445555e-02 -7.255081404879397400e-02
5.227532134179728729e+01 7.318923658419534961e-01 5.144268159366056914e-02 -7.028722254054664553e-02
5.455978780117689553e+01 7.037617157996871597e-01 4.795005639373202400e-02 -6.813393698070971394e-02
5.693099365293169001e+01 6.795253253698964047e-01 4.488800046339069122e-02 -6.605787714969434121e-02
5.939270865063042493e+01 6.566980817108957202e-01 4.212914501989482863e-02 -6.415298931608838517e-02
6.194884643968324411e+01 6.353623811790938269e-01 3.952200888604329165e-02 -6.220388561988683673e-02
6.460347077927212922e+01 6.122228035754503361e-01 3.695709260521010120e-02 -6.036542969222398469e-02
6.736080200293353926e+01 5.907851034227489251e-01 3.465336557139068324e-02 -5.865646471216747621e-02
7.022522372806342617e+01 5.650508898818045189e-01 3.230023731956171290e-02 -5.716341288537422211e-02
7.320128982501118742e+01 5.394387403496546662e-01 3.007718499870663115e-02 -5.575644229632290005e-02
7.629373165684334879e+01 5.228577971185948137e-01 2.842254606116326535e-02 -5.435999275098589434e-02
7.950746560128530405e+01 5.062160696701295537e-01 2.681825368876735588e-02 -5.297787900380798026e-02
8.284760086680049085e+01 4.809602148779038022e-01 2.487007146980346750e-02 -5.170920733249623202e-02
8.631944761523249099e+01 4.562583963088117089e-01 2.304926123088051754e-02 -5.051799904911770389e-02
8.992852540392426874e+01 4.322946250269765200e-01 2.131011225999611750e-02 -4.929534402299427104e-02
9.368057196073426951e+01 4.080510567371816721e-01 1.970230645077926043e-02 -4.828392458610678700e-02
9.758155230590209328e+01 3.954236586698489653e-01 1.870795768333693293e-02 -4.731117441548120944e-02
1.016376682352639165e+02 3.904829958537503476e-01 1.810784424358702002e-02 -4.637293924667861000e-02
1.058553681798950947e+02 3.781999151862835973e-01 1.725409966407764201e-02 -4.562163811057196733e-02
1.102413574578541215e+02 3.746799413249961574e-01 1.677066235919628598e-02 -4.475996846772607729e-02
1.148026089343274379e+02 3.859902012328010334e-01 1.696696924051312866e-02 -4.395699472764567906e-02
1.195463741071210677e+02 3.907151603468524970e-01 1.685663644673110820e-02 -4.314303143949377306e-02
1.244801946351241355e+02 3.777434480111596105e-01 1.599506999827550111e-02 -4.234373907076467020e-02
1.296119143280715207e+02 3.730325379284800125e-01 1.541199246248732731e-02 -4.131541057536971401e-02
1.349496916166672236e+02 3.763643881222268894e-01 1.524473402886915817e-02 -4.050525105451349694e-02
1.405020125228939492e+02 3.790383628086494983e-01 1.510286848816184274e-02 -3.984522404605848889e-02
1.462777041511281482e+02 3.779274858724317454e-01 1.477428668297786629e-02 -3.909291394583796347e-02
1.522859487215096692e+02 3.991673955465624424e-01 1.530861056066731320e-02 -3.835135517445231734e-02
1.585362981678763390e+02 4.096779278897982879e-01 1.540869562565348565e-02 -3.761173003637716811e-02
1.650386893234702370e+02 4.115971347950466708e-01 1.515868052633534413e-02 -3.682892626034327266e-02
1.718034597185595658e+02 4.491545511730227203e-01 1.620743936402405105e-02 -3.608432625628821278e-02
1.788413640150900505e+02 4.975165002663657909e-01 1.761695753866342196e-02 -3.540979551277487897e-02
1.861635911044939462e+02 5.522867919332261621e-01 1.919793208949209171e-02 -3.476080248504875153e-02
1.937817818958393161e+02 6.090892086293070440e-01 2.067615015401539497e-02 -3.394601293387704971e-02
2.017080478225987861e+02 6.325102423184612022e-01 2.093868503729854127e-02 -3.310410430754126554e-02
2.099549900974604384e+02 6.420589952732433936e-01 2.078287569747631555e-02 -3.236910603305490769e-02
2.185357197457911980e+02 7.094973342366128755e-01 2.246973577092545651e-02 -3.166993685057587632e-02
2.274638784496031008e+02 7.769179353809563260e-01 2.404962073271241577e-02 -3.095516223463145103e-02
2.367536602351603676e+02 8.760820729494901427e-01 2.660635745607435598e-02 -3.036970881791839494e-02
2.464198340387049768e+02 9.897801936977580484e-01 2.930270669447092649e-02 -2.960526678655572147e-02
2.564777671861783119e+02 1.122742837153273943e+00 3.247147188422801201e-02 -2.892155782223448934e-02
2.669434498242675318e+02 1.216535691917245865e+00 3.435871087381839328e-02 -2.824307671538142314e-02
2.778335203416216928e+02 1.294432645583339259e+00 3.549714997475690581e-02 -2.742294092772979211e-02
2.891652918206640379e+02 1.346123276755415432e+00 3.580735235828080149e-02 -2.660035152544712803e-02
3.009567795620857282e+02 1.465466646045617605e+00 3.791930587339244207e-02 -2.587524320373517026e-02
3.132267297258585472e+02 1.645517731074011669e+00 4.130385053977829457e-02 -2.510082374671205457e-02
3.259946491344890092e+02 1.830335795118236852e+00 4.431328620626552584e-02 -2.421046800508152436e-02
3.392808362863340790e+02 1.966910733522525989e+00 4.546225059325239432e-02 -2.311353017624464407e-02
3.531064136292366129e+02 2.075577957280161812e+00 4.584489922413290119e-02 -2.208777514876293646e-02
3.674933611477544559e+02 2.199861788856079414e+00 4.587820583656607859e-02 -2.085504010705262895e-02
3.824645513211672210e+02 2.367880418161599998e+00 4.648942471615652439e-02 -1.963334987678578766e-02
3.980437855145387971e+02 2.538643176099463883e+00 4.663506002799049088e-02 -1.837007282750292847e-02
4.142558318712455616e+02 2.666896617972275063e+00 4.564636204113023399e-02 -1.711590983074424283e-02
4.311264647807630013e+02 2.787048385797026739e+00 4.401455904304629047e-02 -1.579253495107843866e-02
4.486825059941866130e+02 2.819308837692998893e+00 4.050141274013746573e-02 -1.436572403798060289e-02
4.669518674366045161e+02 2.871498701651435503e+00 3.670283853847396138e-02 -1.278177089802119346e-02
4.859635956861600334e+02 2.882212338659201123e+00 3.222515345498472294e-02 -1.118070068008098113e-02
5.057479178874085619e+02 2.798212023610350929e+00 2.690263413816778096e-02 -9.614222907761314427e-03
5.263362884205595265e+02 2.612719317184507339e+00 2.096090290205548587e-02 -8.022638621833732414e-03
5.477614347596538664e+02 2.358364905832023961e+00 1.540024009231028002e-02 -6.530049719713379615e-03
5.700573993237991317e+02 2.052267131856331250e+00 1.064813165064299252e-02 -5.188472536229466608e-03
5.932595713560990589e+02 1.795567888442423321e+00 7.166920616098283736e-03 -3.991450650365146839e-03
6.174046984882090783e+02 1.539017590758799958e+00 4.591753859885475825e-03 -2.983561648324987037e-03
6.425308612334282543e+02 1.327310657218468970e+00 2.972294076591887237e-03 -2.239335652454316119e-03
6.686773849918981796e+02 1.162739962064938792e+00 1.934817325611517267e-03 -1.664015505389035551e-03
6.958846535452179296e+02 1.004297949308976090e+00 1.223978455239030415e-03 -1.218740370904082028e-03
7.241937765929172883e+02 8.536860836240952599e-01 7.423104392154728426e-04 -8.695355979849091503e-04
7.536460538799125288e+02 6.808898699952694589e-01 4.109702230599045626e-04 -6.035781132457732328e-04
7.842821733180975343e+02 4.631034236211759025e-01 1.850753780924155431e-04 -3.996415674175827050e-04
8.161410845593333079e+02 2.650291200394206959e-01 6.748529086339533523e-05 -2.546334940604168587e-04
8.492585071849014184e+02 1.268037262848824287e-01 1.908812231351647007e-05 -1.505328184964558214e-04
8.836650672945658016e+02 1.808089582283268354e-02 1.492473327183101863e-06 -8.254421361680519477e-05
9.193841082510367642e+02 4.518194830909397913e-02 -1.999595657183052403e-06 -4.425651686163751912e-05
9.564292868133592265e+02 7.555052432452266653e-02 -1.734632728080186927e-06 -2.295990323811887627e-05
9.948021359880425507e+02 1.010593156620282346e-01 -1.182822300884801860e-06 -1.170423818067899824e-05
1.034489837288521358e+03 1.412980935800200455e-01 -8.261214442970227824e-07 -5.846656691296214183e-06
1.075463482105905769e+03 1.891458948822659081e-01 -5.835635092662697726e-07 -3.085256011659727403e-06
1.117677100294897855e+03 2.266359109897738144e-01 -3.943391642943568739e-07 -1.739967697847099326e-06
1.161067685197964465e+03 2.790849707674483704e-01 -2.887098766240272471e-07 -1.034487367163167582e-06
1.205556348691512085e+03 2.864452607724560784e-01 -2.039621633923876613e-07 -7.120458646875968407e-07
1.251050608793114634e+03 2.684491770846745284e-01 -1.439023280289955383e-07 -5.360505462961643366e-07
1.297447666869458999e+03 2.634221038048378261e-01 -1.119746766135488822e-07 -4.250769961829316416e-07
1.344638397926668858e+03 2.367347656183363125e-01 -8.539906521484688303e-08 -3.607373213300120923e-07
1.392511681567591495e+03 2.014232184330819742e-01 -6.369224033948070298e-08 -3.162110149711509841e-07
1.440958661632982967e+03 1.682250536457220447e-01 -4.774509441884234588e-08 -2.838167881901370904e-07
1.489876546218169779e+03 1.426004323090479253e-01 -3.759124920225379811e-08 -2.636124490898100092e-07
1.539171640242423564e+03 1.133281312517267353e-01 -2.813766131498220938e-08 -2.482848786457289072e-07
1.588761422246553138e+03 8.831043395709201049e-02 -2.080276386635715190e-08 -2.355640543728358602e-07
1.638575611281274178e+03 7.071782237037710361e-02 -1.612757523378086257e-08 -2.280553146746289072e-07
1.688556293917864650e+03 5.293474603562826897e-02 -1.165153591316534542e-08 -2.201113027976588559e-07
1.738657276069219506e+03 3.851860494767816306e-02 -8.333944578173348221e-09 -2.163615372232141226e-07
1.788842878736340026e+03 2.981289754921833887e-02 -6.356170870309668640e-09 -2.132020498784533677e-07
1.839086409903800359e+03 2.199847680881252682e-02 -4.670892544376476064e-09 -2.123279982050998033e-07
1.889368523506530437e+03 1.537364678486528163e-02 -3.241650334102984056e-09 -2.108576045401442688e-07
1.939675632383273978e+03 1.029944779085641138e-02 -2.159905924421818312e-09 -2.097108474436200249e-07
1.989998488322226649e+03 4.728987640277180701e-03 -9.979692193318393362e-10 -2.110323171141435313e-07
2.040330989823476784e+03 7.131997208325604977e-04 -1.504404240608846665e-10 -2.109373008240477101e-07
2.090669234656651497e+03 1.227034589847237787e-03 2.604095900210954495e-10 -2.122267719066629301e-07
2.141010803315962676e+03 4.112713049371738080e-03 8.771421580623899425e-10 -2.132757981246425578e-07
2.191354241309018107e+03 5.985163794837425853e-03 1.279841900206864826e-09 -2.138357351741664395e-07
2.241698700832178019e+03 9.547712891492874179e-03 2.067927200050953756e-09 -2.165887499501060283e-07
2.292043702702579139e+03 1.052289189138966644e-02 2.296174631371249654e-09 -2.182075664247857308e-07
2.342388984287852509e+03 1.086890170501471006e-02 2.390496334848755687e-09 -2.199390885783634368e-07
2.392734405999051887e+03 1.179380245290310818e-02 2.608828750574846262e-09 -2.212033617650318579e-07
2.443079895887834482e+03 1.296217841475307865e-02 2.895369415167619963e-09 -2.233705880696886662e-07
2.493425417990423739e+03 1.391092431395996379e-02 3.101845803875946563e-09 -2.229791302051126772e-07
2.543770954873147730e+03 1.577999811021251961e-02 3.564985702049954547e-09 -2.259180056392251563e-07
2.594116498340174076e+03 1.591530745132434255e-02 3.613226864944889852e-09 -2.270284049488611533e-07
2.644462044654915644e+03 1.613236014201869378e-02 3.703297375433015208e-09 -2.295570730402507366e-07
2.694807592165288042e+03 1.681328174259923494e-02 3.877884162365189967e-09 -2.306440956461181460e-07
2.745153140162934051e+03 1.748377726718842312e-02 4.060375009269622571e-09 -2.322367156260721363e-07
2.795498688353323359e+03 1.831123486881243434e-02 4.283925050338922145e-09 -2.339506363732613518e-07
2.845844236617704610e+03 1.804914893117000319e-02 4.256491104019784679e-09 -2.358278010919967036e-07
2.896189784909648097e+03 1.741408789103974022e-02 4.140756335568752007e-09 -2.377819821214604141e-07
2.946535333211554644e+03 1.725034200911119975e-02 4.126725498421256824e-09 -2.392257206402994068e-07
2.996880881516954105e+03 1.777860032541074900e-02 4.278375491893309131e-09 -2.406474870678248039e-07
3.047226429823542730e+03 1.747779036543274656e-02 4.234196112939954951e-09 -2.422615230191952680e-07
3.097571978130523803e+03 1.736531691540330394e-02 4.258346103982934497e-09 -2.452213296611774262e-07
3.147917526437629931e+03 1.740571924662202147e-02 4.301243170505143674e-09 -2.471166580111246184e-07
3.198263074744775167e+03 1.873138747204391302e-02 4.659484778080684466e-09 -2.487527837985754474e-07
3.248608623051931772e+03 1.826953722788669104e-02 4.567650365527105039e-09 -2.500145629608519193e-07
3.298954171359092925e+03 1.749499269494844689e-02 4.392070701138796019e-09 -2.510473012319104920e-07
3.349299719666254077e+03 1.711118071612490257e-02 4.330450376349091655e-09 -2.530772392736315356e-07
3.399645267973415685e+03 1.676202682214800524e-02 4.248142509776058208e-09 -2.534384746457332859e-07
3.449990816280576837e+03 1.651114013759986607e-02 4.216228660618426132e-09 -2.553566032073734557e-07
3.500336364587737989e+03 1.596935080440879673e-02 4.084362927167155973e-09 -2.557626153493697687e-07
3.550681912894899597e+03 1.617576194998114961e-02 4.157737100036710753e-09 -2.570350078650579910e-07
3.601027461202060749e+03 1.667788681113528682e-02 4.300615994074707524e-09 -2.578633637927872939e-07
3.651373009509221902e+03 1.629100031844700480e-02 4.231742140706618344e-09 -2.597595026693869355e-07
3.701718557816383054e+03 1.677828572931016476e-02 4.381821653001987522e-09 -2.611602712991910102e-07
3.752064106123544661e+03 1.709155799533049538e-02 4.474934745876096265e-09 -2.618213475388652223e-07
3.802409654430705814e+03 1.722032217437832052e-02 4.566789043691569316e-09 -2.651976541116273808e-07
3.852755202737866966e+03 1.761835439182621657e-02 4.680281138620810336e-09 -2.656480301470243796e-07
3.903100751045028574e+03 1.782112812846834565e-02 4.743628436579789491e-09 -2.661800309376646470e-07
3.953446299352189726e+03 1.771051080901173483e-02 4.709760288818133779e-09 -2.659302342889873672e-07
4.003791847659350879e+03 1.684189256998145159e-02 4.492964666033258766e-09 -2.667731460323765402e-07
4.054137395966512941e+03 1.670226716736742181e-02 4.480795737559548485e-09 -2.682747014317938508e-07
4.104482944273674548e+03 1.647886686244075943e-02 4.446382802554945191e-09 -2.698233343148917913e-07
4.154828492580835700e+03 1.627915670350950014e-02 4.424294001155224587e-09 -2.717766086864576223e-07
4.205174040887996853e+03 1.617833823624363274e-02 4.400691344690922438e-09 -2.720113327110595154e-07
4.255519589195158005e+03 1.705652213700516173e-02 4.633684676627127451e-09 -2.716664416935306228e-07
4.305865137502319158e+03 1.753119364814108294e-02 4.770608139675598289e-09 -2.721211250884476390e-07
4.356210685809481220e+03 1.786858809257426892e-02 4.889143457207448220e-09 -2.736166636041743103e-07
4.406556234116642372e+03 1.789807521215969199e-02 4.913337131497221877e-09 -2.745176267981694331e-07
4.456901782423803525e+03 1.764377587713015366e-02 4.859838635691854134e-09 -2.754420975155988218e-07
4.507247330730964677e+03 1.753338869267788425e-02 4.855865058925448151e-09 -2.769496042116094183e-07
4.557592879038125830e+03 1.722106319474540556e-02 4.773073531437961418e-09 -2.771648577942824532e-07
4.607938427345286982e+03 1.657372998006876111e-02 4.620298040208957626e-09 -2.787723732536511955e-07
4.658283975652449044e+03 1.573416789993919984e-02 4.408096181369754898e-09 -2.801607437649618974e-07
4.708629523959610196e+03 1.569272757296451618e-02 4.411487837337557824e-09 -2.811167030604472058e-07
4.758975072266771349e+03 1.608237997447894974e-02 4.556844230286253479e-09 -2.833438979502714896e-07
4.809320620573932501e+03 1.640104586456622368e-02 4.651627418843540373e-09 -2.836177312870752642e-07
4.859666168881093654e+03 1.627990402061295708e-02 4.628583795118414426e-09 -2.843127201031338346e-07
4.910011717188254806e+03 1.678355545948017127e-02 4.784139072202462036e-09 -2.850492009129178015e-07
4.960357265495415959e+03 1.679720838758047216e-02 4.813002195575757186e-09 -2.865358388441734834e-07
5.010702813802578021e+03 1.664468970120998315e-02 4.786298233612608010e-09 -2.875570719269503253e-07
5.061048362109739173e+03 1.672862931289254701e-02 4.815477613147377051e-09 -2.878584684422499699e-07
5.111393910416900326e+03 1.678439185107796425e-02 4.851718797955723931e-09 -2.890613399045569753e-07
5.161739458724061478e+03 1.657097121289451830e-02 4.792471744243673107e-09 -2.892088630577345980e-07
5.212085007031222631e+03 1.542101813652839611e-02 4.435955352783310373e-09 -2.876564513127496706e-07
5.262430555338383783e+03 1.496387156661646567e-02 4.322998639746860195e-09 -2.888957326652829989e-07
5.312776103645545845e+03 1.579460333594188623e-02 4.591264904405156592e-09 -2.906856732487459866e-07
5.363121651952706998e+03 1.683331461716507799e-02 4.910547466486103945e-09 -2.917160154232949393e-07
5.413467200259868150e+03 1.783005577746781672e-02 5.204710748876753808e-09 -2.919065881697379206e-07
5.463812748567029303e+03 1.811725817455211301e-02 5.300537426179562020e-09 -2.925684104686883516e-07
5.514158296874190455e+03 1.756433109697005945e-02 5.154093240607855630e-09 -2.934409065823727550e-07
5.564503845181351608e+03 1.659792536979760869e-02 4.887310228811473955e-09 -2.944530789194088832e-07
5.614849393488513670e+03 1.577993472186873733e-02 4.667027911309563558e-09 -2.957571113929723050e-07
5.665194941795674822e+03 1.575564925188191467e-02 4.688955707151085358e-09 -2.976047278147562400e-07
5.715540490102835975e+03 1.600467321246949043e-02 4.766801854350505447e-09 -2.978381245945475099e-07
5.765886038409997127e+03 1.562916277916994584e-02 4.655857555390571167e-09 -2.978955188563107453e-07
5.816231586717158279e+03 1.533911835349023069e-02 4.581062840089874966e-09 -2.986522911238578062e-07
5.866577135024319432e+03 1.557547889912831718e-02 4.670567703289716759e-09 -2.998667157226931622e-07
5.916922683331481494e+03 1.690871189453932791e-02 5.077444807687102833e-09 -3.002857248591990380e-07
5.967268231638642646e+03 1.754835842539744298e-02 5.225457773802117135e-09 -2.977747346577672129e-07
6.017613779945803799e+03 1.685561856340307696e-02 5.039511807017341911e-09 -2.989811253773344894e-07
6.067959328252964951e+03 1.498007855802836567e-02 4.503242559356534631e-09 -3.006154167958674944e-07
6.118304876560126104e+03 1.414109213432735053e-02 4.257132729566717132e-09 -3.010469551522525622e-07
6.168650424867287256e+03 1.525001997499486443e-02 4.595895999560299104e-09 -3.013698347343867616e-07
6.218995973174448409e+03 1.737185755328711848e-02 5.231319764511078120e-09 -3.011376157365049805e-07
6.269341521481610471e+03 1.779886297632220227e-02 5.364659665139578475e-09 -3.014046274908782923e-07
6.319687069788771623e+03 1.673902121136775292e-02 5.069959378216707647e-09 -3.028826664472838004e-07
6.370032618095932776e+03 1.571253592018487591e-02 4.755295739508670800e-09 -3.026434283850928453e-07
6.420378166403093928e+03 1.567134327384623466e-02 4.717843134698551730e-09 -3.010490582879463986e-07
6.470723714710255990e+03 1.627146524841705313e-02 4.894356120214932672e-09 -3.007938157684399933e-07
6.521069263017417143e+03 1.581642393535842919e-02 4.774195655109827764e-09 -3.018505115076529648e-07
6.571414811324578295e+03 1.594835969326371602e-02 4.807460830988945333e-09 -3.014392027425569869e-07
6.621760359631740357e+03 1.637310720585581289e-02 4.924050408775609053e-09 -3.007401311715915941e-07
6.672105907938901510e+03 1.596904024125266747e-02 4.822980744055916574e-09 -3.020207020079238933e-07
6.722451456246062662e+03 1.617520901297747962e-02 4.903611020305976777e-09 -3.031559602334521059e-07
6.772797004553223815e+03 1.565565414421269883e-02 4.755925770487362111e-09 -3.037832674813812948e-07
6.823142552860384967e+03 1.584956988406665060e-02 4.813734539636440102e-09 -3.037138909665693473e-07
6.873488101167546120e+03 1.672035711519037279e-02 5.087430857822983240e-09 -3.042656818137618774e-07
6.923833649474707272e+03 1.659245664674433365e-02 5.055412905101832173e-09 -3.046813990677970384e-07
6.974179197781869334e+03 1.632794022963036940e-02 4.971428068889860701e-09 -3.044736812465905988e-07
7.024524746089030486e+03 1.591388114996561409e-02 4.848996189145822581e-09 -3.047023000518198882e-07
7.074870294396191639e+03 1.611649367452377968e-02 4.890673919203435530e-09 -3.034576886245666487e-07
7.125215842703352791e+03 1.690353003868707432e-02 5.148286251455751290e-09 -3.045687048606343813e-07
7.175561391010513944e+03 1.590112537029003334e-02 4.875557873730646899e-09 -3.066171582320979755e-07
7.225906939317675096e+03 1.490900689265916776e-02 4.547623269198135194e-09 -3.050252308513770952e-07
7.276252487624837158e+03 1.421143839951994128e-02 4.330157896321274305e-09 -3.046952584664157535e-07
7.326598035931998311e+03 1.438970461266598534e-02 4.415363413128783404e-09 -3.068418381043297465e-07
7.376943584239159463e+03 1.552893239284672093e-02 4.770886218746006566e-09 -3.072256416637937761e-07
7.427289132546320616e+03 1.642913585445036906e-02 5.050537449496125234e-09 -3.074134570582433798e-07
7.477634680853481768e+03 1.597155640990178399e-02 4.924213712010527910e-09 -3.083114497819194612e-07
7.527980229160642921e+03 1.516254820684302673e-02 4.702729929102625101e-09 -3.101543266309439142e-07
7.578325777467804983e+03 1.482289396478036342e-02 4.636851764110501330e-09 -3.128169016878754559e-07
7.628671325774966135e+03 1.513623428814225846e-02 4.727047665526395375e-09 -3.123001121375063161e-07
7.679016874082127288e+03 1.554714557488956830e-02 4.929896003140752748e-09 -3.170933197604518980e-07
7.729362422389288440e+03 1.571344545647304636e-02 5.017195512536902202e-09 -3.192931509791891326e-07
7.779707970696449593e+03 1.658707756066488473e-02 5.257764327436268156e-09 -3.169795467710777205e-07
7.830053519003610745e+03 1.767782176774867348e-02 5.547964136107740273e-09 -3.138375422604054967e-07
7.880399067310772807e+03 1.777867219715147454e-02 5.529459694916298873e-09 -3.110164602619894726e-07
7.930744615617933960e+03 1.827371777857467877e-02 5.331945623103890101e-09 -2.917822025989378738e-07
7.981090163925095112e+03 2.406358859587444388e-02 6.585309955633563466e-09 -2.736628383333720524e-07
8.031435712232256265e+03 2.891009153379947572e-02 5.369064373232477381e-09 -1.857159243842371297e-07
