# Columns: yplus absP_over_phi P_term_plus PHI_term_plus | Case=jet_M16_T05 | x*=10.00 | USE_ABS=True
4.312724278016848434e-01 5.671634267093404735e-04 1.751856737654068131e-04 -3.088804135023781039e-01
1.263459104745080275e+00 1.271059278551143167e-02 3.414865009879117924e-03 -2.686629229261170981e-01
2.099074499722781262e+00 6.082436733174575311e-02 1.486054813683775760e-02 -2.443189923503185645e-01
2.939047566571326708e+00 1.702525006828986276e-01 3.760181055999802652e-02 -2.208590793625565818e-01
3.784408103670953150e+00 3.552299541189418153e-01 7.053597980211268048e-02 -1.985642792344450847e-01
4.636273170802911459e+00 6.050889039838835970e-01 1.090901951768811634e-01 -1.802878791176556750e-01
5.495833541628274865e+00 8.840464158478960055e-01 1.480927853857172405e-01 -1.675169795736123901e-01
6.364341354303302722e+00 1.145276660450220252e+00 1.829608465018136287e-01 -1.597525321348029492e-01
7.243099689149595122e+00 1.358833818011380812e+00 2.112656512756549143e-01 -1.554757090052681368e-01
8.133454402824369822e+00 1.514655710063737892e+00 2.317239056660290453e-01 -1.529878401582613900e-01
9.036788231373915181e+00 1.620881506622353418e+00 2.446132895345984326e-01 -1.509137395517157199e-01
9.954516959552137223e+00 1.686648455824236725e+00 2.505367732189320296e-01 -1.485411926556437778e-01
1.088808733714850518e+01 1.721784302910748021e+00 2.508041812679402960e-01 -1.456652734282368467e-01
1.183897638626137905e+01 1.733718341642291882e+00 2.465557891552442871e-01 -1.422121363275712091e-01
1.280869176178708102e+01 1.729362562539799919e+00 2.390452173131655811e-01 -1.382273575774045637e-01
1.379877287682945664e+01 1.712911250441971012e+00 2.292521368385841418e-01 -1.338377203018730477e-01
1.481079256595147697e+01 1.687815057293775789e+00 2.180626059365560754e-01 -1.291981636223789032e-01
1.584635911909887973e+01 1.655884646587244768e+00 2.060584557834138908e-01 -1.244401028828291261e-01
1.690711857041338462e+01 1.619605893635413851e+00 1.938140164703151813e-01 -1.196673939209215165e-01
1.799475716633529032e+01 1.579920394981215503e+00 1.816744585269217671e-01 -1.149896280243168784e-01
1.911100396660579293e+01 1.538138987690983894e+00 1.698994006863102924e-01 -1.104577688010880410e-01
2.025763355174830593e+01 1.495434581750125336e+00 1.585993796113752408e-01 -1.060557121968949273e-01
2.143646882354594041e+01 1.454230229656770401e+00 1.478512981815135185e-01 -1.016698010853546996e-01
2.264938389302573540e+01 1.415011142761760210e+00 1.377519740711820873e-01 -9.735045181504611844e-02
2.389830705519881704e+01 1.376852886690777877e+00 1.283274978656416265e-01 -9.320349262154846437e-02
2.518522385252282803e+01 1.339201449160744906e+00 1.195411305483247283e-01 -8.926299372154887501e-02
2.651218023058055095e+01 1.301757361239029187e+00 1.113304191862251880e-01 -8.552317236774407971e-02
2.788128579033054422e+01 1.264440645446930134e+00 1.036232791466157044e-01 -8.195187296434064406e-02
2.929471714179401687e+01 1.226471977219490306e+00 9.635471836791074940e-02 -7.856251113568413214e-02
3.075472136437280923e+01 1.189897440484738000e+00 8.959902158069446565e-02 -7.529978511777771222e-02
3.226361957924050472e+01 1.155720161173124039e+00 8.340289394228442288e-02 -7.216530155329779761e-02
3.382381063946155564e+01 1.124224935137938308e+00 7.776820512077535497e-02 -6.917495128431169760e-02
3.543777494369508929e+01 1.094910949225172070e+00 7.262790348909151095e-02 -6.633224696536972609e-02
3.710807837954238408e+01 1.067928830246029248e+00 6.790952254818137523e-02 -6.358993279780300600e-02
3.883737640280602221e+01 1.042612490163756345e+00 6.360865441309405954e-02 -6.100891271991520926e-02
4.062841825914506444e+01 1.018714496987176865e+00 5.971770538856616128e-02 -5.862064942157966391e-02
4.248405135483795192e+01 9.968654471035942599e-01 5.617009482415775967e-02 -5.634671658784112802e-02
4.440722578360168882e+01 9.756415682620919183e-01 5.288012844684160385e-02 -5.420036432133253090e-02
4.640099901666375359e+01 9.567723832442250886e-01 4.986335600748414282e-02 -5.211621581133791398e-02
4.846854076354358654e+01 9.396404791307051418e-01 4.706536995429011494e-02 -5.008869988001364570e-02
5.061313801127067080e+01 9.226409943247184664e-01 4.444483909876758426e-02 -4.817132489468104600e-02
5.283820025005115184e+01 9.083697981835655577e-01 4.209215559248651733e-02 -4.633812757387650860e-02
5.514726489369041218e+01 8.978886857207117878e-01 4.004665511934014238e-02 -4.460091295971252423e-02
5.754400290338936941e+01 8.888616801491446839e-01 3.817782641458197096e-02 -4.295136945061688721e-02
6.003222462385461000e+01 8.796366291757232725e-01 3.644183394035377388e-02 -4.142828155587625211e-02
6.261588584100155686e+01 8.712473909003379813e-01 3.483266792963692765e-02 -3.998022638970684384e-02
6.529909407088013040e+01 8.623992955162828045e-01 3.329489145914489578e-02 -3.860728044682900512e-02
6.808611508982220073e+01 8.513412168120519929e-01 3.175998370648781127e-02 -3.730582177780236014e-02
7.098137971619181030e+01 8.411860020937019788e-01 3.032639484437025384e-02 -3.605194899687847593e-02
7.398949085451938856e+01 8.385122333746107826e-01 2.923274359839634837e-02 -3.486263221318612604e-02
7.711523081322023643e+01 8.411729229146183151e-01 2.839374731435936189e-02 -3.375494686155205287e-02
8.036356890752935556e+01 8.438543513910462535e-01 2.760320976678349442e-02 -3.271086973869502534e-02
8.373966935974095804e+01 8.411710224386508283e-01 2.668806644571451725e-02 -3.172727749030484351e-02
8.724889950931181204e+01 8.313566135549432801e-01 2.556703613188849103e-02 -3.075339236499476103e-02
9.089683834588159073e+01 8.196375452420305852e-01 2.441344907671321243e-02 -2.978566467389456851e-02
9.468928537877486917e+01 8.093263739142199098e-01 2.338683382921889070e-02 -2.889666589772799110e-02
9.863226985708710970e+01 8.045407538850422036e-01 2.254825833882359576e-02 -2.802624755792722938e-02
1.027320603550114697e+02 8.048069710826895040e-01 2.191323582713785093e-02 -2.722793988434077037e-02
1.069951747376458684e+02 8.015883789211908361e-01 2.124695617117878035e-02 -2.650606811412831165e-02
1.114283905231235963e+02 7.971132744306367313e-01 2.058438091965573286e-02 -2.582365841838323017e-02
1.160387556575419694e+02 7.932067132061210168e-01 1.994449477042146285e-02 -2.514413259288531682e-02
1.208335997198179967e+02 7.909546908422780964e-01 1.933879950292145128e-02 -2.444994602956055210e-02
1.258205455742856316e+02 7.901021005368299432e-01 1.878909491828107889e-02 -2.378059102173623457e-02
1.310075214895591387e+02 7.805888999141148421e-01 1.806646465286378817e-02 -2.314465995462089073e-02
1.364027737429295541e+02 7.657386708736451109e-01 1.728435661856137298e-02 -2.257213495413694718e-02
1.420148797303332344e+02 7.508757588369239233e-01 1.656615149583589783e-02 -2.206244015853727272e-02
1.478527616027336080e+02 7.323630639599166825e-01 1.572952659948878215e-02 -2.147777157744493182e-02
1.539257004505962243e+02 7.109222002142226993e-01 1.489225566723458884e-02 -2.094779943958297377e-02
1.602433510590078356e+02 6.896615511944614862e-01 1.412110650104855987e-02 -2.047541504465700060e-02
1.668157572568961200e+02 6.784423674574311391e-01 1.358481294606623223e-02 -2.002353272390320141e-02
1.736533678847538056e+02 6.748110839474397160e-01 1.319434814312714192e-02 -1.955265474589453281e-02
1.807670534062513070e+02 6.740785037791718892e-01 1.285720087185372729e-02 -1.907374408139522401e-02
1.881681231901481510e+02 6.653442024694704582e-01 1.240415679357790776e-02 -1.864321767220490297e-02
1.958683434899773204e+02 6.480882082604427774e-01 1.180975869778679369e-02 -1.822245575102469234e-02
2.038799561500875939e+02 6.508197387358191088e-01 1.160020912052686648e-02 -1.782399707645564504e-02
2.122156980677817728e+02 6.489994906580021095e-01 1.127551482136867657e-02 -1.737368824424924060e-02
2.208888214424923717e+02 6.459678026608269841e-01 1.093433418081728170e-02 -1.692705756506332135e-02
2.299131148441870778e+02 6.570525248496089654e-01 1.087602922179266643e-02 -1.655275462837929590e-02
2.393029251344986506e+02 6.682137043098156370e-01 1.082286867316209315e-02 -1.619671761198135732e-02
2.490731802754291095e+02 6.763865985436779971e-01 1.072272002519804486e-02 -1.585294570928081487e-02
2.592394130618912413e+02 6.777135076483544740e-01 1.051461449499893272e-02 -1.551483683936643113e-02
2.698177858158181834e+02 6.681617914006202641e-01 1.016782333269473405e-02 -1.521760666885881887e-02
2.808251160811045679e+02 6.770181023440298151e-01 1.012243032537286230e-02 -1.495149138601481985e-02
2.922789033602412019e+02 6.943666654522432369e-01 1.012659271662337372e-02 -1.458392693725856122e-02
3.041973569351808919e+02 7.003194612320658985e-01 9.980341591889225344e-03 -1.425112701327890807e-02
3.165994248167455112e+02 7.022668561464361359e-01 9.779722585512073962e-03 -1.392593499168756632e-02
3.295048238687895719e+02 6.959604579455130891e-01 9.410849636391351719e-03 -1.352210391977201956e-02
3.429340711554541485e+02 6.782476557020880037e-01 8.902096322385297245e-03 -1.312514130722692088e-02
3.569085165623110925e+02 7.062946150120034128e-01 8.944788648430576986e-03 -1.266438743594068203e-02
3.714503767452463308e+02 7.626264717649825498e-01 9.377061507105186738e-03 -1.229574615395058294e-02
3.865827704648787631e+02 8.448769333984966767e-01 1.007336930766588277e-02 -1.192288356973601228e-02
4.023297553694675912e+02 9.430001998415769027e-01 1.075689920933423256e-02 -1.140710172823015435e-02
4.187163662954508823e+02 1.031879411727962159e+00 1.129811522131817132e-02 -1.094906545562199067e-02
4.357686551602052418e+02 1.152449387646468093e+00 1.217484400395997708e-02 -1.056431990373428963e-02
4.535137325202812804e+02 1.197514280015821608e+00 1.217679596676551207e-02 -1.016839312062703046e-02
4.719798108447622553e+02 1.255533370584277497e+00 1.217535202320001869e-02 -9.697354374208367461e-03
4.911962494732585469e+02 1.439007928689889804e+00 1.330035744302606251e-02 -9.242727005079848929e-03
5.111936010236404400e+02 1.632256075951568297e+00 1.428200411646142996e-02 -8.749855079041654257e-03
5.320036585637952840e+02 1.768331420160973666e+00 1.457339524586998003e-02 -8.241325737764329529e-03
5.536595019635861945e+02 1.971765673350801107e+00 1.537267057225399046e-02 -7.796398314476086187e-03
5.761955401967248918e+02 2.288693269211877546e+00 1.679454169034707775e-02 -7.338048272467003613e-03
5.996475435629589583e+02 2.551873894067182125e+00 1.763647217707416809e-02 -6.911184842666782610e-03
6.240526553771508134e+02 2.887098170426975585e+00 1.870396081843113054e-02 -6.478463742597635570e-03
6.494493661877213526e+02 3.226417401141830066e+00 1.950726367801547401e-02 -6.046106641723370499e-03
6.758774248343570434e+02 3.433099829685042792e+00 1.907539604081892257e-02 -5.556318483919218260e-03
7.033776499344139665e+02 3.449372843231101271e+00 1.747233428385986179e-02 -5.065365525256803822e-03
7.319915938395600961e+02 3.564314021157825252e+00 1.621164135341751286e-02 -4.548320169655352928e-03
7.617610009931801187e+02 3.617755856958044802e+00 1.440136396548993662e-02 -3.980745117941481177e-03
7.927269974176729193e+02 3.469162787194122188e+00 1.177597538592370027e-02 -3.394471838967284133e-03
8.249289521585434386e+02 3.136524757049538259e+00 8.685808791318411562e-03 -2.769246049085538099e-03
8.584029694106616262e+02 2.728025515788541799e+00 5.857901471906927157e-03 -2.147304502103855074e-03
8.931800050428898885e+02 2.195244300444677332e+00 3.429389196532654435e-03 -1.562190229050126064e-03
9.292836537695550305e+02 1.646546435845412493e+00 1.775733747369817985e-03 -1.078459561608461270e-03
9.667277194000007512e+02 1.128349139210970575e+00 7.568180432590033979e-04 -6.707303767592976123e-04
1.005513751447512504e+03 6.716736867420167734e-01 2.529190958787684075e-04 -3.765505495764822686e-04
1.045628793401395569e+03 3.001529561658089484e-01 6.035236364515969386e-05 -2.010720281289522131e-04
1.087043625376888258e+03 1.488576109387655944e-01 1.503004815460022964e-05 -1.009692958244709732e-04
1.129711782241296760e+03 7.023121773692196645e-02 3.507121280453949056e-06 -4.993678585484905388e-05
1.173569578907616688e+03 2.017298533718058298e-02 4.849863665936792552e-07 -2.404137803539701192e-05
1.218537277817765471e+03 1.685014166997241339e-02 -2.027198895677154411e-07 -1.203075282915691535e-05
1.264521401181812053e+03 7.647967696869736702e-03 -5.014440782454711723e-08 -6.556566373190997385e-06
1.311418043473534908e+03 1.183538039420294063e-02 -4.764830040304399889e-08 -4.025920487218349166e-06
1.359116904686531143e+03 2.872983852541888608e-02 -7.639372710693146885e-08 -2.659037816705502462e-06
1.407505667925448961e+03 1.858625553171899814e-02 -3.404476561139639438e-08 -1.831717289870256797e-06
1.456474304913216656e+03 1.206403037332564113e-02 -1.592835432803380695e-08 -1.320317823739273678e-06
1.505918916924704035e+03 1.760834083932065128e-02 -1.752024731098813670e-08 -9.949970568416192591e-07
1.555744800009540086e+03 2.483743770966579528e-02 -1.923400621867877125e-08 -7.743957506209918170e-07
1.605868544151798233e+03 2.767248535739934984e-02 -1.721067738732211456e-08 -6.219418734905988236e-07
1.656219111646176771e+03 3.451608351035480304e-02 -1.793794207855323956e-08 -5.196980727309883440e-07
1.706737965476251247e+03 2.820491217659278765e-02 -1.253627436742025280e-08 -4.444713136821637617e-07
1.757378414156207782e+03 1.936480810404795500e-02 -7.591844503631057679e-09 -3.920433635510224395e-07
1.808104394510432940e+03 9.225808794241891278e-03 -3.270824049738129229e-09 -3.545297894943964697e-07
1.858888927114985336e+03 2.011168058254265978e-02 -6.517587353148064136e-09 -3.240697527189975280e-07
1.909712457594416037e+03 2.102542925160491571e-02 -6.328033859963665621e-09 -3.009704955003776429e-07
1.960561252486570083e+03 1.701601622518372769e-02 -4.821490505936651080e-09 -2.833501356681147795e-07
2.011425963998746965e+03 7.474665865664796051e-03 -2.018306777822877957e-09 -2.700196656407155547e-07
2.062300424932622263e+03 3.061420172249928323e-03 -7.923779444297933370e-10 -2.588269168708884972e-07
2.113180691040230613e+03 4.108324632266001711e-03 -1.020624809093737054e-09 -2.484284715667168901e-07
2.164064316763552597e+03 3.940974204717595172e-03 -9.555456811519700421e-10 -2.424643328058634466e-07
2.214949831948826613e+03 1.821802998024786048e-03 -4.291881746945987460e-10 -2.355842948770685584e-07
2.265836379663615844e+03 2.523215390200801451e-03 5.819116448932615409e-10 -2.306230562611430944e-07
2.316723475565415811e+03 4.643923419895255172e-03 1.053460644600508448e-09 -2.268471181258776168e-07
2.367610854193941577e+03 5.092348389642674909e-03 1.135032806693009940e-09 -2.228898574578189953e-07
2.418498374457210957e+03 3.040161629021947368e-03 6.733766192516911033e-10 -2.214936906062864886e-07
2.469385963632171297e+03 6.748448831524367364e-03 1.479245097485699457e-09 -2.191977941027910967e-07
2.520273585367803207e+03 7.774662239048456269e-03 1.690949831264882102e-09 -2.174949572435494009e-07
2.571161222042716417e+03 6.948470394077595202e-03 1.498707472426733251e-09 -2.156888332868381748e-07
2.622048865372828914e+03 9.122420662940491573e-03 1.953787161707482657e-09 -2.141742015520807065e-07
2.672936511581319337e+03 7.896877243304591815e-03 1.689080428829430220e-09 -2.138921977369631536e-07
2.723824158998314942e+03 9.969478240658953203e-03 2.123477308993827018e-09 -2.129978377738524011e-07
2.774711806907830578e+03 1.072022661138423948e-02 2.279513645477950463e-09 -2.126367033190551376e-07
2.825599455012165436e+03 1.124228081332087452e-02 2.385978294257872186e-09 -2.122325828608327131e-07
2.876487103191288497e+03 1.237115364318402272e-02 2.613007170733912549e-09 -2.112177446097412235e-07
2.927374751398270746e+03 8.816058589714573929e-03 1.865848828881871927e-09 -2.116420631617286068e-07
2.978262399615322920e+03 9.766454669700790417e-03 2.064605168014157889e-09 -2.113976092490695179e-07
3.029150047835906662e+03 1.019614714877613119e-02 2.150560350827964132e-09 -2.109189205930694263e-07
3.080037696057691392e+03 1.118711354990751562e-02 2.365099831112950316e-09 -2.114128743363387655e-07
3.130925344279873116e+03 1.140522197416876660e-02 2.416169789300978654e-09 -2.118476777368529646e-07
3.181812992502181260e+03 1.032951648480061498e-02 2.192713595343340295e-09 -2.122764989600251516e-07
3.232700640724528967e+03 1.082925650000648478e-02 2.303991082640338052e-09 -2.127561649905474489e-07
3.283588288946888042e+03 1.006831751241752185e-02 2.147297349703450996e-09 -2.132727088766452253e-07
3.334475937169251665e+03 9.943216974956866488e-03 2.123056280843330363e-09 -2.135180481518698926e-07
3.385363585391615743e+03 9.687543350518822149e-03 2.072677765319456525e-09 -2.139528764233558917e-07
3.436251233613979821e+03 8.336359372820498215e-03 1.777025435002097365e-09 -2.131656464806248154e-07
3.487138881836343444e+03 8.660994037749777247e-03 1.859365950007478656e-09 -2.146827421775437252e-07
3.538026530058707522e+03 1.046797253187425371e-02 2.245910563289199504e-09 -2.145506741110140524e-07
3.588914178281071145e+03 1.124426902387145287e-02 2.408054103952168709e-09 -2.141583502529064126e-07
3.639801826503435223e+03 1.047157415741835351e-02 2.248932378046819222e-09 -2.147654540032658780e-07
3.690689474725799300e+03 1.019679442410482105e-02 2.195140637144421863e-09 -2.152775221156950824e-07
3.741577122948162923e+03 9.649433196582053382e-03 2.078230450659804242e-09 -2.153733186521192521e-07
3.792464771170527001e+03 1.064449753570955760e-02 2.285054627541994998e-09 -2.146700320871157367e-07
3.843352419392890624e+03 1.020267780153259751e-02 2.187843967416600247e-09 -2.144382102400560706e-07
3.894240067615254702e+03 1.002101497946979863e-02 2.165774987990849591e-09 -2.161233160940189008e-07
3.945127715837618780e+03 9.669037302081644539e-03 2.102755458389399034e-09 -2.174730940314706635e-07
3.996015364059982403e+03 1.134179740178071702e-02 2.463601157672618831e-09 -2.172143506359778283e-07
4.046903012282346481e+03 1.069076840424868467e-02 2.333574382150345242e-09 -2.182793877774908206e-07
4.097790660504711013e+03 1.124415464948002631e-02 2.438329905473934462e-09 -2.168531100367507396e-07
4.148678308727075091e+03 1.075214244841705795e-02 2.334496856829818128e-09 -2.171192269847117995e-07
4.199565956949439169e+03 8.950208372927615300e-03 1.955143465282442020e-09 -2.184466979781515662e-07
4.250453605171802337e+03 1.029391479292711062e-02 2.254979971329586618e-09 -2.190595139644025815e-07
4.301341253394166415e+03 7.957305013363313514e-03 1.749611094120031137e-09 -2.198748308858055303e-07
4.352228901616530493e+03 9.308450689043488296e-03 2.039873610487422443e-09 -2.191421192023346770e-07
4.403116549838894571e+03 1.013567978229946293e-02 2.217109490302181497e-09 -2.187430481154358247e-07
4.454004198061258649e+03 8.352587533233127651e-03 1.833176904856586773e-09 -2.194741327238744621e-07
4.504891846283621817e+03 1.042654627444170555e-02 2.285687850997080130e-09 -2.192181179495574170e-07
4.555779494505985895e+03 1.036160008639128507e-02 2.279806591673598259e-09 -2.200245688566816926e-07
4.606667142728349972e+03 1.065872075362954592e-02 2.351756580918138447e-09 -2.206415418207958641e-07
4.657554790950714050e+03 1.018941702368142931e-02 2.252197864631047296e-09 -2.210330443239950709e-07
4.708442439173078128e+03 7.868519483322200872e-03 1.746477758341876448e-09 -2.219576074055152088e-07
4.759330087395441296e+03 7.982866352140386215e-03 1.773733517875084883e-09 -2.221925608712598384e-07
4.810217735617805374e+03 7.724491945815783328e-03 1.719713523592073184e-09 -2.226312792679666911e-07
4.861105383840169452e+03 6.957829049161937986e-03 1.545509341789422167e-09 -2.221252248178728892e-07
4.911993032062533530e+03 7.997357132015511447e-03 1.777258551355050134e-09 -2.222307347311300288e-07
4.962880680284897608e+03 8.106489186750512332e-03 1.803293226334401642e-09 -2.224505806140786337e-07
5.013768328507260776e+03 8.516819530046220582e-03 1.916767474577064425e-09 -2.250567207412298153e-07
5.064655976729624854e+03 9.585457353066080197e-03 2.162739413382423392e-09 -2.256271488903586231e-07
5.115543624951988932e+03 9.436538518335778336e-03 2.123279083131199326e-09 -2.250061374735594620e-07
5.166431273174353009e+03 9.688834643671175723e-03 2.174981347277527216e-09 -2.244832766031611845e-07
5.217318921396717087e+03 9.170577423113409829e-03 2.066725072780006508e-09 -2.253647701148084797e-07
5.268206569619080256e+03 8.228091907321221504e-03 1.854877335699381133e-09 -2.254322577569827131e-07
5.319094217841444333e+03 8.452275122981552438e-03 1.909840557279271967e-09 -2.259557964560875536e-07
5.369981866063808411e+03 8.223843184783863336e-03 1.862484862373403795e-09 -2.264737812388567464e-07
5.420869514286172489e+03 8.472367994469733737e-03 1.916550880048462191e-09 -2.262119493982643713e-07
5.471757162508536567e+03 8.642970584737418027e-03 1.962845071959476989e-09 -2.271030605409737364e-07
5.522644810730899735e+03 8.590730565646229056e-03 1.953386723856017281e-09 -2.273830739922729377e-07
5.573532458953263813e+03 8.791750598928865790e-03 1.993444863342728086e-09 -2.267403790532453935e-07
5.624420107175627891e+03 8.644835952441217927e-03 1.966228496129660460e-09 -2.274454375938061278e-07
5.675307755397991968e+03 8.508668915416781053e-03 1.947003090911720446e-09 -2.288258140334927157e-07
5.726195403620356046e+03 7.834211666137711610e-03 1.800406569820475144e-09 -2.298133681532350689e-07
5.777083051842719215e+03 6.582398627848901930e-03 1.512609905860145106e-09 -2.297961565956480593e-07
5.827970700065083292e+03 6.497134214395604464e-03 1.501816780482714086e-09 -2.311506474893439763e-07
5.878858348287447370e+03 6.456939646118505134e-03 1.484945609236953608e-09 -2.299766902931494828e-07
5.929745996509811448e+03 6.757354539677064460e-03 1.556871549441207959e-09 -2.303966056982428666e-07
5.980633644732175526e+03 6.740056194729498497e-03 1.550016431692399135e-09 -2.299708469648162259e-07
6.031521292954538694e+03 6.864845666696104201e-03 1.582371472471939842e-09 -2.305035756519053065e-07
6.082408941176902772e+03 7.311273688129716480e-03 1.697844078979916298e-09 -2.322227496060592375e-07
6.133296589399266850e+03 7.232653906116182432e-03 1.679740385878465801e-09 -2.322439878476722495e-07
6.184184237621630928e+03 7.421990507429861855e-03 1.726895477330857352e-09 -2.326728221495473970e-07
6.235071885843995005e+03 7.131296048084392880e-03 1.655246801638802641e-09 -2.321102350088852009e-07
6.285959534066358174e+03 7.416776036059708095e-03 1.716308010529731290e-09 -2.314089035701218063e-07
6.336847182288722252e+03 7.691397841559418497e-03 1.784289109156790916e-09 -2.319850235175234722e-07
6.387734830511086329e+03 7.807641204749605872e-03 1.812993333370733812e-09 -2.322075625437090292e-07
6.438622478733450407e+03 7.838057614754890060e-03 1.825068331151580987e-09 -2.328470165511349298e-07
6.489510126955814485e+03 6.764830177135746497e-03 1.579351908872959342e-09 -2.334651229251792795e-07
6.540397775178178563e+03 6.253616594328929856e-03 1.454251046589305352e-09 -2.325456037564067870e-07
6.591285423400542641e+03 5.765097835223067201e-03 1.339571000455911209e-09 -2.323587628073755859e-07
6.642173071622906718e+03 5.239162293193335394e-03 1.221408412127941330e-09 -2.331304784573637619e-07
6.693060719845270796e+03 4.900220447972169178e-03 1.146267142440556994e-09 -2.339215459000237907e-07
6.743948368067633965e+03 4.735889280558968489e-03 1.103764811536277930e-09 -2.330638970102786111e-07
6.794836016289998042e+03 5.831498775525246515e-03 1.355894173446505433e-09 -2.325121252082196123e-07
6.845723664512362120e+03 7.255854888724969434e-03 1.689560294151790054e-09 -2.328547524809563751e-07
6.896611312734726198e+03 7.662259217653197806e-03 1.786178459180749665e-09 -2.331138125770458657e-07
6.947498960957090276e+03 6.884348297198228037e-03 1.614672482177682264e-09 -2.345425322008790591e-07
6.998386609179453444e+03 5.596215564965966241e-03 1.308565333750284325e-09 -2.338304017347556287e-07
7.049274257401817522e+03 4.572500862825575052e-03 1.065541574550915486e-09 -2.330325584438412982e-07
7.100161905624181600e+03 5.469800444146554960e-03 1.281456748498060282e-09 -2.342785192226521974e-07
7.151049553846545678e+03 6.198077373323119567e-03 1.459130848946156150e-09 -2.354166882824565857e-07
7.201937202068909755e+03 6.948863361517693821e-03 1.634241672965734831e-09 -2.351811494835324947e-07
7.252824850291272924e+03 5.641494162594272617e-03 1.329907324561428619e-09 -2.357367190733497461e-07
7.303712498513637001e+03 4.055979629082245852e-03 9.596676378507650367e-10 -2.366056355337047868e-07
7.354600146736001079e+03 3.571068347769244984e-03 8.472076257441489271e-10 -2.372420640656115906e-07
7.405487794958365157e+03 4.627393417654208571e-03 1.094515510875786486e-09 -2.365295992988285012e-07
7.456375443180729235e+03 4.441541096709020371e-03 1.052635817595460186e-09 -2.369978785911528402e-07
7.507263091403092403e+03 4.304527174279156911e-03 1.030478723055729909e-09 -2.393941730030535786e-07
7.558150739625456481e+03 4.405801771021231224e-03 1.062700738165513836e-09 -2.412048461089042623e-07
7.609038387847820559e+03 4.753210672508887021e-03 1.146875116977801384e-09 -2.412843014956133623e-07
7.659926036070184637e+03 4.375903761870983399e-03 1.068487403205227780e-09 -2.441752518680575077e-07
7.710813684292548714e+03 3.842318014748595523e-03 9.439913737080044620e-10 -2.456827805726981792e-07
7.761701332514911883e+03 3.550386661653484599e-03 8.789033045174707798e-10 -2.475514326397757076e-07
7.812588980737275961e+03 4.267377363685060515e-03 1.059444338011011659e-09 -2.482659131640837118e-07
7.863476628959640038e+03 4.678809117785925897e-03 1.155428570767493792e-09 -2.469492859572475755e-07
7.914364277182004116e+03 4.981109989657511380e-03 1.216216697972077545e-09 -2.441657984861526006e-07
7.965251925404368194e+03 5.680172056430431334e-03 1.365242502509763692e-09 -2.403523148500747829e-07
8.016139573626731362e+03 9.715938113190013270e-03 2.241062270948767160e-09 -2.306583517556972283e-07
8.067027221849095440e+03 1.207855431970847326e-02 2.605537634150413537e-09 -2.157160174292531163e-07
8.117914870071459518e+03 1.739482913552193102e-02 2.479596056135571642e-09 -1.425478822940545906e-07
