# Columns: yplus absP_over_phi P_term_plus PHI_term_plus | Case=jet_M12_T05 | x*=10.00 | USE_ABS=True
4.313427773867807291e-01 5.365664834529689951e-04 1.720285911253179793e-04 -3.206100202499819196e-01
1.263665201444230446e+00 1.243834868852779565e-02 3.440869672613084632e-03 -2.766339615311384503e-01
2.099416902831863663e+00 6.018731547038273094e-02 1.507116028524494757e-02 -2.504042615534370908e-01
2.939526986918088003e+00 1.697152418285972908e-01 3.832694591927363753e-02 -2.258309006682008291e-01
3.785025420064870971e+00 3.545035652965141115e-01 7.206127693339725582e-02 -2.032737720793406366e-01
4.637029444269359146e+00 6.020671696040816867e-01 1.115852691159193305e-01 -1.853369104801007583e-01
5.496730027432805699e+00 8.742922370347644412e-01 1.513706750302594994e-01 -1.731351013062243926e-01
6.365379511961481995e+00 1.125647487853185913e+00 1.866370767520631746e-01 -1.658041960436601459e-01
7.244281190736740150e+00 1.329395589558091340e+00 2.147816278092935516e-01 -1.615633672146375988e-01
8.134781139953268791e+00 1.478050109120685018e+00 2.346753393674053390e-01 -1.587736017333115646e-01
9.038262321210625672e+00 1.578246272649788562e+00 2.467509403922855948e-01 -1.563450170409744489e-01
9.956140750206930790e+00 1.639578879522768595e+00 2.518914304976727636e-01 -1.536317853588054783e-01
1.088986341272690517e+01 1.672997704015984466e+00 2.514714284252827503e-01 -1.503118789832362523e-01
1.184090757180221942e+01 1.685975150121118427e+00 2.467351257991869939e-01 -1.463456479660817378e-01
1.281078112825934845e+01 1.683403228652156969e+00 2.389077280496021138e-01 -1.419194902227241817e-01
1.380102374631273143e+01 1.668894799581449817e+00 2.290131404251407876e-01 -1.372244316913061868e-01
1.481320851708766817e+01 1.645510690932465714e+00 2.178848673913389988e-01 -1.324116996577333893e-01
1.584894399287574274e+01 1.615471151768382851e+00 2.060898967092112677e-01 -1.275726257838860345e-01
1.690987647632139357e+01 1.581095951603369132e+00 1.940661612848280093e-01 -1.227415458802661591e-01
1.799769248892710394e+01 1.543460259704749538e+00 1.820800325624674088e-01 -1.179687208773990276e-01
1.911412137248000676e+01 1.503742418290580307e+00 1.703916283182401736e-01 -1.133117123289887895e-01
2.026093799697484954e+01 1.462952238341682865e+00 1.591879434764945367e-01 -1.088128096765077490e-01
2.143996556154828426e+01 1.422207463783271564e+00 1.486208814906665732e-01 -1.045001416989573134e-01
2.265307848293419113e+01 1.382495820206373738e+00 1.387548619473248646e-01 -1.003654838729364507e-01
2.390220537068908868e+01 1.343793315428874147e+00 1.295955678966671520e-01 -9.644010459696808479e-02
2.518933209115427374e+01 1.306120073299903650e+00 1.210528809113021881e-01 -9.268128052382113014e-02
2.651650492364919032e+01 1.269914972825109567e+00 1.130115791847078055e-01 -8.899145344612890973e-02
2.788583381325259225e+01 1.234657784630403654e+00 1.054014900541297844e-01 -8.536899160740468728e-02
2.929949572503647204e+01 1.199185342747649985e+00 9.816732463163145572e-02 -8.186167820122301764e-02
3.075973810494848593e+01 1.163618457456580435e+00 9.139795486273692704e-02 -7.854632614071212215e-02
3.226888245278579603e+01 1.128591542197460829e+00 8.509260998916072516e-02 -7.539717143677897304e-02
3.382932801291613600e+01 1.095342314859172772e+00 7.930442605960366653e-02 -7.240149949817265007e-02
3.544355558860372923e+01 1.065020174895850547e+00 7.408483454401461332e-02 -6.956190717350443919e-02
3.711413148599996958e+01 1.039522485921877681e+00 6.944765942187279550e-02 -6.680727003253293661e-02
3.884371159406801866e+01 1.018463630079559090e+00 6.534672481529350818e-02 -6.416206026933807260e-02
4.063504560692661016e+01 9.989273530960711689e-01 6.161219274392069206e-02 -6.167835183705814434e-02
4.249098139532591034e+01 9.786806205638381995e-01 5.806140896906033383e-02 -5.932620688413136473e-02
4.441446953420512500e+01 9.571155432965472443e-01 5.460006685068752308e-02 -5.704647389032167087e-02
4.640856799352948059e+01 9.362942511083224284e-01 5.142200443596916387e-02 -5.492077343751629315e-02
4.847644699986455663e+01 9.168711159141222922e-01 4.856224564768606838e-02 -5.296518213388085039e-02
5.062139407641640787e+01 9.005927055268869719e-01 4.602585535232112807e-02 -5.110618270597022672e-02
5.284681926955061471e+01 8.875309777188161720e-01 4.378325404470843202e-02 -4.933152210331035598e-02
5.515626057009898631e+01 8.771495348514796175e-01 4.179843929643350248e-02 -4.765258104310672593e-02
5.755338953807326163e+01 8.673178244446709817e-01 3.994673865497446602e-02 -4.605778588783378258e-02
6.004201713972722843e+01 8.580868707796300843e-01 3.820759329429013196e-02 -4.452648629803174218e-02
6.262609980624802120e+01 8.481846396760819307e-01 3.653388990338564402e-02 -4.307303881067426482e-02
6.530974572370763553e+01 8.383593875097595793e-01 3.494097355486347478e-02 -4.167779841846969147e-02
6.809722136427562589e+01 8.292084538399258076e-01 3.345482596029214495e-02 -4.034549552090121310e-02
7.099295826907545859e+01 8.213732613198239108e-01 3.209956819656396149e-02 -3.908036663499948882e-02
7.400156009346795827e+01 8.101406835226320213e-01 3.066889454318253924e-02 -3.785625776726687930e-02
7.712780992596327678e+01 7.987480629159708911e-01 2.929780801701130713e-02 -3.667966080575454924e-02
8.037667789239603167e+01 7.884230659271114217e-01 2.804780537696310513e-02 -3.557456217238079421e-02
8.375332905745349876e+01 7.789000730110039461e-01 2.688582707377796047e-02 -3.451768462396604537e-02
8.726313163611814616e+01 7.677934588777739489e-01 2.570616361945020356e-02 -3.348057126850621096e-02
9.091166552807999324e+01 7.559214184098770328e-01 2.453719335325622516e-02 -3.245997898150786848e-02
9.470473118868527251e+01 7.435559678924529292e-01 2.342476006240139241e-02 -3.150369450842673003e-02
9.864835885052654874e+01 7.331124564804888388e-01 2.246701860875423284e-02 -3.064607402336802858e-02
1.027488181103329907e+02 7.257096957268180937e-01 2.165142183779701635e-02 -2.983482508954565446e-02
1.070126278964031314e+02 7.197632869970250757e-01 2.090105057179577480e-02 -2.903878392992022967e-02
1.114465668324257166e+02 7.117295707025123042e-01 2.012609376073503514e-02 -2.827772596390730822e-02
1.160576840141660142e+02 7.032039948976264165e-01 1.934827740330204160e-02 -2.751445888204715612e-02
1.208533102161491968e+02 6.982843204327218167e-01 1.871572543133913011e-02 -2.680244262070946917e-02
1.258410695461583657e+02 7.038691431309924695e-01 1.833593782890248491e-02 -2.605020834886933451e-02
1.310288915660748046e+02 7.049084433102735803e-01 1.790255296745876107e-02 -2.539699039975712794e-02
1.364250238983305223e+02 6.936306690808458075e-01 1.718331823933679642e-02 -2.477300818042980912e-02
1.420380453380151380e+02 6.781392375281340978e-01 1.642887443381419246e-02 -2.422640296364299978e-02
1.478768794914821569e+02 6.716190880240335837e-01 1.589486995859076129e-02 -2.366649525306816632e-02
1.539508089631377743e+02 6.722733305818280325e-01 1.554059147671324644e-02 -2.311647773274514914e-02
1.602694901129669063e+02 6.651302395586795591e-01 1.502610036396225847e-02 -2.259121517904857934e-02
1.668429684082565245e+02 6.407229024461441602e-01 1.417490727599809638e-02 -2.212330357145234766e-02
1.736816943939244879e+02 6.163086058209301665e-01 1.334949536737440809e-02 -2.166040720718596241e-02
1.807965403068421040e+02 6.093239915654012906e-01 1.289844630684882851e-02 -2.116845304861820001e-02
1.881988173605642203e+02 6.119729818109439501e-01 1.266925443578360323e-02 -2.070231008939786913e-02
1.959002937279468028e+02 6.160309430812531684e-01 1.245311962767902715e-02 -2.021508784183993074e-02
2.039132132502403465e+02 6.159846070973800103e-01 1.216468626495474312e-02 -1.974836079472298833e-02
2.122503149024029767e+02 6.204389809251533716e-01 1.196337168146862327e-02 -1.928210839304409299e-02
2.209248530455790842e+02 6.285541716280940161e-01 1.182419306043701671e-02 -1.881173269411250126e-02
2.299506184989415090e+02 6.371427939729106260e-01 1.170829789190708931e-02 -1.837625411864093200e-02
2.393419604643973173e+02 6.485947727607466184e-01 1.169393603186249728e-02 -1.802964890094196221e-02
2.491138093390124482e+02 6.644474464084682008e-01 1.171519717669805907e-02 -1.763148799806833408e-02
2.592817004514245127e+02 6.786807642700737331e-01 1.167203479572162701e-02 -1.719812231347825002e-02
2.698617987599806156e+02 6.767911868515036344e-01 1.140721393225666361e-02 -1.685484999490625274e-02
2.808709245518698481e+02 6.797098912441641438e-01 1.121356026146880930e-02 -1.649756816241577245e-02
2.923265801841190523e+02 7.160673666854830977e-01 1.152097459184633563e-02 -1.608923284016470362e-02
3.042469779089971667e+02 7.333033453563283510e-01 1.150109297779133843e-02 -1.568394996507577882e-02
3.166510688281445027e+02 7.574853995816011043e-01 1.158288329381593901e-02 -1.529122977183952625e-02
3.295585730216496927e+02 8.073004394870981759e-01 1.200191357323866781e-02 -1.486672493435509286e-02
3.429900109004176443e+02 8.752559733771277939e-01 1.264873381013335331e-02 -1.445146813603442014e-02
3.569667358326348108e+02 9.421924467173757867e-01 1.324626281105480835e-02 -1.405897792664879617e-02
3.715109680981898350e+02 9.909740833384449443e-01 1.354832345862182034e-02 -1.367172329369051136e-02
3.866458302288568234e+02 1.054800656898377875e+00 1.393621485173694025e-02 -1.321217877576614901e-02
4.023953837972023280e+02 1.148328078934321761e+00 1.466059726045926617e-02 -1.276690653951846263e-02
4.187846677233716832e+02 1.245386497122898950e+00 1.528135305760654726e-02 -1.227036995576043406e-02
4.358397381743561141e+02 1.346581024703991103e+00 1.590512001234384298e-02 -1.181148383985296951e-02
4.535877101290069504e+02 1.475031557435503959e+00 1.672843357171799328e-02 -1.134106825538168037e-02
4.720568006584533123e+02 1.557176580828605550e+00 1.686095389018531926e-02 -1.082790102148419205e-02
4.912763738914301825e+02 1.668936791719516366e+00 1.718829481323898636e-02 -1.029894894673019645e-02
5.112769874295810837e+02 1.892877316285496381e+00 1.851463495775869036e-02 -9.781212336619384343e-03
5.320904395269099041e+02 2.027568914963864710e+00 1.887141598721473607e-02 -9.307410390808375580e-03
5.537498154493011953e+02 2.139503341831333838e+00 1.889815947082977565e-02 -8.832965624000226404e-03
5.762895297832922097e+02 2.347075938734739520e+00 1.934487314813907941e-02 -8.242116426180699090e-03
5.997453586635172087e+02 2.525538459733763119e+00 1.926038172847136659e-02 -7.626247644037760683e-03
6.241544514636930217e+02 2.658908365153502373e+00 1.867548879624445629e-02 -7.023742916829063543e-03
6.495553050108567277e+02 2.828085097443876261e+00 1.808461714171226420e-02 -6.394650980643327813e-03
6.759876746285651734e+02 2.877397414921449847e+00 1.629437355377193197e-02 -5.662886005691623176e-03
7.034923855925472935e+02 2.811248369198553476e+00 1.389049627759627280e-02 -4.941042004608171140e-03
7.321109970325319409e+02 2.751451796228510993e+00 1.145573626600535078e-02 -4.163524246257207378e-03
7.618852602012989337e+02 2.484866071631227857e+00 8.483082092763912299e-03 -3.413899118995602187e-03
7.928563078297642051e+02 2.250256085688804752e+00 6.010773928894558998e-03 -2.671151060149075038e-03
8.250635153853505699e+02 1.916180138770829267e+00 3.918634175770551592e-03 -2.045023897536186411e-03
8.585429929522798602e+02 1.540796096481550803e+00 2.273980728781188274e-03 -1.475847929504678921e-03
8.933257014489666972e+02 1.187713853272821307e+00 1.202129611283027583e-03 -1.012137399905274019e-03
9.294352394385306297e+02 8.480388038571273768e-01 5.311541820158944801e-04 -6.263324031872723663e-04
9.668854129820067556e+02 4.715757362854324786e-01 1.695290006998426862e-04 -3.594947484686345342e-04
1.005677771845438428e+03 2.190938557667310160e-01 4.269288146946335623e-05 -1.948611535456221025e-04
1.045799357404652255e+03 8.366744214478152863e-02 7.944335442618034130e-06 -9.495133637372151262e-05
1.087220945008509943e+03 3.150102426166100783e-02 1.349079413492611594e-06 -4.282652533094097910e-05
1.129896061944879193e+03 2.435860778305573918e-02 4.600118530877407015e-07 -1.888498132507116130e-05
1.173761012738381396e+03 1.615755937243608734e-02 1.485291613107263020e-07 -9.192549313116492573e-06
1.218736046824064488e+03 1.547834919941326604e-02 8.123946923238552495e-08 -5.248587442093957131e-06
1.264727671163808054e+03 9.876300802492625486e-03 3.290843935019170029e-08 -3.332061265477669225e-06
1.311631963282218067e+03 2.109995845299220824e-02 4.677627713052871062e-08 -2.216889537234861863e-06
1.359338605180645345e+03 1.196111879194083341e-03 1.861701231755849247e-09 -1.556460782757401489e-06
1.407735261642495288e+03 4.674840952336577204e-03 -5.353446325155184483e-09 -1.145161167992127484e-06
1.456711886442774812e+03 1.055009747412327496e-02 -9.174963659986143168e-09 -8.696567669151883827e-07
1.506164563908291029e+03 2.606821028008157477e-03 1.778864127890051051e-09 -6.823882839587422760e-07
1.555998574640470224e+03 4.027649568983724185e-03 2.233660778618007098e-09 -5.545817083539407460e-07
1.606130495017461953e+03 1.697615186983090227e-03 7.871543233767820727e-10 -4.636824230912248479e-07
1.656489275746223939e+03 6.604932475815330703e-03 2.610880252230806914e-09 -3.952924972042977227e-07
1.707016370261715110e+03 5.666164017893352174e-03 1.970763637137937718e-09 -3.478126702499968375e-07
1.757665079461760797e+03 1.106747538378875274e-02 3.476470066902822159e-09 -3.141159068666222600e-07
1.808399334288086266e+03 1.564139848443337963e-02 4.470599722409507065e-09 -2.858184149491961504e-07
1.859192150915839875e+03 9.456354998219602612e-03 2.524573116455569892e-09 -2.669710598778159686e-07
1.910023971779844032e+03 7.886400075037089397e-03 1.982086250092446709e-09 -2.513296600772723264e-07
1.960881061177727361e+03 7.632951065543360468e-03 1.832169936553352455e-09 -2.400342830473690849e-07
2.011754069791968277e+03 2.177454665545273949e-02 4.985765398154818570e-09 -2.289721791707793202e-07
2.062636829418243451e+03 2.267055865940841367e-02 5.046201861478328733e-09 -2.225883330574266878e-07
2.113525395165196642e+03 1.258132824979086607e-02 2.715885284397105071e-09 -2.158663402206559454e-07
2.164417321075887230e+03 1.686753546361743211e-02 3.546502158661658383e-09 -2.102560961742938151e-07
2.215311136756741234e+03 1.820394328957941274e-02 3.753751009103397365e-09 -2.062053781090484053e-07
2.266205985135537503e+03 1.687715224140621736e-02 3.418078540776706836e-09 -2.025269720794975645e-07
2.317101381790765572e+03 1.666969461380128636e-02 3.329587335459345487e-09 -1.997389521882836954e-07
2.367997061218837644e+03 1.762061606428154750e-02 3.478491063002353173e-09 -1.974102977053988055e-07
2.418892882304757222e+03 1.981934098841365774e-02 3.891549468841978766e-09 -1.963511032539866000e-07
2.469788772313608661e+03 1.851350320267943633e-02 3.607022098223175995e-09 -1.948319590698067553e-07
2.520684694888443119e+03 1.522454000480788321e-02 2.962066434445986509e-09 -1.945586818065157313e-07
2.571580632404995413e+03 1.460749009350758090e-02 2.830077922241652895e-09 -1.937415602629437569e-07
2.622476576577832930e+03 1.746452396425568140e-02 3.380035796780400211e-09 -1.935372417649777904e-07
2.673372523629517673e+03 1.689945388009981078e-02 3.259682222472774159e-09 -1.928868379771288597e-07
2.724268471889904959e+03 1.704285996578314144e-02 3.291707351303297483e-09 -1.931428972550405563e-07
2.775164420642892765e+03 1.686222644905204307e-02 3.263609425828130925e-09 -1.935455816400570256e-07
2.826060369590731170e+03 1.408433600074482372e-02 2.716579519841005622e-09 -1.928794882270164894e-07
2.876956318613370058e+03 1.381091474619710463e-02 2.669618920643499240e-09 -1.932977626538886814e-07
2.927852267663872681e+03 1.449018122554043657e-02 2.800317209962887181e-09 -1.932561895793987436e-07
2.978748216724447047e+03 1.586549157744404637e-02 3.077049606829350081e-09 -1.939460616022757540e-07
3.029644165788553437e+03 1.561224276890938074e-02 3.041494320163356819e-09 -1.948146954401879017e-07
3.080540114853861269e+03 1.583003624187688183e-02 3.091362196889702712e-09 -1.952845937719203128e-07
3.131436063919566095e+03 1.619702125862304901e-02 3.157574378580065024e-09 -1.949478443080402829e-07
3.182332012985396887e+03 1.535546601245133674e-02 2.977200154388562137e-09 -1.938853664209494042e-07
3.233227962051267696e+03 1.503147756309546230e-02 2.930504893284557434e-09 -1.949578729691475995e-07
3.284123911117149419e+03 1.566916621221035866e-02 3.063277171736428503e-09 -1.954971394297507898e-07
3.335019860183036144e+03 1.555933747415439404e-02 3.061953403416796086e-09 -1.967920169160804639e-07
3.385915809248923324e+03 1.539595112153762865e-02 3.032217054995713045e-09 -1.969489920472596702e-07
3.436811758314810049e+03 1.622866197619480741e-02 3.206817317882319145e-09 -1.976020772745328407e-07
3.487707707380696775e+03 1.687756087557628487e-02 3.336341838250579599e-09 -1.976791470548708837e-07
3.538603656446583500e+03 1.622164391389158827e-02 3.220738210561416036e-09 -1.985457348008545617e-07
3.589499605512470680e+03 1.566363360141471636e-02 3.108496198841547404e-09 -1.984530714866052906e-07
3.640395554578357405e+03 1.551024397842817523e-02 3.080663788568944161e-09 -1.986212333509109671e-07
3.691291503644244131e+03 1.596746524859319477e-02 3.166048054000720699e-09 -1.982811927071307476e-07
3.742187452710131311e+03 1.559784649558891741e-02 3.112942065233780889e-09 -1.995751186623181067e-07
3.793083401776018036e+03 1.495231900321050515e-02 2.999677989047445345e-09 -2.006162380834281306e-07
3.843979350841904761e+03 1.426490393678787709e-02 2.886029777111445661e-09 -2.023168042280775456e-07
3.894875299907791486e+03 1.288370153685334044e-02 2.620322151187260365e-09 -2.033827113808813343e-07
3.945771248973678667e+03 1.231162944087242118e-02 2.500322572772577455e-09 -2.030862433588157603e-07
3.996667198039565392e+03 1.358426561698786346e-02 2.753973264320831902e-09 -2.027325835617376549e-07
4.047563147105452117e+03 1.430400829325767682e-02 2.895569661855957027e-09 -2.024306475843424981e-07
4.098459096171340207e+03 1.373827614783681636e-02 2.796000991050111089e-09 -2.035190558817206655e-07
4.149355045237226477e+03 1.463954686304912677e-02 2.992206606610414384e-09 -2.043920235101591815e-07
4.200250994303113657e+03 1.535200994684773369e-02 3.167610090492571757e-09 -2.063319462050625607e-07
4.251146943368999928e+03 1.448730055530757406e-02 3.005305220076565949e-09 -2.074441134567019813e-07
4.302042892434887108e+03 1.466461784709572301e-02 3.047608760299139779e-09 -2.078205373011277102e-07
4.352938841500774288e+03 1.411997088484923980e-02 2.936847606769409049e-09 -2.079924690156870580e-07
4.403834790566660558e+03 1.370951838696160899e-02 2.865468931735238418e-09 -2.090130995747037371e-07
4.454730739632547738e+03 1.305247762201490296e-02 2.743769355321883737e-09 -2.102106155458269014e-07
4.505626688698434918e+03 1.141756242267699673e-02 2.402179411434824729e-09 -2.103933679104512615e-07
4.556522637764321189e+03 1.137283756924372530e-02 2.396085801701723157e-09 -2.106849576557399924e-07
4.607418586830208369e+03 1.152204905655352524e-02 2.438288814116397045e-09 -2.116193744835294104e-07
4.658314535896095549e+03 1.163089303396211416e-02 2.467446565811164013e-09 -2.121459253907881183e-07
4.709210484961981820e+03 1.296939912140670538e-02 2.761741811699929795e-09 -2.129429271045813874e-07
4.760106434027869000e+03 1.288675724976654641e-02 2.759790042247938808e-09 -2.141570597442529161e-07
4.811002383093756180e+03 1.281303812626481860e-02 2.740023968185379065e-09 -2.138465476481130766e-07
4.861898332159642450e+03 1.379188793287230638e-02 2.946888974974043102e-09 -2.136682801743388502e-07
4.912794281225529630e+03 1.408742005606600581e-02 3.023676093474058277e-09 -2.146366106384448434e-07
4.963690230291415901e+03 1.350973536312834698e-02 2.890840450521831910e-09 -2.139820191009590541e-07
5.014586179357303081e+03 1.248159963658085174e-02 2.693728526380710344e-09 -2.158159694920816451e-07
5.065482128423190261e+03 1.129372363377337610e-02 2.445177441884367271e-09 -2.165076392140651935e-07
5.116378077489076531e+03 1.072295573902322038e-02 2.333523811972990615e-09 -2.176194576165952531e-07
5.167274026554963712e+03 9.472462874892170065e-03 2.057029290849381954e-09 -2.171588654416128354e-07
5.218169975620850892e+03 8.980824702290239950e-03 1.945164852586253212e-09 -2.165908941625603891e-07
5.269065924686737162e+03 1.034380785597079772e-02 2.233333127803635570e-09 -2.159101521316910193e-07
5.319961873752624342e+03 1.231514587735180188e-02 2.649993250040436795e-09 -2.151816370209558938e-07
5.370857822818511522e+03 1.354711746861118546e-02 2.925966292120493419e-09 -2.159844187444294553e-07
5.421753771884397793e+03 1.307187670662705511e-02 2.849326124171802915e-09 -2.179737606251502247e-07
5.472649720950284973e+03 1.159829154974404558e-02 2.540529132321560316e-09 -2.190433928501845226e-07
5.523545670016172153e+03 1.032227002070395389e-02 2.265075865271229922e-09 -2.194358276549674471e-07
5.574441619082058423e+03 9.636692222515456235e-03 2.135203956627387866e-09 -2.215702138580947441e-07
5.625337568147945603e+03 8.909620443240427040e-03 1.981321934770474725e-09 -2.223800606762849382e-07
5.676233517213831874e+03 9.523059573074423370e-03 2.122508290450552848e-09 -2.228809212169322321e-07
5.727129466279719054e+03 1.013364998159208517e-02 2.253184565805439655e-09 -2.223467921132445321e-07
5.778025415345606234e+03 1.079816362675212887e-02 2.387881794507275871e-09 -2.211377672210272718e-07
5.828921364411492505e+03 1.070459604260066977e-02 2.373898169515811646e-09 -2.217643860701048642e-07
5.879817313477379685e+03 9.847791077988546013e-03 2.207055014287970218e-09 -2.241167584496289542e-07
5.930713262543266865e+03 1.003256821694299347e-02 2.253856760243333325e-09 -2.246540179449785995e-07
5.981609211609153135e+03 1.089377684901140890e-02 2.443956131419232481e-09 -2.243442439929377821e-07
6.032505160675040315e+03 1.038268206806373418e-02 2.331905308927560397e-09 -2.245956578118005669e-07
6.083401109740927495e+03 9.309552666650141792e-03 2.090294988828032646e-09 -2.245322695596483381e-07
6.134297058806813766e+03 8.340163119774377312e-03 1.877961658902240697e-09 -2.251708548061401006e-07
6.185193007872700946e+03 8.122839747750833228e-03 1.833588445454482056e-09 -2.257324411653192957e-07
6.236088956938588126e+03 8.074730875864993829e-03 1.816221990220548823e-09 -2.249266282854273527e-07
6.286984906004474396e+03 8.570577528639931539e-03 1.934846865722951499e-09 -2.257545491254651976e-07
6.337880855070361577e+03 9.710415932265653582e-03 2.198794002983683531e-09 -2.264366447659113151e-07
6.388776804136247847e+03 1.000842054714819185e-02 2.266396994617673300e-09 -2.264490169993368531e-07
6.439672753202135027e+03 9.839179812132326647e-03 2.219176477986822112e-09 -2.255448645475955329e-07
6.490568702268022207e+03 8.855519290162663926e-03 2.001825506915152700e-09 -2.260539942743867927e-07
6.541464651333909387e+03 7.983353960314909514e-03 1.815480281998394769e-09 -2.274082160233794691e-07
6.592360600399796567e+03 7.729265666486967966e-03 1.766261032794167405e-09 -2.285160206683582021e-07
6.643256549465682838e+03 7.562774099184084962e-03 1.714569000380250478e-09 -2.267116507638682347e-07
6.694152498531570018e+03 8.549065158902701550e-03 1.947310424635479392e-09 -2.277805103178582614e-07
6.745048447597457198e+03 8.573387283858103711e-03 1.955966782960281247e-09 -2.281439900239847948e-07
6.795944396663343468e+03 8.036133177000488043e-03 1.841462493748952827e-09 -2.291478318228026738e-07
6.846840345729230648e+03 8.036141077130888599e-03 1.855304184761978493e-09 -2.308700366201597783e-07
6.897736294795117828e+03 8.214362382295826298e-03 1.887290784058104001e-09 -2.297549945112874964e-07
6.948632243861004099e+03 7.241565626992069529e-03 1.662159584369929588e-09 -2.295304178663283265e-07
6.999528192926891279e+03 5.224830776483683527e-03 1.200566790672384402e-09 -2.297809904343671524e-07
7.050424141992778459e+03 4.880649437975055453e-03 1.125559966352623251e-09 -2.306168432411752073e-07
7.101320091058664730e+03 7.220250170227455501e-03 1.661830739916330709e-09 -2.301624875504803990e-07
7.152216040124551910e+03 8.832043776194597670e-03 2.036571429534131145e-09 -2.305889192967309923e-07
7.203111989190439090e+03 8.732630191248213353e-03 2.024258647472424094e-09 -2.318040044225304912e-07
7.254007938256325360e+03 6.986958981706964562e-03 1.624505450772911572e-09 -2.325053653565364470e-07
7.304903887322212540e+03 5.898726658101464786e-03 1.371850317985680328e-09 -2.325671958543027795e-07
7.355799836388098811e+03 5.725813963565900416e-03 1.345591514780667818e-09 -2.350044069442077118e-07
7.406695785453985991e+03 5.450589173257957935e-03 1.281214738265676037e-09 -2.350598618864281193e-07
7.457591734519873171e+03 5.543285107012235237e-03 1.300998958021883876e-09 -2.346981858061251314e-07
7.508487683585759441e+03 5.527786347296718104e-03 1.300888384218168721e-09 -2.353362272864161840e-07
7.559383632651646622e+03 6.237660856186049915e-03 1.474392628350443499e-09 -2.363694760493831822e-07
7.610279581717533802e+03 6.632276525089246706e-03 1.576230515231406013e-09 -2.376605543011787340e-07
7.661175530783420072e+03 5.639274854923870955e-03 1.358252605774907205e-09 -2.408558973835020481e-07
7.712071479849307252e+03 4.921783902188029032e-03 1.193111496927189554e-09 -2.424144417223965764e-07
7.762967428915194432e+03 4.869441802783622958e-03 1.193135605197053698e-09 -2.450251288587114933e-07
7.813863377981080703e+03 5.551016171509991735e-03 1.362634908157799946e-09 -2.454748583063729094e-07
7.864759327046967883e+03 6.993945308082731745e-03 1.710847314492860812e-09 -2.446183433141343452e-07
7.915655276112855063e+03 6.474698351017073132e-03 1.565556803259102297e-09 -2.417960989662441937e-07
7.966551225178741333e+03 5.383861415822354182e-03 1.282844886893303133e-09 -2.382759859165795213e-07
8.017447174244628513e+03 8.298673605235635381e-03 1.845960064970295616e-09 -2.224403745443945392e-07
8.068343123310514784e+03 1.264817220619224997e-02 2.662117082013618716e-09 -2.104744494789775408e-07
8.119239072376401964e+03 1.537114620986983551e-02 2.167800216689661702e-09 -1.410304857615441870e-07
