# Columns: yplus absP_over_phi P_term_plus PHI_term_plus | Case=jet_M16_T05 | x*=20.00 | USE_ABS=True
4.203156966492162527e-01 4.785318274699613419e-04 1.291609401613701591e-04 -2.699108664187606643e-01
1.231360178775261049e+00 1.090097823585240745e-02 2.631832974627728531e-03 -2.414308989235341707e-01
2.045746270325652372e+00 5.220821301470714854e-02 1.172520733432896173e-02 -2.245854944513414053e-01
2.864379324515178293e+00 1.471692066482834238e-01 3.058953755112767126e-02 -2.078528399234559898e-01
3.688262977087036543e+00 3.117027164337582978e-01 5.947590519617190069e-02 -1.908097108573369172e-01
4.518485908257924955e+00 5.431315949556306810e-01 9.539900952043368909e-02 -1.756462161407255085e-01
5.356208639379643976e+00 8.158034106978387934e-01 1.338897507375942375e-01 -1.641201164175874749e-01
6.202651497297872574e+00 1.087820148310418178e+00 1.701508569245332725e-01 -1.564145113406920917e-01
7.059084456807791064e+00 1.325378936029143251e+00 2.009842492335513209e-01 -1.516428575783038968e-01
7.926819182282082821e+00 1.510725747496798332e+00 2.245082892457200552e-01 -1.486095604167200768e-01
8.807203280539807722e+00 1.643728674757011010e+00 2.404965410385765390e-01 -1.463115809390674871e-01
9.701616567485674025e+00 1.731161828282519188e+00 2.493500543396529323e-01 -1.440362479497554749e-01
1.061146903737490810e+01 1.783287507745313416e+00 2.521431267781366614e-01 -1.413923025216118901e-01
1.153820018768571209e+01 1.807486325851933584e+00 2.498987478609044355e-01 -1.382576146146600182e-01
1.248327937044989433e+01 1.810433227117078214e+00 2.437992188928845283e-01 -1.346634690753598096e-01
1.344820688907074313e+01 1.796527174179720632e+00 2.348187216739021366e-01 -1.307070246689245874e-01
1.443451561931872718e+01 1.770366297659299981e+00 2.239138339966017799e-01 -1.264788164419141658e-01
1.544377299158211159e+01 1.735647543532036430e+00 2.118255331170827427e-01 -1.220440946702914947e-01
1.647758322153151411e+01 1.695815714896038884e+00 1.991901035651714447e-01 -1.174597580476972325e-01
1.753758971551889800e+01 1.653040023783702406e+00 1.864373275234277594e-01 -1.127845211495149963e-01
1.862547760549988851e+01 1.609041487799129255e+00 1.739003424850426582e-01 -1.080769786258936743e-01
1.974297638772993224e+01 1.564976284106418092e+00 1.618021252992790648e-01 -1.033895062452438729e-01
2.089186265209398030e+01 1.521551730188015261e+00 1.503057843876403066e-01 -9.878453778831911003e-02
2.207396289671977385e+01 1.479199360756449755e+00 1.395167976566670243e-01 -9.431913057704360837e-02
2.329115642714298318e+01 1.438290211585743883e+00 1.294924891903940500e-01 -9.003223977143387513e-02
2.454537834194054113e+01 1.398908031920258033e+00 1.202386882984031874e-01 -8.595181781418004263e-02
2.583862260823739376e+01 1.361146706679332796e+00 1.117105713980547088e-01 -8.207092655764119948e-02
2.717294523133179140e+01 1.325351427241142188e+00 1.038661783913163439e-01 -7.836878299329610997e-02
2.855046752317975844e+01 1.291596733918580320e+00 9.665164747226152875e-02 -7.483113338249913760e-02
2.997337947480163933e+01 1.259781733390598513e+00 9.003521931625978192e-02 -7.146890364407604279e-02
3.144394323791452095e+01 1.229758590291007536e+00 8.394933262155791776e-02 -6.826488815312306557e-02
3.296449672130167841e+01 1.202053138692415368e+00 7.834626650938690540e-02 -6.517704083748859789e-02
3.453745730762700816e+01 1.175972729142401585e+00 7.316594443617321919e-02 -6.221738193668040900e-02
3.616532569659938900e+01 1.151136189993506198e+00 6.837727111440325412e-02 -5.939981012567156077e-02
3.785068988059587269e+01 1.127694732090416929e+00 6.396642716190269196e-02 -5.672317635405426522e-02
3.959622925906320035e+01 1.106656310797142329e+00 5.994356286343029833e-02 -5.416637693074916049e-02
4.140471889823890450e+01 1.087855227432168226e+00 5.627423287999873402e-02 -5.172952380146340901e-02
4.327903394296393458e+01 1.071316355686514621e+00 5.294056166900008853e-02 -4.941636649902075851e-02
4.522215418760056593e+01 1.055677453387713571e+00 4.986384834265201321e-02 -4.723398059003421079e-02
4.723716881332281048e+01 1.039957371431928790e+00 4.697676550024865866e-02 -4.517181837517612181e-02
4.932728129931020078e+01 1.024541426801889310e+00 4.426676538404272776e-02 -4.320641823359123307e-02
5.149581451565330070e+01 1.010405003999425011e+00 4.172118002090782068e-02 -4.129154136783309836e-02
5.374621600606715077e+01 9.976467751201265610e-01 3.933493057429707229e-02 -3.942771284913015178e-02
5.608206346881176074e+01 9.851460910945579741e-01 3.716042485548495117e-02 -3.772072506951474474e-02
5.850707044453239547e+01 9.714053580728704285e-01 3.515575627663572456e-02 -3.619061392288357160e-02
6.102509222006320044e+01 9.573601529521258424e-01 3.320260476064197663e-02 -3.468141499127373739e-02
6.364013195757900121e+01 9.434069198279204649e-01 3.132619850880644791e-02 -3.320539403560916758e-02
6.635634705884051243e+01 9.344194978087952963e-01 2.973788094444259136e-02 -3.182497905296029911e-02
6.917805577465009037e+01 9.331125144216542155e-01 2.846147732852518514e-02 -3.050165643332486062e-02
7.210974407002569819e+01 9.377918883439887443e-01 2.743465450584415405e-02 -2.925452314829676478e-02
7.515607275600831372e+01 9.436140023139826249e-01 2.653901633806961258e-02 -2.812486490555371477e-02
7.832188489943973764e+01 9.486363584329747800e-01 2.566629008093923581e-02 -2.705598394239985133e-02
8.161221352249184235e+01 9.508482481041528045e-01 2.475898057881536357e-02 -2.603883493310422265e-02
8.503228960418736904e+01 9.497217029416225031e-01 2.380582654200658760e-02 -2.506610775374676706e-02
8.858755039663391528e+01 9.494015367527253169e-01 2.287946181972363990e-02 -2.409882534841806256e-02
9.228364806919086050e+01 9.487653804023939985e-01 2.199052856835408826e-02 -2.317804698884289027e-02
9.612645869431374024e+01 9.433158963565164701e-01 2.104673261449628227e-02 -2.231143638709750729e-02
1.001220915893600818e+02 9.379356517294621387e-01 2.019385686054967974e-02 -2.153010904672849474e-02
1.042768990292093036e+02 9.389256123888176653e-01 1.951105988957947679e-02 -2.078019774105360068e-02
1.085974863451371561e+02 9.429153360313374810e-01 1.887929299628079982e-02 -2.002225679745795600e-02
1.130907224260010935e+02 9.453326578871500407e-01 1.824629356574632849e-02 -1.930145268283378970e-02
1.177637506384298263e+02 9.487134219996338214e-01 1.769482048194901194e-02 -1.865138625808947584e-02
1.226240001833795077e+02 9.534518294342908540e-01 1.719769671255522506e-02 -1.803730003094030504e-02
1.276791979071102077e+02 9.573754186980399927e-01 1.672543655198887452e-02 -1.747009190473496412e-02
1.329373805853602164e+02 9.532851134910527158e-01 1.617113483218692027e-02 -1.696358686748620712e-02
1.384069077002480412e+02 9.492883897265218529e-01 1.558976905532452432e-02 -1.642258477407033609e-02
1.440964747302138846e+02 9.483779823921995034e-01 1.508068958416324337e-02 -1.590156020506037007e-02
1.500151269741296858e+02 9.531340755993763514e-01 1.468115971983208028e-02 -1.540303730154633788e-02
1.561722739315557078e+02 9.551302892391198007e-01 1.425128287967145253e-02 -1.492077367897564483e-02
1.625777042620041470e+02 9.619433403280721606e-01 1.392881141308379735e-02 -1.447986677503620631e-02
1.692416013469938605e+02 9.753253254227708391e-01 1.374144750570702525e-02 -1.408909124732362315e-02
1.761745594796352066e+02 9.865293763833411500e-01 1.354769747597329467e-02 -1.373268531104439305e-02
1.833876007074841255e+02 9.896615890388231751e-01 1.324511800778962675e-02 -1.338348194422046833e-02
1.908921923554422619e+02 9.842998754198082345e-01 1.282583365407413689e-02 -1.303041275770136856e-02
1.987002652565607548e+02 9.676500680510861097e-01 1.227483836292217641e-02 -1.268520384403480292e-02
2.068242327197318673e+02 9.610215311577608999e-01 1.186003353556078048e-02 -1.234106952970426448e-02
2.152770102644220458e+02 9.625874015484620072e-01 1.152116897369566927e-02 -1.196895882406334363e-02
2.240720361538220970e+02 9.603493856705589415e-01 1.115032464636024102e-02 -1.161069587041447908e-02
2.332232927590579834e+02 9.491252257804435599e-01 1.069680386248609942e-02 -1.127017128186680144e-02
2.427453287884262920e+02 9.460538268871582224e-01 1.034763528068509408e-02 -1.093768133123288085e-02
2.526532824169963476e+02 9.274708903534399917e-01 9.866146295163863086e-03 -1.063768836066011567e-02
2.629629053533516299e+02 8.945050487106911419e-01 9.279906149240360613e-03 -1.037434742555796464e-02
2.736905878817356097e+02 8.822779499043617024e-01 8.914447733710828894e-03 -1.010389949638563351e-02
2.848533849194261052e+02 8.740776198934672170e-01 8.578198641336806998e-03 -9.814001006435011526e-03
2.964690431307960807e+02 8.786079878489003736e-01 8.377602694524002164e-03 -9.535085965966371563e-03
3.085560291412436413e+02 8.938618140075555996e-01 8.251209119918839416e-03 -9.230967237458354707e-03
3.211335588960332643e+02 8.797626105799625229e-01 7.874769586368105326e-03 -8.951016435191364723e-03
3.342216282111543251e+02 8.852351719103034311e-01 7.675480917526040538e-03 -8.670555758604403182e-03
3.478410445657061132e+02 9.008825807571519961e-01 7.545406412492340793e-03 -8.375571438123223522e-03
3.620134601882891729e+02 9.118224989562757621e-01 7.405049119981968291e-03 -8.121152009802578425e-03
3.767614064937326930e+02 9.236080480248128888e-01 7.271229132046930395e-03 -7.872635094071406270e-03
3.921083299315103545e+02 9.308484318817060732e-01 7.088654463247004781e-03 -7.615261755254097015e-03
4.080786293132308060e+02 9.447424223559534040e-01 6.944394948643300633e-03 -7.350569620157101393e-03
4.246976946918984481e+02 9.484218002347941656e-01 6.728019814328989670e-03 -7.093910971535429509e-03
4.419919478643370212e+02 9.204405542230770232e-01 6.301878345382075711e-03 -6.846589186524216358e-03
4.599888845451634438e+02 9.005263691125047210e-01 5.951072013871907922e-03 -6.608437262905321637e-03
4.787171181825974600e+02 9.017362891267433067e-01 5.727510736243893001e-03 -6.351647155944573422e-03
4.982064251871785245e+02 9.589377403390816346e-01 5.845753137567351147e-03 -6.096071613054133281e-03
5.184877909050967446e+02 1.003298531727469634e+00 5.872276810725878850e-03 -5.852970601496893834e-03
5.395934547925527340e+02 9.799038942494773252e-01 5.497848394556890256e-03 -5.610599597389877118e-03
5.615569516429258101e+02 9.871073554849658649e-01 5.303012981428336346e-03 -5.372275823862102812e-03
5.844131429903382013e+02 1.014384166005306342e+00 5.251536424349549648e-03 -5.177068610041846847e-03
6.081982285017658114e+02 1.117659882647968672e+00 5.541913912523446437e-03 -4.958497659765240782e-03
6.329497208504773198e+02 1.177162609804627058e+00 5.515661770969927484e-03 -4.685556375159892310e-03
6.587063590333731327e+02 1.040305582682108820e+00 4.629923642658948825e-03 -4.450541955876186929e-03
6.855079246466884797e+02 1.131052212072147345e+00 4.793630920841609674e-03 -4.238204805823618526e-03
7.133949143800165302e+02 1.122836493274168124e+00 4.503018463198993175e-03 -4.010395538595547434e-03
7.424080121344636609e+02 1.055307606384933594e+00 4.004580612882296768e-03 -3.794704585329774973e-03
7.725872991015006619e+02 1.026946877802782376e+00 3.679308609034800080e-03 -3.582764297318779406e-03
8.039711441327426655e+02 1.100303870393184669e+00 3.690943863383058104e-03 -3.354476851984651564e-03
8.365947341746306165e+02 1.207045105564306997e+00 3.779227140729023507e-03 -3.130974247198652083e-03
8.704882386438665662e+02 1.191180567896017228e+00 3.435929125535724504e-03 -2.884473788558025113e-03
9.056746528171020145e+02 1.286796031392506201e+00 3.357879611879961874e-03 -2.609488629092392414e-03
9.421674298097384508e+02 1.280662288742685506e+00 3.013200438339888425e-03 -2.352845449441753455e-03
9.799680797687595941e+02 1.208208347826215778e+00 2.450241312213781875e-03 -2.027995681888977893e-03
1.019063975351289514e+03 1.108434777286736450e+00 1.922337666792278601e-03 -1.734281264160477407e-03
1.059426639021024585e+03 1.050569053196698022e+00 1.516530480956820469e-03 -1.443532413545100266e-03
1.101010786119453542e+03 9.907696022867282792e-01 1.153805173729123904e-03 -1.164554474689276104e-03
1.143754349516881575e+03 8.349331854078445581e-01 7.719193791839210582e-04 -9.245283247507490604e-04
1.187579617435058253e+03 6.288776118946975968e-01 4.449392195103684224e-04 -7.075132125785887384e-04
1.232395486942604066e+03 5.484259981716053112e-01 2.845106374107747409e-04 -5.187767143776978200e-04
1.278100692294657392e+03 4.264172634054303468e-01 1.578997555762095910e-04 -3.702940033787543235e-04
1.324587735721727313e+03 2.623196280671635239e-01 6.566742650884306121e-05 -2.503336368410440820e-04
1.371747153805630660e+03 1.857414272480849005e-01 2.770362309349883379e-05 -1.491515571079174787e-04
1.419471713602763430e+03 9.053068308966349953e-02 7.701827361142465160e-06 -8.507422122855753293e-05
1.467660155996569983e+03 5.071515978253859219e-02 2.321841374803475441e-06 -4.578199861262970230e-05
1.516220183046561260e+03 3.575502060371642948e-02 8.429327395977148089e-07 -2.357522734891387881e-05
1.565070503817607687e+03 2.821791368070211692e-02 3.601845166181614786e-07 -1.276439217632475891e-05
1.614141885359334083e+03 2.302116173048821685e-02 1.473405839417909384e-07 -6.400223657985927601e-06
1.663377277822846281e+03 1.596304515989659199e-04 5.170702842387879532e-10 -3.239170716235306934e-06
1.712731175947148358e+03 1.983693976981921060e-03 3.733931381629730779e-09 -1.882312203876677270e-06
1.762168432762937300e+03 1.328836221718160231e-02 1.615633644894601781e-08 -1.215826012633534258e-06
1.811662754274496365e+03 1.549367054199025581e-02 1.331448047092690131e-08 -8.593496573224910679e-07
1.861195082896852909e+03 1.661082939658365190e-02 1.067751594133465619e-08 -6.428045034000951009e-07
1.910752034074582298e+03 2.270276154081779171e-02 1.138641399614711162e-08 -5.015431261820386436e-07
1.960324497501186897e+03 2.469470591787786828e-02 1.003324725984919304e-08 -4.062914251019919269e-07
2.009906462659664612e+03 2.516373612188169476e-02 8.551392814434699812e-09 -3.398300146296099038e-07
2.059494085508002172e+03 1.523981499607760144e-02 4.471922842083157423e-09 -2.934368194911902380e-07
2.109084982619028779e+03 1.437592287646489823e-02 3.746974923745421219e-09 -2.606423918619977177e-07
2.158677721189108979e+03 8.174743975389926753e-03 1.927723958095564187e-09 -2.358145972398620405e-07
2.208271466056681220e+03 1.539649840231106792e-02 3.344855694865159965e-09 -2.172478187873604711e-07
2.257865745184248681e+03 1.829492913726734823e-02 3.733560526243600539e-09 -2.040762496662651682e-07
2.307460299855702488e+03 6.545484138022693819e-03 1.273883875528327024e-09 -1.946202677550374341e-07
2.357054992563585529e+03 8.132810405641559270e-03 1.523308100574954425e-09 -1.873040221764259726e-07
2.406649752432417245e+03 9.709932539252261879e-03 1.764909741653991825e-09 -1.817633371312694233e-07
2.456244544034697356e+03 1.204122401682500634e-02 2.143152098120464739e-09 -1.779845715955349099e-07
2.505839350196717078e+03 1.412734428412998344e-02 2.463978087091951406e-09 -1.744119798835703655e-07
2.555434162844857383e+03 1.356396641994074385e-02 2.337777800109940460e-09 -1.723520781261380807e-07
2.605028978298248148e+03 1.721364201422835929e-02 2.938784094714409071e-09 -1.707241321903455778e-07
2.654623794929441829e+03 1.318904874985914188e-02 2.225633692759910441e-09 -1.687486137151233121e-07
2.704218612040642711e+03 1.012643320554851463e-02 1.696155462562707388e-09 -1.674978176554152547e-07
2.753813429341712890e+03 8.515419803747099892e-03 1.423163809365539121e-09 -1.671278506714718143e-07
2.803408246715671794e+03 9.487568494448978332e-03 1.582016810241518891e-09 -1.667462860655110186e-07
2.853003064116781843e+03 4.612605585191685564e-03 7.692716354957291507e-10 -1.667759406885773603e-07
2.902597881527706249e+03 2.996498207698141888e-03 4.996472059192868476e-10 -1.667437025777856893e-07
2.952192698942071729e+03 6.954293902191229990e-03 1.159370103675057717e-09 -1.667128424511583363e-07
3.001787516357608638e+03 1.015407734608891714e-02 1.691420584045469511e-09 -1.665755071973092648e-07
3.051382333773532082e+03 9.108956444161245627e-03 1.509626706778366137e-09 -1.657299292221363719e-07
3.100977151189578308e+03 5.747708110062230841e-03 9.559693471049008998e-10 -1.663218327721500447e-07
3.150571968605663642e+03 5.143146080234130453e-03 8.563653411039834051e-10 -1.665061283005594339e-07
3.200166786021759890e+03 5.506557025233826778e-03 9.200982275893221375e-10 -1.670913827593117070e-07
3.249761603437860686e+03 6.797200187280717613e-03 1.142799523780536920e-09 -1.681279780341035397e-07
3.299356420853961481e+03 5.211973648558100407e-03 8.764109655828664426e-10 -1.681533761831905396e-07
3.348951238270062731e+03 5.220204717820062928e-03 8.778849603352877778e-10 -1.681706001564415945e-07
3.398546055686163527e+03 6.693941321371433932e-03 1.131021085076025822e-09 -1.689619061142749397e-07
3.448140873102264322e+03 7.118242432788562252e-03 1.209233089297039254e-09 -1.698780423278339653e-07
3.497735690518365573e+03 7.935725674972256283e-03 1.358763216813234002e-09 -1.712210417124813515e-07
3.547330507934466368e+03 7.068388042491560719e-03 1.214315314713050752e-09 -1.717952250800611899e-07
3.596925325350567164e+03 7.843408180183778985e-03 1.352189472164212584e-09 -1.723982025544065670e-07
3.646520142766668414e+03 8.701481512356131973e-03 1.503087808445266261e-09 -1.727392980506683643e-07
3.696114960182769209e+03 8.773201390011574688e-03 1.518849989047788700e-09 -1.731238029913484939e-07
3.745709777598870005e+03 7.014651266571742330e-03 1.213370742305880839e-09 -1.729766307967707886e-07
3.795304595014970801e+03 5.019632967335056241e-03 8.709333973247779149e-10 -1.735053943171387083e-07
3.844899412431072051e+03 2.743519693257891450e-03 4.764300791332673561e-10 -1.736565187791720322e-07
3.894494229847172846e+03 2.894188342596210745e-03 5.063829565448384731e-10 -1.749654468204344007e-07
3.944089047263273642e+03 2.605735108074011194e-03 4.581140527376644918e-10 -1.758099091953642299e-07
3.993683864679375347e+03 2.915810170368971985e-03 5.142330526657292471e-10 -1.763602644271788360e-07
4.043278682095476597e+03 4.090458114287154334e-03 7.260463414640418779e-10 -1.774975616858431743e-07
4.092873499511577393e+03 5.895433009335063375e-03 1.047059120511276107e-09 -1.776051256715700041e-07
4.142468316927678643e+03 6.937149432582560143e-03 1.234947700602440036e-09 -1.780194750890199632e-07
4.192063134343778984e+03 7.256441756527892174e-03 1.288564782231664573e-09 -1.775752945405332097e-07
4.241657951759880234e+03 5.769833098370817821e-03 1.027429387730958390e-09 -1.780691694567500583e-07
4.291252769175981484e+03 4.604898043898115675e-03 8.196616979239075273e-10 -1.779977949805054847e-07
4.340847586592081825e+03 4.754892830858782095e-03 8.484431686722666277e-10 -1.784358131409302753e-07
4.390442404008183075e+03 4.060864542891819140e-03 7.271484155810006895e-10 -1.790624651230509759e-07
4.440037221424284326e+03 3.663364515216196646e-03 6.577852158201445573e-10 -1.795576752157639991e-07
4.489632038840384666e+03 3.333554253947926781e-03 6.040731867646808408e-10 -1.812099461256036921e-07
4.539226856256485917e+03 3.571378945392735937e-03 6.479184969925388068e-10 -1.814197000372607573e-07
4.588821673672586257e+03 3.111889613107567815e-03 5.683950590825576858e-10 -1.826527061526941596e-07
4.638416491088687508e+03 2.712449041720933155e-03 4.960843810896850126e-10 -1.828916869807591407e-07
4.688011308504788758e+03 3.051646837680253160e-03 5.583691463253418880e-10 -1.829730555419686259e-07
4.737606125920889099e+03 3.602091298070848793e-03 6.598978452339395830e-10 -1.831985340258747143e-07
4.787200943336990349e+03 3.960188195962547307e-03 7.259360404201899840e-10 -1.833084703298416974e-07
4.836795760753091599e+03 4.642685083165895739e-03 8.518933788981687516e-10 -1.834915277771228093e-07
4.886390578169191940e+03 4.915198031239657525e-03 9.011759687716742429e-10 -1.833447936469793510e-07
4.935985395585293190e+03 4.787148971195936790e-03 8.792167092259702037e-10 -1.836618652388254728e-07
4.985580213001394441e+03 3.894878335119048452e-03 7.169064711011941687e-10 -1.840638935078011044e-07
5.035175030417494781e+03 2.798869001609726077e-03 5.160106842081326696e-10 -1.843639998554262947e-07
5.084769847833596032e+03 2.410743950044763693e-03 4.442177386761848064e-10 -1.842658315778149726e-07
5.134364665249697282e+03 1.328525436674096510e-03 2.456011141421719461e-10 -1.848674533150251709e-07
5.183959482665797623e+03 1.025368560838414798e-03 1.899688545519139446e-10 -1.852688504478641194e-07
5.233554300081898873e+03 1.884870136963477313e-03 3.505839693990737030e-10 -1.859990046655754726e-07
5.283149117498000123e+03 3.058904823549468514e-03 5.695574425642735645e-10 -1.861965230756591002e-07
5.332743934914100464e+03 4.528080374816185333e-03 8.392758645033864092e-10 -1.853491535113168914e-07
5.382338752330201714e+03 5.951739924178587986e-03 1.106954082646473965e-09 -1.859883154755366732e-07
5.431933569746302965e+03 5.454410004439619493e-03 1.021946665872789391e-09 -1.873615414024569943e-07
5.481528387162403305e+03 3.244507180092762958e-03 6.095633934734717205e-10 -1.878754953028163189e-07
5.531123204578504556e+03 1.035593473980860003e-03 1.942519660631199929e-10 -1.875755023024702559e-07
5.580718021994605806e+03 1.141900096095723556e-03 2.150048357597747114e-10 -1.882869057414907329e-07
5.630312839410706147e+03 1.087751667445795330e-03 2.048421509992411859e-10 -1.883170186079708587e-07
5.679907656826807397e+03 1.858287210068948698e-03 3.506790317233578011e-10 -1.887108891581653993e-07
5.729502474242908647e+03 3.411033535534755811e-03 6.451760732126691080e-10 -1.891438669516110030e-07
5.779097291659008988e+03 3.705579945628984049e-03 7.015184652352537436e-10 -1.893140818788024264e-07
5.828692109075110238e+03 3.445798419322590889e-03 6.515032390509272239e-10 -1.890717795323053682e-07
5.878286926491210579e+03 2.093688712968323935e-03 3.972383955776666995e-10 -1.897313545787246274e-07
5.927881743907311829e+03 1.656664922997496108e-03 3.168414719734954123e-10 -1.912525988660498126e-07
5.977476561323413080e+03 2.312081060536951005e-03 4.428957207691741082e-10 -1.915571769210882727e-07
6.027071378739513420e+03 1.913846346172611056e-03 3.672918624427942615e-10 -1.919129313475555057e-07
6.076666196155614671e+03 6.122655432354496456e-04 1.170796055893684831e-10 -1.912235742855530264e-07
6.126261013571715921e+03 1.212643689907960849e-03 2.328172892204400233e-10 -1.919915067863922680e-07
6.175855830987816262e+03 7.664059386806380521e-04 1.472354494847515720e-10 -1.921115717581941983e-07
6.225450648403917512e+03 2.386002753358536710e-04 4.583874124963758719e-11 -1.921152068459057346e-07
6.275045465820018762e+03 1.042660080383540477e-03 2.007525484275236489e-10 -1.925388266074953172e-07
6.324640283236119103e+03 2.831958067940627388e-04 5.431150515869743165e-11 -1.917807533011681686e-07
6.374235100652221263e+03 2.058929069125271186e-03 3.943809963374199668e-10 -1.915466648421120167e-07
6.423829918068321604e+03 3.299879456712159331e-03 6.356805928916506057e-10 -1.926375194095762797e-07
6.473424735484422854e+03 2.402178368964129253e-03 4.640005728732638213e-10 -1.931582512223481592e-07
6.523019552900524104e+03 1.574743323452009076e-03 3.054616104307898564e-10 -1.939754916764369606e-07
6.572614370316624445e+03 1.942239174915689256e-03 3.755890644111657055e-10 -1.933794093240188505e-07
6.622209187732725695e+03 1.929314644063535042e-03 3.734939837357905444e-10 -1.935889435582861180e-07
6.671804005148826946e+03 1.996977878458623158e-03 3.886456628515008988e-10 -1.946169094028617496e-07
6.721398822564927286e+03 6.629349763317690452e-05 1.296894696193856151e-11 -1.956292460793046012e-07
6.770993639981028537e+03 1.694558543816948809e-03 -3.331402865518001631e-10 -1.965941441016315522e-07
6.820588457397129787e+03 5.772386117040855289e-06 1.138544037909787438e-12 -1.972397574979700906e-07
6.870183274813230128e+03 7.593470125453684230e-05 1.501503254523317820e-11 -1.977361113847284761e-07
6.919778092229331378e+03 1.582144393744489876e-04 3.146662907825395632e-11 -1.988859499971511128e-07
6.969372909645432628e+03 9.927952820242889973e-04 1.969294174394198011e-10 -1.983585347402989211e-07
7.018967727061532969e+03 2.700534847290070664e-04 -5.371884142529610052e-11 -1.989192677117342554e-07
7.068562544477634219e+03 5.151802099370619403e-04 -1.027084940014990288e-10 -1.993642069714724275e-07
7.118157361893735469e+03 6.949069101836227160e-04 1.387166426020391884e-10 -1.996190289219956059e-07
7.167752179309835810e+03 1.759737641772359581e-03 3.523499253640149476e-10 -2.002286687515178320e-07
7.217346996725937061e+03 2.093068269304469795e-03 4.224526443597878170e-10 -2.018341449035341465e-07
7.266941814142038311e+03 3.890000721355906551e-04 7.963186963066980917e-11 -2.047091384674940615e-07
7.316536631558138652e+03 2.033197456561278409e-03 -4.185340660267106016e-10 -2.058501817794775716e-07
7.366131448974239902e+03 1.477203154027452534e-03 -3.062994415747249332e-10 -2.073509257948907712e-07
7.415726266390341152e+03 9.061052569823236985e-05 -1.888576638630748964e-11 -2.084279529422917051e-07
7.465321083806441493e+03 5.172547350625066086e-04 -1.089659040374446184e-10 -2.106619749440802341e-07
7.514915901222542743e+03 4.719736461551394201e-04 -9.908667388019715369e-11 -2.099411157537957234e-07
7.564510718638643993e+03 7.528257666765728572e-04 -1.581745428712536290e-10 -2.101077697825507380e-07
7.614105536054744334e+03 4.782191549896231287e-04 -1.006489548589038161e-10 -2.104661718560558185e-07
7.663700353470845585e+03 6.819401730771891025e-04 1.437606320611680218e-10 -2.108112085734179136e-07
7.713295170886945925e+03 2.024994350139770977e-04 -4.211535474564417129e-11 -2.079776407412556339e-07
7.762889988303047176e+03 1.282890451564070063e-03 -2.630166006524127444e-10 -2.050187530289504165e-07
7.812484805719148426e+03 5.659102313838141078e-04 1.080471170045874411e-10 -1.909262476848686693e-07
7.862079623135248767e+03 2.821166342105233416e-03 5.083147442357955615e-10 -1.801789340278591390e-07
7.911674440551350017e+03 3.840907011373631379e-03 4.476707266284313250e-10 -1.165533883800873237e-07
