# Columns: yplus absP_over_phi P_term_plus PHI_term_plus | Case=jet_M08_T75 | x*=10.00 | USE_ABS=True
4.129360036437639270e-01 4.456668005703253626e-04 2.013259388652069068e-04 -4.517409387631468043e-01
1.209740571963183964e+00 1.029970363449722245e-02 3.896815951450202133e-03 -3.783425319538744613e-01
2.009828079398198408e+00 5.059322577567660489e-02 1.693212838480544907e-02 -3.346718483593075222e-01
2.814087983424178319e+00 1.444879756728019438e-01 4.281101118890602575e-02 -2.962946292904888868e-01
3.623506298449375329e+00 3.052180527590209191e-01 8.008747638912371014e-02 -2.623942970121601603e-01
4.439152590187164016e+00 5.248273990739156236e-01 1.233972853145497428e-01 -2.351197470488211316e-01
5.262167004135263504e+00 7.733911007694361794e-01 1.666701593586635277e-01 -2.155056596757393139e-01
6.093748441250292025e+00 1.009654910695396923e+00 2.046566318052757683e-01 -2.026995854101468209e-01
6.935144578744474764e+00 1.205047858673819361e+00 2.346217340772706050e-01 -1.946991004452526819e-01
7.787644051442767612e+00 1.348825414095797814e+00 2.554131350440067560e-01 -1.893596698096218778e-01
8.652570805556987210e+00 1.446220981172953168e+00 2.676195818832611262e-01 -1.850475033671611369e-01
9.531280430873565024e+00 1.505894056082789811e+00 2.722293667687432639e-01 -1.807759089486550563e-01
1.042515816567304832e+01 1.537497943854862159e+00 2.709252852757664809e-01 -1.762118033123961647e-01
1.133561823345611330e+01 1.547373096165441275e+00 2.650182738853218423e-01 -1.712697955923273563e-01
1.226410418810570668e+01 1.542388243734831521e+00 2.559317363048477789e-01 -1.659321103778120809e-01
1.321208999144753271e+01 1.525588848023345712e+00 2.446355506564540927e-01 -1.603548367395449814e-01
1.418108160578513477e+01 1.500128891916855167e+00 2.321769690769533712e-01 -1.547713468675875614e-01
1.517261894134713174e+01 1.467657730516447101e+00 2.191361590804706272e-01 -1.493101249181305046e-01
1.618827804778688773e+01 1.431344617271998132e+00 2.060537728052698747e-01 -1.439581847158429850e-01
1.722967347734871169e+01 1.392845451580495109e+00 1.932084112142625210e-01 -1.387148954645501531e-01
1.829846077528327086e+01 1.353028486812587250e+00 1.809095522979594917e-01 -1.337071274265180520e-01
1.939633907221483966e+01 1.312610460286222969e+00 1.693109579582305069e-01 -1.289879694553943967e-01
2.052505376555077987e+01 1.273216684529847598e+00 1.585451725415792101e-01 -1.245233230666657059e-01
2.168639928467725753e+01 1.235732310392680944e+00 1.485336175219364452e-01 -1.201988620615872944e-01
2.288222193922227632e+01 1.201249285344997864e+00 1.392052004259591025e-01 -1.158836905247185856e-01
2.411442285226875981e+01 1.168100308986370406e+00 1.304254242897972260e-01 -1.116560138597815083e-01
2.538496098186309169e+01 1.134311894675368526e+00 1.221467045571253823e-01 -1.076835261364184476e-01
2.669585623498970861e+01 1.100131233109562734e+00 1.143849504635547909e-01 -1.039739142213437495e-01
2.804919267866915078e+01 1.067213658599063697e+00 1.072122062965320810e-01 -1.004599270564715680e-01
2.944712185315358255e+01 1.036208100644693708e+00 1.006058947991461672e-01 -9.709043457250776665e-02
3.089186619243044873e+01 1.008511125387872243e+00 9.455849523270065671e-02 -9.376048796321762024e-02
3.238572255744867334e+01 9.835620063776527866e-01 8.897579101960215175e-02 -9.046281824903941449e-02
3.393106588767507503e+01 9.583261975875896344e-01 8.369143835129212727e-02 -8.733084680557619273e-02
3.553035297678245996e+01 9.332980863398830929e-01 7.874195469987373130e-02 -8.436956622152329277e-02
3.718612637847071767e+01 9.083972382799221368e-01 7.414934258522429267e-02 -8.162656100279248872e-02
3.890101844862976321e+01 8.857487571803971393e-01 7.002177416127000620e-02 -7.905376507009756470e-02
4.067775553027060909e+01 8.679686284782449635e-01 6.645505612258174877e-02 -7.656389176080388714e-02
4.251916228787755614e+01 8.529853252424317578e-01 6.338089547784714339e-02 -7.430479001480277956e-02
4.442816619807220491e+01 8.407035755168970059e-01 6.070997031503773400e-02 -7.221328906292673322e-02
4.640780220372892728e+01 8.295119829805318590e-01 5.818947185484893425e-02 -7.014904311058590969e-02
4.846121753894033901e+01 8.173288592324712276e-01 5.572840857431158451e-02 -6.818358111892004747e-02
5.059167673250409081e+01 8.054037043618890168e-01 5.342026179679060932e-02 -6.632731077281894816e-02
5.280256679788513452e+01 7.946918710929807839e-01 5.123824251069044461e-02 -6.447560919456725437e-02
5.509740261790490479e+01 7.856374845273058627e-01 4.918489342059805675e-02 -6.260507471864215634e-02
5.747983253271736004e+01 7.746258578272984252e-01 4.714729478697846088e-02 -6.086460232455843250e-02
5.995364413995657316e+01 7.643367776738414499e-01 4.520671856129925698e-02 -5.914502596470624235e-02
6.252277031627593828e+01 7.554551545739345286e-01 4.343674272960787452e-02 -5.749744702464245488e-02
6.519129546985315926e+01 7.449017760714237157e-01 4.174975710797865225e-02 -5.604733194242719069e-02
6.796346203380049644e+01 7.339383630791059820e-01 4.013270496786673636e-02 -5.468130157346894060e-02
7.084367721080334945e+01 7.209699055605653939e-01 3.849841462578879048e-02 -5.339808822651989639e-02
7.383651997971107050e+01 7.085494278326810447e-01 3.687194556131292295e-02 -5.203863571536179733e-02
7.694674837521753830e+01 7.022767898766283379e-01 3.558513036763769066e-02 -5.067108991867589479e-02
8.017930705220588550e+01 6.959244365131291854e-01 3.440129239397103633e-02 -4.943251104435392174e-02
8.353933514678264771e+01 6.850205404482788696e-01 3.304767056735168074e-02 -4.824332792375133488e-02
8.703217444649946799e+01 6.743426741897222687e-01 3.178698359783069943e-02 -4.713773102973996959e-02
9.066337788275002652e+01 6.670403893479642798e-01 3.072634267652264023e-02 -4.606369144536781590e-02
9.443871835884547750e+01 6.585004517055722539e-01 2.964617533953541051e-02 -4.502073652758975530e-02
9.836419792780145599e+01 6.437007622496550008e-01 2.830457289500118087e-02 -4.397163178132674349e-02
1.024460573344287582e+02 6.248994360832916817e-01 2.678262102484601018e-02 -4.285908976444684215e-02
1.066907859368967451e+02 6.094706389564077398e-01 2.548691373730724991e-02 -4.181811576837944633e-02
1.111051320235440869e+02 5.960011604578659972e-01 2.438837777737476800e-02 -4.092001726748129703e-02
1.156961135413371977e+02 5.876241479750164975e-01 2.348465247595665079e-02 -3.996543123165715444e-02
1.204710292530335636e+02 5.756791278009948387e-01 2.243790334772594042e-02 -3.897640589026608871e-02
1.254374703407870584e+02 5.547169120628971939e-01 2.106825503472280550e-02 -3.798019237663689124e-02
1.306033324746428832e+02 5.401358923953989422e-01 2.000695783719534659e-02 -3.704060055788614692e-02
1.359768283651090428e+02 5.305565069667738110e-01 1.922391214045233998e-02 -3.623348670315382908e-02
1.415665008197596819e+02 5.183045400778051315e-01 1.838983580903757326e-02 -3.548075385617303207e-02
1.473812363246283041e+02 5.035087269804491283e-01 1.750151675894794437e-02 -3.475911304239919647e-02
1.534302791719830168e+02 4.887985216494672436e-01 1.659755813350642997e-02 -3.395582719337490035e-02
1.597232461569429063e+02 4.742207257275777854e-01 1.579384466518704219e-02 -3.330483846094069861e-02
1.662701418663018842e+02 4.624174415220111967e-01 1.511663855989377539e-02 -3.269045931775092784e-02
1.730813745838649425e+02 4.549435613444916537e-01 1.454228814241913248e-02 -3.196503781577302722e-02
1.801677728375838399e+02 4.411453187290199085e-01 1.383130437402619282e-02 -3.135317045611057951e-02
1.875406026147988143e+02 4.317421663661365483e-01 1.327405783532503367e-02 -3.074533568738347863e-02
1.952115852729551477e+02 4.273063761750441891e-01 1.285320334036625309e-02 -3.007959641374739063e-02
2.031929161742694703e+02 4.320550390620028769e-01 1.272278798860192531e-02 -2.944714640112348555e-02
2.114972840739702065e+02 4.279185176556231096e-01 1.237542159574605248e-02 -2.892004221632083275e-02
2.201378912929370699e+02 4.207646832772298784e-01 1.198529017931469418e-02 -2.848454410661154998e-02
2.291284747068095839e+02 4.289068308603654067e-01 1.206266252409349954e-02 -2.812420240520862799e-02
2.384833275849327663e+02 4.498183078567897231e-01 1.248861217134605156e-02 -2.776368136470358169e-02
2.482173223138614446e+02 4.638154676494525286e-01 1.266417594394176477e-02 -2.730434154799087770e-02
2.583459340415495262e+02 4.648493558803955539e-01 1.254547902381826507e-02 -2.698826805956934874e-02
2.688852652798185545e+02 4.623630924434270484e-01 1.224551965409194886e-02 -2.648463913799577879e-02
2.798520715042297979e+02 4.755886138228754279e-01 1.234846248573701240e-02 -2.596458814789030789e-02
2.912637877920895448e+02 4.923624941921744269e-01 1.258177674443620130e-02 -2.555388944700039827e-02
3.031385565410134859e+02 4.787384672614817260e-01 1.197647438436135608e-02 -2.501673711926711771e-02
3.154952563122996025e+02 4.796242434806688437e-01 1.176026061896850994e-02 -2.451973764633627248e-02
3.283535318453905347e+02 5.036975384596440453e-01 1.207992679664119523e-02 -2.398250115254242296e-02
3.417338252920631589e+02 5.223800514451606425e-01 1.220788305111817490e-02 -2.336973438657382815e-02
3.556574087219059948e+02 5.405413753557328782e-01 1.235520461276548403e-02 -2.285709323293607861e-02
3.701464179544238391e+02 5.590833558387416913e-01 1.236247152977970089e-02 -2.211203642654218163e-02
3.852238877780446842e+02 5.101502384268209456e-01 1.092679304892080379e-02 -2.141877475666064887e-02
4.009137886222329143e+02 5.263636347866915699e-01 1.088891205812072063e-02 -2.068705233129078738e-02
4.172410647541276489e+02 5.665257109566778082e-01 1.133321073865605627e-02 -2.000475974782847319e-02
4.342316740698447006e+02 6.093892799937571381e-01 1.182521370938850562e-02 -1.940502417356217493e-02
4.519126295279810392e+02 7.481891017752924089e-01 1.403869981324517777e-02 -1.876357164242883555e-02
4.703120421961282318e+02 8.562629989486297832e-01 1.535428990734003483e-02 -1.793174518365611703e-02
4.894591656854863118e+02 9.458830484649540793e-01 1.624064986369902833e-02 -1.716982864853694446e-02
5.093844413170177177e+02 1.097354589800328961e+00 1.805716641549882581e-02 -1.645517919488945560e-02
5.301195425026584189e+02 1.268605463446276893e+00 1.993924091972009219e-02 -1.571744840634172607e-02
5.516974152486402545e+02 1.460428205413747405e+00 2.207656431273686756e-02 -1.511650092137357439e-02
5.741523090076865401e+02 1.694921957852436822e+00 2.441660231768031514e-02 -1.440573839082098448e-02
5.975197878711062458e+02 1.896923985553426562e+00 2.592191449180824073e-02 -1.366523629266332314e-02
6.218367058833928240e+02 2.110659658798802241e+00 2.724330797482226590e-02 -1.290748504205870353e-02
6.471411218814937456e+02 2.256923242612411507e+00 2.736560016832403908e-02 -1.212517982518894998e-02
6.734721189962531298e+02 2.454649089629999281e+00 2.787290639831517883e-02 -1.135514909893560118e-02
7.008694828966209798e+02 2.759806421638776985e+00 2.940567353293366964e-02 -1.065497684996056377e-02
7.293731831760941304e+02 3.004510741959707243e+00 2.977083408548453214e-02 -9.908712812944165185e-03
7.590225973006090499e+02 3.222082100517192682e+00 2.942648776492920448e-02 -9.132755419300399302e-03
7.898554204606537041e+02 3.327176969861126210e+00 2.817955439671798387e-02 -8.469508731269613164e-03
8.219062218078435080e+02 3.453252922362493926e+00 2.661286149678155147e-02 -7.706606522922954464e-03
8.552046410593350174e+02 3.392085009948235808e+00 2.319510619829793369e-02 -6.838008519913803436e-03
8.897732697522011449e+02 3.243837944966950992e+00 1.927204813975819456e-02 -5.941125440517202802e-03
9.256253247987647228e+02 3.120581749162515628e+00 1.581262698700982433e-02 -5.067204854112067162e-03
9.627622898316029705e+02 2.769579400243104228e+00 1.148642984007436883e-02 -4.147355312891960744e-03
1.001171759212417555e+03 2.448731681795425885e+00 7.945441449300434666e-03 -3.244717054289421310e-03
1.040825755399259151e+03 2.022582447153245422e+00 4.964966376905304186e-03 -2.454765878094818891e-03
1.081679788819026044e+03 1.441159532736274285e+00 2.520027570748103931e-03 -1.748611110362934028e-03
1.123672882085676520e+03 1.001764354528558165e+00 1.130619881616127783e-03 -1.128628580668764600e-03
1.166728687845537252e+03 6.463422805684394534e-01 4.560627947550689645e-04 -7.056056960314816820e-04
1.210757702706980808e+03 3.867628658298031818e-01 1.646332820501560654e-04 -4.256698266441217996e-04
1.255660438898500388e+03 2.028038175148435818e-01 5.011478751591974621e-05 -2.471096852614806114e-04
1.301331286042733836e+03 9.470619450018120944e-02 1.322656256321242439e-05 -1.396588959467389150e-04
1.347662702625504835e+03 3.591582103345505872e-02 2.460334514165071500e-06 -6.850280582123699708e-05
1.394549338445658350e+03 1.366315191883971103e-02 5.087196013128443667e-07 -3.723296091082659471e-05
1.441891712243616212e+03 3.422052487145474647e-03 6.575586556980006613e-08 -1.921532934307816748e-05
1.489599146600014819e+03 8.513955360471531231e-03 9.478149460446722099e-08 -1.113248667529047362e-05
1.537591777845349725e+03 3.109959608583703558e-02 2.131877882224370606e-07 -6.855001834558365914e-06
1.585801588586798289e+03 3.157232913746945563e-02 1.481222138995092452e-07 -4.691520009644158337e-06
1.634172530628210552e+03 6.609332521068574107e-02 2.210513587694081615e-07 -3.344533779542224484e-06
1.682659897667227824e+03 3.579261239635197350e-02 8.887401473787565593e-08 -2.483026769706639565e-06
1.731229159827473950e+03 6.636841093449979967e-02 1.263365223236904791e-07 -1.903564068279023631e-06
1.779854484770072304e+03 7.391755320235771087e-02 1.105089620049268547e-07 -1.495030033020654767e-06
1.828517149513606000e+03 5.607382760269830763e-02 6.785703193658152524e-08 -1.210137328547841168e-06
1.877204004501986674e+03 5.921829087980744200e-02 5.878710417292139467e-08 -9.927186904505364779e-07
1.925906099382927323e+03 8.018573818524760144e-02 6.728051072149840421e-08 -8.390583193992037038e-07
1.974617529169079944e+03 7.961050603238302437e-02 5.731902857541217984e-08 -7.199932701356856062e-07
2.023334517310200681e+03 7.526581286690689487e-02 4.745506516203063446e-08 -6.304996033982357995e-07
2.072054722226141621e+03 7.573938552333706054e-02 4.274614648319180886e-08 -5.643846485923856749e-07
2.120776736269718640e+03 6.509486978785161693e-02 3.289775867545554814e-08 -5.053817417973408120e-07
2.169499738942718523e+03 5.828078315460921005e-02 2.720492158281457094e-08 -4.667905973508359725e-07
2.218223266495444022e+03 7.192277488488807435e-02 3.121416635928374584e-08 -4.339955794147515872e-07
2.266947064754193889e+03 5.647338382083899599e-02 2.282712577577082132e-08 -4.042103417813522760e-07
2.315670998625798347e+03 6.626519255231828887e-02 2.539530612307429258e-08 -3.832374908293514884e-07
2.364394998479172955e+03 5.851067984131176625e-02 2.136425068701374160e-08 -3.651342070363264395e-07
2.413119029508835865e+03 5.326837423541461863e-02 1.878153467627581609e-08 -3.525832155731386106e-07
2.461843074842605802e+03 5.479372858835272059e-02 1.868322071344583920e-08 -3.409737062028893374e-07
2.510567126548616216e+03 5.366463713634037069e-02 1.780069006517050204e-08 -3.317024210924238741e-07
2.559291181010624314e+03 5.003690773490754307e-02 1.616645828676389869e-08 -3.230906748357192603e-07
2.608015236629755691e+03 5.203140205696830251e-02 1.645565485478121171e-08 -3.162639137950615543e-07
2.656739292720466892e+03 5.061975826513640669e-02 1.571797564955373461e-08 -3.105106817623673202e-07
2.705463348997713638e+03 4.824371775372294363e-02 1.472500969391785770e-08 -3.052212884812662698e-07
2.754187405346568994e+03 4.920211492774619055e-02 1.482272641719417351e-08 -3.012619770300829150e-07
2.802911461722098920e+03 4.512310158015161304e-02 1.335097549584758678e-08 -2.958789406825772582e-07
2.851635518107270855e+03 4.614255399246635497e-02 1.352400915863167566e-08 -2.930919073278805992e-07
2.900359574495823836e+03 4.125418801226998777e-02 1.196060170168368722e-08 -2.899245453122557456e-07
2.949083630885527327e+03 3.638916478547177258e-02 1.050976843726830165e-08 -2.888158741545033919e-07
2.997807687275610533e+03 3.975934115783565787e-02 1.134342007074720197e-08 -2.853020130720066846e-07
3.046531743665814702e+03 3.568309991577278684e-02 1.013103363388203156e-08 -2.839168586192219024e-07
3.095255800056057069e+03 3.838071634925661890e-02 1.077746869006006506e-08 -2.808042609728103729e-07
3.143979856446309896e+03 3.707738601901652831e-02 1.036139912661215138e-08 -2.794533336653754006e-07
3.192703912836567724e+03 3.545153473805515848e-02 9.879342625607566576e-09 -2.786717894896286900e-07
3.241427969226825553e+03 3.571450613239793986e-02 9.875665838377968877e-09 -2.765169368930287354e-07
3.290152025617082927e+03 3.383135281434791752e-02 9.380340857218006724e-09 -2.772676844669300986e-07
3.338876082007340756e+03 3.078001704148751114e-02 8.450708571821780212e-09 -2.745517833999672530e-07
3.387600138397598585e+03 3.208495912168005809e-02 8.780381390567994340e-09 -2.736603577168039094e-07
3.436324194787855959e+03 2.892954604424229081e-02 7.902344476019045579e-09 -2.731582605525125837e-07
3.485048251178113787e+03 2.909962157437321478e-02 7.891482592484878154e-09 -2.711884954350941717e-07
3.533772307568371616e+03 2.842960107302821421e-02 7.731357244605978820e-09 -2.719474404423102036e-07
3.582496363958629445e+03 2.804144962099189980e-02 7.613460187555265745e-09 -2.715073682159359708e-07
3.631220420348886819e+03 2.858899983892112390e-02 7.777148732090285097e-09 -2.720329069190611760e-07
3.679944476739144648e+03 2.723840637974498866e-02 7.455470141356379237e-09 -2.737116862644509474e-07
3.728668533129402476e+03 2.493991802860311829e-02 6.759461937316343715e-09 -2.710298377710803002e-07
3.777392589519660305e+03 2.403915559124878559e-02 6.528229811969671812e-09 -2.715665193475518206e-07
3.826116645909917679e+03 2.171197491649110717e-02 5.882310649398847242e-09 -2.709247165227239911e-07
3.874840702300175508e+03 2.073508516017751740e-02 5.594070000804139805e-09 -2.697876549621196801e-07
3.923564758690433791e+03 1.936288156295104187e-02 5.203578948347153768e-09 -2.687399048240674808e-07
3.972288815080691620e+03 1.918901255334955203e-02 5.140594624198641231e-09 -2.678926083302457942e-07
4.021012871470949449e+03 1.831055630925162644e-02 4.899080840075549736e-09 -2.675549970920452754e-07
4.069736927861206823e+03 1.973453350775880924e-02 5.276861983819902744e-09 -2.673922837722643272e-07
4.118460984251464652e+03 1.931586934721328530e-02 5.189197342275676817e-09 -2.686494327020453824e-07
4.167185040641722480e+03 1.856715146455743468e-02 4.986785404765109250e-09 -2.685810698687039678e-07
4.215909097031980309e+03 1.833473446314659236e-02 4.959162238295545251e-09 -2.704790870172470144e-07
4.264633153422238138e+03 1.685250091097003147e-02 4.542887932664522354e-09 -2.695675826789220151e-07
4.313357209812495057e+03 1.646110471821053689e-02 4.450114872527616658e-09 -2.703412042330645010e-07
4.362081266202752886e+03 1.564441305394843190e-02 4.253228428727003407e-09 -2.718688399532859073e-07
4.410805322593010715e+03 1.461590648983129154e-02 3.970592218013304075e-09 -2.716623988238950268e-07
4.459529378983268543e+03 1.395808810429164347e-02 3.774958671084083504e-09 -2.704495517493839737e-07
4.508253435373526372e+03 1.335281119887075929e-02 3.608217449568684650e-09 -2.702215582793404354e-07
4.556977491763784201e+03 1.302239063536668635e-02 3.485814573497293026e-09 -2.676785446775333276e-07
4.605701548154042030e+03 1.279784863774227968e-02 3.422460833964891705e-09 -2.674247001071472304e-07
4.654425604544299858e+03 1.137717459859545130e-02 3.054764243858349405e-09 -2.684993727911558783e-07
4.703149660934556778e+03 1.135984607504735878e-02 3.052452439767679969e-09 -2.687054401619569919e-07
4.751873717324814606e+03 1.086565819836511800e-02 2.908101662067693316e-09 -2.676415555299959357e-07
4.800597773715072435e+03 1.076010590407975274e-02 2.872085935139695029e-09 -2.669198575499826431e-07
4.849321830105330264e+03 1.083461528957684571e-02 2.906838723130707753e-09 -2.682918262845155963e-07
4.898045886495588093e+03 1.017501292554465545e-02 2.729632209764561168e-09 -2.682681810567279921e-07
4.946769942885845921e+03 9.307354297880814087e-03 2.511880016088614746e-09 -2.698812074512456485e-07
4.995493999276103750e+03 8.594484875729956758e-03 2.317806677385061618e-09 -2.696853518155970650e-07
5.044218055666360669e+03 9.027767987052770157e-03 2.445640396469778814e-09 -2.709019992513331207e-07
5.092942112056618498e+03 8.895491444784056970e-03 2.414516928316146297e-09 -2.714315384713137585e-07
5.141666168446876327e+03 7.364189954487032098e-03 2.005592386877854336e-09 -2.723439236729408944e-07
5.190390224837134156e+03 6.429240159692922209e-03 1.745712774367502361e-09 -2.715270748963408234e-07
5.239114281227391984e+03 6.337061415563116640e-03 1.711567716365075248e-09 -2.700885480077020496e-07
5.287838337617649813e+03 6.455997876762343060e-03 1.740236430090541535e-09 -2.695534390360213559e-07
5.336562394007907642e+03 5.737742746522850150e-03 1.545963284343975627e-09 -2.694375388790043369e-07
5.385286450398164561e+03 6.449955468798963462e-03 1.736542605501264839e-09 -2.692332705088619645e-07
5.434010506788422390e+03 7.376317860475128940e-03 2.001573182051290301e-09 -2.713512649416064361e-07
5.482734563178680219e+03 6.348994826150958573e-03 1.715105310634932339e-09 -2.701380860432524678e-07
5.531458619568938047e+03 4.720541848379317292e-03 1.279304534941899408e-09 -2.710079851068617154e-07
5.580182675959195876e+03 3.609430801159328392e-03 9.785062433121322601e-10 -2.710971056704679426e-07
5.628906732349453705e+03 4.070632851224702947e-03 1.102602013781970012e-09 -2.708674680523540110e-07
5.677630788739711534e+03 4.352652332710933714e-03 1.176506047531023745e-09 -2.702963521091215409e-07
5.726354845129968453e+03 4.904589780019460478e-03 1.334106011267794772e-09 -2.720117422873439940e-07
5.775078901520226282e+03 4.972894645729190009e-03 1.356910001518193463e-09 -2.728612002032924418e-07
5.823802957910484110e+03 4.182755854937180752e-03 1.137978870579523528e-09 -2.720643781387079068e-07
5.872527014300741939e+03 1.389055323592111157e-03 3.793657487048974739e-10 -2.731106114073655485e-07
5.921251070690999768e+03 8.390395226428213021e-05 2.281801033243243047e-11 -2.719539391965692337e-07
5.969975127081257597e+03 5.274993504758835163e-04 1.434195797113833693e-10 -2.718857939483667483e-07
6.018699183471515425e+03 2.022998405996740811e-03 5.512338977328655178e-10 -2.724836045835982489e-07
6.067423239861772345e+03 1.769058924068381711e-03 4.815414757930749514e-10 -2.722020557040876196e-07
6.116147296252030173e+03 1.713301791720764876e-03 4.664250896087564510e-10 -2.722375543308687269e-07
6.164871352642288002e+03 1.826355600333617445e-03 4.969627667362302069e-10 -2.721062462564523609e-07
6.213595409032545831e+03 1.537190202970299549e-03 4.185850274307808294e-10 -2.723052922286081070e-07
6.262319465422804569e+03 1.912402686494300591e-04 -5.186962114092840102e-11 -2.712275061483656887e-07
6.311043521813061489e+03 2.448880647833995717e-03 -6.627529273489614463e-10 -2.706350462343512219e-07
6.359767578203319317e+03 2.936316173508401236e-03 -7.989232287829196203e-10 -2.720835160705263795e-07
6.408491634593577146e+03 3.401417802158313627e-03 -9.323082240198715333e-10 -2.740940038087325560e-07
6.457215690983834975e+03 2.972942228624680938e-03 -8.147211133976448182e-10 -2.740453903049924786e-07
6.505939747374092804e+03 1.783614789416050096e-03 -4.887446468434764491e-10 -2.740191714846062087e-07
6.554663803764350632e+03 9.292230687676560292e-04 -2.540692268892365167e-10 -2.734211358163819586e-07
6.603387860154608461e+03 1.189364882702907775e-03 -3.256664436351350914e-10 -2.738154189444683132e-07
6.652111916544866290e+03 1.553567664036904295e-03 -4.240004916548936658e-10 -2.729205180243901659e-07
6.700835972935123209e+03 1.843396173604809748e-03 -5.035720799606454456e-10 -2.731762640994838230e-07
6.749560029325381038e+03 1.668565996365544649e-03 -4.545351194243324306e-10 -2.724106330911673294e-07
6.798284085715638867e+03 2.460159405933784807e-03 -6.732667295735891225e-10 -2.736679289763510979e-07
6.847008142105896695e+03 3.097445036444537378e-03 -8.476873334910938475e-10 -2.736730833048544649e-07
6.895732198496154524e+03 2.184790524754059906e-03 -5.952218924330051342e-10 -2.724388840435898487e-07
6.944456254886412353e+03 3.171806092132587254e-03 -8.695719624739802396e-10 -2.741567224525119286e-07
6.993180311276670182e+03 5.143262759026758987e-03 -1.409775289994116030e-09 -2.741013547324349887e-07
7.041904367666927101e+03 5.725211632136877581e-03 -1.565284360180232709e-09 -2.734020086513388801e-07
7.090628424057184930e+03 4.825433324100352091e-03 -1.326003925962012894e-09 -2.747947877218325192e-07
7.139352480447442758e+03 4.453298882318913743e-03 -1.228417153072193571e-09 -2.758443090243550833e-07
7.188076536837700587e+03 4.701568388256236776e-03 -1.297919338761518053e-09 -2.760609293706143229e-07
7.236800593227958416e+03 5.302118012955974596e-03 -1.476891058053601441e-09 -2.785473756798224196e-07
7.285524649618216245e+03 4.941998525318884276e-03 -1.383037543279780243e-09 -2.798538963931680300e-07
7.334248706008474073e+03 5.230910873620661129e-03 -1.480069975813291247e-09 -2.829468923428313752e-07
7.382972762398730993e+03 3.644681171649571168e-03 -1.036854385757585962e-09 -2.844842489441425958e-07
7.431696818788988821e+03 2.701363054906452676e-03 -7.701432697958960563e-10 -2.850943224373688787e-07
7.480420875179246650e+03 7.538548318476816484e-04 -2.155381461762853609e-10 -2.859146576642694980e-07
7.529144931569504479e+03 1.556077840761148747e-03 -4.393244143929754823e-10 -2.823280448348790959e-07
7.577868987959762308e+03 9.305188061515409998e-04 -2.620541713299357212e-10 -2.816215745426412239e-07
7.626593044350020136e+03 7.392051680859168701e-05 2.020469985199634471e-11 -2.733300675415188615e-07
7.675317100740277965e+03 2.196510861783634080e-03 5.705570381189344079e-10 -2.597560740745095085e-07
7.724041157130534884e+03 7.359523169299365085e-03 1.819950293911876658e-09 -2.472918763954564578e-07
7.772765213520792713e+03 8.634235072469031297e-03 1.412952970963125845e-09 -1.636454137632229512e-07
