# Columns: yplus absP_over_phi P_term_plus PHI_term_plus | Case=jet_M16_T05 | x*=5.00 | USE_ABS=True
4.302548796539760745e-01 7.028392464244850087e-04 3.424483293304647798e-04 -4.872356389780210795e-01
1.260478087668954084e+00 1.522236865282322604e-02 5.947574849882151377e-03 -3.907128375043709689e-01
2.094121923969253452e+00 7.058481575776467953e-02 2.364799965590095102e-02 -3.350295584401175586e-01
2.932113150609154673e+00 1.859061429746391714e-01 5.456332116357447137e-02 -2.934992910428885216e-01
3.775479136253089063e+00 3.591861288201094182e-01 9.451543181657623416e-02 -2.631377557007838486e-01
4.625334305081145736e+00 5.693565274329083215e-01 1.374168502456418750e-01 -2.413546585040860226e-01
5.482866621232030724e+00 7.902843832578850813e-01 1.786729835780043463e-01 -2.260869471334344960e-01
6.349325268555674917e+00 9.953919353194291553e-01 2.146236902420338988e-01 -2.156172685618147622e-01
7.226010252873939166e+00 1.170244563848196639e+00 2.438063458109341608e-01 -2.083379434886745152e-01
8.114264255417419136e+00 1.309457771334028964e+00 2.652627199185425000e-01 -2.025744745081028975e-01
9.015466749792208745e+00 1.416553558032379367e+00 2.794553277629859833e-01 -1.972783352795745293e-01
9.931030180336597013e+00 1.494833415723538117e+00 2.869337453672696214e-01 -1.919503152318723371e-01
1.086239788336524192e+01 1.549853403255013307e+00 2.889572297482342345e-01 -1.864416525726653728e-01
1.181104339607692921e+01 1.583780423455918074e+00 2.864553727493371338e-01 -1.808681105707013181e-01
1.277847081619309932e+01 1.601821133448008805e+00 2.806003818096687863e-01 -1.751758520039381206e-01
1.376621592471210676e+01 1.607634399703150141e+00 2.720839770538298064e-01 -1.692449334898968039e-01
1.477584784523653916e+01 1.604671596089555230e+00 2.618284637605024501e-01 -1.631663851959214429e-01
1.580897107309798422e+01 1.593497654771883099e+00 2.504259942333994515e-01 -1.571549186052922931e-01
1.686722775877001368e+01 1.575639302608097703e+00 2.383842857480483746e-01 -1.512936909821046283e-01
1.795230017014750246e+01 1.552514287136992133e+00 2.259281214292434004e-01 -1.455240208100627708e-01
1.906591328741213687e+01 1.525020820596063587e+00 2.133657640829175750e-01 -1.399100662766835368e-01
2.020983750412565527e+01 1.492795382681539218e+00 2.010032611793257373e-01 -1.346489033334624941e-01
2.138589142109987762e+01 1.458223858400151673e+00 1.890540921947224395e-01 -1.296468241866085558e-01
2.259594472756697670e+01 1.423147929048658167e+00 1.776090346306917755e-01 -1.248001216215234577e-01
2.384192116890103819e+01 1.387435769596372159e+00 1.666415887126191375e-01 -1.201076059622550318e-01
2.512580160285248709e+01 1.351545731382964854e+00 1.561485499416345457e-01 -1.155333085043715319e-01
2.644962714778121793e+01 1.314428635293105163e+00 1.461292096457844081e-01 -1.111731787653872650e-01
2.781550242723380606e+01 1.277688164094505030e+00 1.367424321300026724e-01 -1.070233222571266157e-01
2.922559891571768631e+01 1.244527057224495525e+00 1.280446977987990120e-01 -1.028862306010125682e-01
3.068215839085480923e+01 1.213058641444669350e+00 1.199793514230047958e-01 -9.890647271604087465e-02
3.218749649734403562e+01 1.181002868227827962e+00 1.124196639467008180e-01 -9.519000077907843749e-02
3.374400642837374420e+01 1.148997933600610866e+00 1.052418712863215644e-01 -9.159448264325896483e-02
3.535416273032758028e+01 1.117304016833812863e+00 9.847864789557778109e-02 -8.813952730130159008e-02
3.702052523682791474e+01 1.086473643866989525e+00 9.203517128476007558e-02 -8.470998979523096384e-02
3.874574313837040052e+01 1.055587823987355067e+00 8.583989196857230719e-02 -8.131951697237518872e-02
4.053255919401850349e+01 1.025177588098258985e+00 8.012083590691604362e-02 -7.815312862578575881e-02
4.238381409185401338e+01 9.951280873591020759e-01 7.488213128130531693e-02 -7.524873655212521717e-02
4.430245096511556824e+01 9.657483144871177316e-01 7.004014820348328230e-02 -7.252422515557759020e-02
4.629152007120482182e+01 9.378749014278954244e-01 6.555851860469383285e-02 -6.990113340796552666e-02
4.835418364099929533e+01 9.112232964088656795e-01 6.148618658270563198e-02 -6.747653053321059358e-02
5.049372090618093267e+01 8.858731286116747761e-01 5.775260865138717725e-02 -6.519286654726290375e-02
5.271353331257322594e+01 8.620643219230912369e-01 5.430610654902514461e-02 -6.299542292607493432e-02
5.501714992777475288e+01 8.408376636895709133e-01 5.117381629208336141e-02 -6.086051862559790915e-02
5.740823305168667900e+01 8.223668419129974705e-01 4.834507153481958086e-02 -5.878771987250704795e-02
5.989058403885312742e+01 8.001927629547378462e-01 4.553829880200911673e-02 -5.690916102997165688e-02
6.246814934187170110e+01 7.732938328459071364e-01 4.267379925527712420e-02 -5.518445569160598113e-02
6.514502678548102210e+01 7.480168141024554629e-01 4.010079714983467297e-02 -5.360948630272645982e-02
6.792547208130092429e+01 7.294468144061785342e-01 3.796829397032659703e-02 -5.205080510391354998e-02
7.081390559358167991e+01 7.166273612223751366e-01 3.623019003929687371e-02 -5.055652630608162973e-02
7.381491936671828569e+01 7.018963172472728607e-01 3.456354665482702648e-02 -4.924309446497714821e-02
7.693328442570340542e+01 6.860425177487000648e-01 3.292164314178196854e-02 -4.798775919868174950e-02
8.017395836112380891e+01 6.739075660264192136e-01 3.149689798832976811e-02 -4.673771237507517995e-02
8.354209321075994410e+01 6.663644857712240910e-01 3.041619639744924664e-02 -4.564498415945252019e-02
8.704304365031831026e+01 6.567013042847557047e-01 2.927662992448772095e-02 -4.458134883160354972e-02
9.068237550631891963e+01 6.439063180819403209e-01 2.806553799205671607e-02 -4.358636839541809443e-02
9.446587460467050335e+01 6.290178098285109654e-01 2.683352114121266910e-02 -4.265939806780397886e-02
9.839955596900256296e+01 6.163964505685750606e-01 2.581805969957369842e-02 -4.188547756197924521e-02
1.024896733833764131e+02 6.056293960246007524e-01 2.488142573880118558e-02 -4.108358329718608815e-02
1.067427293345788968e+02 5.973060135433156947e-01 2.405193553599024175e-02 -4.026735875855372293e-02
1.111654853498044275e+02 5.854207267887922006e-01 2.312870853412413163e-02 -3.950784021773881549e-02
1.157649727461612770e+02 5.623068628478118391e-01 2.179583427488764394e-02 -3.876145876026179660e-02
1.205485038090902634e+02 5.428098876137509299e-01 2.076295529855550284e-02 -3.825087894001272942e-02
1.255236834174688312e+02 5.372503458467484672e-01 2.026430295481693178e-02 -3.771854799437831390e-02
1.306984211338811122e+02 5.312402157110200918e-01 1.963005783444225424e-02 -3.695137765157534976e-02
1.360809437792754011e+02 5.221014825178901253e-01 1.890066609857283045e-02 -3.620113470550274937e-02
1.416798085120008182e+02 5.072481756621051163e-01 1.804032438286579804e-02 -3.556508480157266616e-02
1.475039164320155010e+02 5.058909438309154849e-01 1.771893639158120259e-02 -3.502520969717817789e-02
1.535625267318944509e+02 5.127490585676632850e-01 1.764831459103990627e-02 -3.441900925247823317e-02
1.598652714171353466e+02 5.310778029385279098e-01 1.799580179858888476e-02 -3.388543392138702176e-02
1.664221706191631824e+02 5.550741693122809295e-01 1.854075219187809043e-02 -3.340229687655883045e-02
1.732436485253799106e+02 5.788037798734014805e-01 1.898720246180650092e-02 -3.280421296826960265e-02
1.803405499515837107e+02 5.993664793971725802e-01 1.935832163616772392e-02 -3.229797177786423307e-02
1.877241575831049261e+02 6.126366650035397488e-01 1.942991881022767403e-02 -3.171523991322884595e-02
1.954062099120694427e+02 6.473715823527468327e-01 2.002825106827083035e-02 -3.093779772581617751e-02
2.033989198993053549e+02 6.692878267017163818e-01 2.020550192558586561e-02 -3.018955540422658262e-02
2.117149943905624525e+02 6.961174603356310442e-01 2.041362259905830576e-02 -2.932496850347057413e-02
2.203676543179115583e+02 7.365797544549397280e-01 2.102561900762535754e-02 -2.854493200561026428e-02
2.293706557184410713e+02 7.919576736564216679e-01 2.198789585390293136e-02 -2.776397853737071555e-02
2.387383116036659487e+02 8.889869047880130104e-01 2.386246159529856539e-02 -2.684230944997866367e-02
2.484855147144168654e+02 1.013710776371599342e+00 2.630639002725399314e-02 -2.595058732769234267e-02
2.586277611973868602e+02 1.082007913832198742e+00 2.717128717160353230e-02 -2.511191168220729131e-02
2.691811752409774954e+02 1.158314650576293570e+00 2.813434688174106663e-02 -2.428903654783564139e-02
2.801625347096151017e+02 1.274270930999036100e+00 2.985927056507895611e-02 -2.343243484465984752e-02
2.915892978173027359e+02 1.364358354405237117e+00 3.083664392641689150e-02 -2.260157225325121200e-02
3.034796308828452425e+02 1.538372212073476630e+00 3.347482133841369473e-02 -2.175989729643845738e-02
3.158524372109529281e+02 1.745495032770034927e+00 3.642001203942512449e-02 -2.086514791258267665e-02
3.287273871453295442e+02 1.973354567530403392e+00 3.943995841698715032e-02 -1.998625035051107210e-02
3.421249493419657028e+02 2.231014529538135616e+00 4.282049582732808807e-02 -1.919328415857192091e-02
3.560664233133161360e+02 2.541964041448205869e+00 4.668941629094269102e-02 -1.836745741861196130e-02
3.705739732970836826e+02 2.890766014045685228e+00 5.085025980493506487e-02 -1.759058310422333474e-02
3.856706635072701488e+02 3.284444977850922598e+00 5.530325521101015634e-02 -1.683793017814418438e-02
4.013804948302972662e+02 3.677634347786177482e+00 5.897511114966096091e-02 -1.603615410682743964e-02
4.177284430351787705e+02 4.022637653004283109e+00 6.155433363588880963e-02 -1.530198316269359288e-02
4.347404985721570938e+02 4.221971762549359575e+00 6.112918031866847179e-02 -1.447882263470107872e-02
4.524437080328852971e+02 4.504091372348248079e+00 6.085370301327594489e-02 -1.351076121298785439e-02
4.708662173216866904e+02 4.847420756831379407e+00 6.079739305333112243e-02 -1.254221494341098593e-02
4.900373165074746566e+02 5.174068278176563673e+00 5.971314759392216259e-02 -1.154085032966866223e-02
5.099874861219909121e+02 5.443427918046782388e+00 5.712599519024889883e-02 -1.049448914366205542e-02
5.307484442202647870e+02 5.518066293641271436e+00 5.168363735927168634e-02 -9.366258868406343932e-03
5.523531926232092246e+02 5.552340174713733312e+00 4.573409768467271569e-02 -8.236904844727145625e-03
5.748360591196855012e+02 5.410751706173837938e+00 3.842555767373491415e-02 -7.101704118096963114e-03
5.982327296126658212e+02 5.101776624924327486e+00 3.027165327974779344e-02 -5.933551291104753600e-03
6.225802597807327174e+02 4.694853004557403509e+00 2.248021429435433094e-02 -4.788267976128807689e-03
6.479170493573515159e+02 4.205395647104596790e+00 1.586909638327443223e-02 -3.773508538774528968e-03
6.742827533984298043e+02 3.727734299685787178e+00 1.071445605633896368e-02 -2.874254223870540293e-03
7.017180942135004216e+02 3.156879819079231542e+00 6.726121786606553167e-03 -2.130623328121614840e-03
7.302645261152297280e+02 2.534554479719199005e+00 3.763487772797147711e-03 -1.484871523935086526e-03
7.599636950547773040e+02 1.782511144658107227e+00 1.755296528763757545e-03 -9.847324287559674604e-04
7.908566300214246212e+02 1.111314882619321764e+00 6.984702406788880326e-04 -6.285079517990648477e-04
8.229826071729877413e+02 6.841580728875864548e-01 2.638071099992470871e-04 -3.855937983539559077e-04
8.563776455197654514e+02 3.943039685265545269e-01 9.037971385556969113e-05 -2.292133000672120743e-04
8.910726278930577564e+02 1.675437561922732688e-01 2.139033829771860444e-05 -1.276701608215769239e-04
9.270910933376044341e+02 2.563326321378170923e-04 -1.797466507824644486e-08 -7.012242229300863039e-05
9.644468130939139883e+02 8.964786563506055295e-02 -3.321140745595605353e-06 -3.704651217370125447e-05
1.003141333019336003e+03 1.409612600894868117e-01 -2.599457657127086159e-06 -1.844093657702027705e-05
1.043161727172886685e+03 1.978812688522187391e-01 -1.769142256894051855e-06 -8.940423048405247403e-06
1.084478844611470322e+03 2.713619697332546044e-01 -1.252274923433184766e-06 -4.614776804075217778e-06
1.127046329832655829e+03 3.279986025030044994e-01 -8.635554574374323474e-07 -2.632802246252015925e-06
1.170800648008621238e+03 3.767294442659424591e-01 -6.431165080235126713e-07 -1.707104442756327524e-06
1.215662249714814834e+03 3.997769774539737808e-01 -4.891885772540160502e-07 -1.223653699043577833e-06
1.261537877713665921e+03 3.790385561309128071e-01 -3.548986817159276670e-07 -9.363128789287397128e-07
1.308323871634610896e+03 3.472551647653907558e-01 -2.616332945099731583e-07 -7.534324066475307313e-07
1.355910191714100165e+03 2.904080190420694763e-01 -1.826091247827690248e-07 -6.288019366170313686e-07
1.404184786058301597e+03 2.709599630894355959e-01 -1.460692780252632723e-07 -5.390806684493467648e-07
1.453037885991876692e+03 2.330868498265100675e-01 -1.115906756308249639e-07 -4.787514856109794322e-07
1.502365837929306508e+03 1.837612407651575686e-01 -7.956548503669278950e-08 -4.329829549767546388e-07
1.552074161365594136e+03 1.586446486370880482e-01 -6.290257157763649710e-08 -3.964998007687672610e-07
1.602079643083175142e+03 1.303190847442394218e-01 -4.855840342003684560e-08 -3.726116057010084357e-07
1.652311412983765649e+03 9.381354067312906719e-02 -3.306517752617895675e-08 -3.524563436038161084e-07
1.702711072163717972e+03 8.426542996775104877e-02 -2.838738127411077427e-08 -3.368805129811219032e-07
1.753232039301540908e+03 7.152770136523226019e-02 -2.329939916749851921e-08 -3.257395208120548902e-07
1.803838336309410579e+03 5.284147163791989843e-02 -1.666390029648277759e-08 -3.153564762667301072e-07
1.854503047418887490e+03 4.321013982386028018e-02 -1.331569874099902988e-08 -3.081614360721464506e-07
1.905206664391296727e+03 4.309712289733062807e-02 -1.298458563302723444e-08 -3.012866001278122637e-07
1.955935486167340741e+03 3.279214667953384704e-02 -9.713497765947366937e-09 -2.962141472735522403e-07
2.006680187009587144e+03 2.707550913283232608e-02 -7.873289748726288407e-09 -2.907900904134420565e-07
2.057434614270656766e+03 2.707000610545663710e-02 -7.767429092016810891e-09 -2.869385792436556257e-07
2.108194833008678870e+03 1.663070634459858435e-02 -4.711825555929028055e-09 -2.833208318574731796e-07
2.158958403435705804e+03 2.125118624363339648e-02 -5.962455317823702638e-09 -2.805704702536303457e-07
2.209723858866671435e+03 1.802265224479324482e-02 -4.999091849874258746e-09 -2.773782560953812431e-07
2.260490344390992050e+03 1.195796563705303628e-02 -3.292275077708122541e-09 -2.753206672133808249e-07
2.311257376808925983e+03 1.602013056509649438e-02 -4.363375766815947996e-09 -2.723683024358463396e-07
2.362024691286517736e+03 9.925757582822783420e-03 -2.696127384326715625e-09 -2.716293806119698482e-07
2.412792147064679284e+03 1.193304515606134243e-02 -3.234016749691920058e-09 -2.710135348854533007e-07
2.463559671591940514e+03 1.122772664989773843e-02 -3.029515702048592581e-09 -2.698244975599032018e-07
2.514327228603049207e+03 8.508061736166295380e-03 -2.291910086846571597e-09 -2.693809892215590251e-07
2.565094800518191278e+03 9.549062209822403030e-03 -2.562071409167644855e-09 -2.683060758083902996e-07
2.615862379072830663e+03 6.541767183051513598e-03 -1.754854390768427326e-09 -2.682538741694942117e-07
2.666629960499056324e+03 7.135953733398554127e-03 -1.904084792765150990e-09 -2.668297558956167180e-07
2.717397543130936356e+03 7.262624249765921129e-03 -1.936811917778615902e-09 -2.666821043152604869e-07
2.768165126254174083e+03 6.621136807060100729e-03 -1.764580483379443279e-09 -2.665071776643968139e-07
2.818932709571771284e+03 6.935833574187941740e-03 -1.845181208547741792e-09 -2.660359694059958163e-07
2.869700292963980246e+03 6.735011639949630563e-03 -1.790362855695413852e-09 -2.658292147671482638e-07
2.920467876383982912e+03 6.734595332654424310e-03 -1.779682540590745658e-09 -2.642597591515997181e-07
2.971235459814031401e+03 6.849262344443197113e-03 -1.809293850513699066e-09 -2.641589355942217820e-07
3.022003043247603273e+03 6.076808171818244043e-03 -1.605690895085037703e-09 -2.642326118720641203e-07
3.072770626682373404e+03 6.139469260280160101e-03 -1.622486323259173705e-09 -2.642714303915474609e-07
3.123538210117539620e+03 5.484789672364690297e-03 -1.446444421727482817e-09 -2.637192140685804355e-07
3.174305793552831346e+03 4.137681079462571763e-03 -1.094025940189382281e-09 -2.644055738417329611e-07
3.225073376988163091e+03 3.397734834973517755e-03 -9.008120753577662175e-10 -2.651213585255505228e-07
3.275840960423506203e+03 2.934795534962516151e-03 -7.803469020592008322e-10 -2.658948103071744720e-07
3.326608543858853864e+03 1.517926574372640766e-03 -4.050002285981758147e-10 -2.668114752293354363e-07
3.377376127294201524e+03 8.299536994574252752e-04 -2.215197270838557500e-10 -2.669061264847331611e-07
3.428143710729549184e+03 4.154727091136727925e-04 -1.110573162487794197e-10 -2.673035167236322249e-07
3.478911294164897299e+03 3.424182307865824854e-04 -9.180951460179817601e-11 -2.681209887420389571e-07
3.529678877600244959e+03 5.883113967716770360e-04 -1.565742278181739591e-10 -2.661417553312166034e-07
3.580446461035592620e+03 6.527101205022646372e-05 -1.747463652035537355e-11 -2.677243077969823239e-07
3.631214044470940735e+03 4.732619678321534442e-04 -1.264109728232532350e-10 -2.671057076534111208e-07
3.681981627906288395e+03 4.765933071264167150e-05 1.276626686748936897e-11 -2.678650051647306649e-07
3.732749211341636055e+03 6.991599576627978636e-05 1.863953321785613308e-11 -2.665989808707824515e-07
3.783516794776984170e+03 5.401021640227169345e-06 -1.434753333044955499e-12 -2.656448036347080925e-07
3.834284378212331831e+03 6.204313744820512269e-05 1.654939987213654353e-11 -2.667402158047265142e-07
3.885051961647679491e+03 1.067308037113932689e-03 2.843811048039672575e-10 -2.664470751789253184e-07
3.935819545083027606e+03 2.014174821287794369e-03 5.378313601481688844e-10 -2.670231771660703931e-07
3.986587128518375266e+03 2.225035106310353523e-03 5.925265777256724745e-10 -2.662998781660685151e-07
4.037354711953722926e+03 3.453510674023932501e-03 9.217448818372400929e-10 -2.669008347853893260e-07
4.088122295389071496e+03 3.752597167610614501e-03 1.004659675141930361e-09 -2.677238270639174008e-07
4.138889878824419611e+03 4.325011425906708472e-03 1.161011550356736511e-09 -2.684412677853997898e-07
4.189657462259767271e+03 4.093217833510814745e-03 1.097323290395437275e-09 -2.680832867998736577e-07
4.240425045695114932e+03 4.881904002819684001e-03 1.308903778118821698e-09 -2.681133789936931632e-07
4.291192629130462592e+03 4.964355257786307214e-03 1.330972798734273114e-09 -2.681058726904603274e-07
4.341960212565810252e+03 4.798410868910968699e-03 1.293378379741781670e-09 -2.695430664601096418e-07
4.392727796001158822e+03 4.106795463173691131e-03 1.105310003163673416e-09 -2.691417220738577124e-07
4.443495379436506482e+03 4.610892559496187343e-03 1.242348671550002698e-09 -2.694377835786633302e-07
4.494262962871854143e+03 4.748985403968447074e-03 1.272398289032364019e-09 -2.679305537492483787e-07
4.545030546307201803e+03 5.967779214216414017e-03 1.609766147529385350e-09 -2.697429126892979495e-07
4.595798129742549463e+03 6.321684360159380775e-03 1.710124565400397036e-09 -2.705172336945468313e-07
4.646565713177897123e+03 7.391387780938850176e-03 1.999698165038929628e-09 -2.705443448922834268e-07
4.697333296613244784e+03 8.480417781178709036e-03 2.303500026900776432e-09 -2.716257720242420498e-07
4.748100880048593353e+03 8.691975074975181667e-03 2.359661640540750262e-09 -2.714758866870643680e-07
4.798868463483941014e+03 8.920997520802777594e-03 2.435702551642174127e-09 -2.730302912832769877e-07
4.849636046919288674e+03 8.256093328636488621e-03 2.252097715678397253e-09 -2.727800699474815491e-07
4.900403630354636334e+03 8.121897954018247531e-03 2.194744984400437147e-09 -2.702256291356878801e-07
4.951171213789983995e+03 7.849409242892190636e-03 2.128258734953479052e-09 -2.711361669517567062e-07
5.001938797225331655e+03 7.836703212792056963e-03 2.135250672976395950e-09 -2.724679772855210134e-07
5.052706380660680225e+03 7.671079454379119318e-03 2.097269567483987152e-09 -2.733995365263408842e-07
5.103473964096027885e+03 7.620665150907922000e-03 2.085349067676996254e-09 -2.736439702285762965e-07
5.154241547531375545e+03 7.652353854159030591e-03 2.105408916263013285e-09 -2.751321954510415215e-07
5.205009130966723205e+03 8.306704187535365533e-03 2.281060459643380064e-09 -2.746047539608100857e-07
5.255776714402070866e+03 8.957703476402961371e-03 2.456398390989415939e-09 -2.742218915216652058e-07
5.306544297837418526e+03 1.023378091780488899e-02 2.822637506780116290e-09 -2.758157057934715351e-07
5.357311881272767096e+03 1.038338850497741959e-02 2.853465085155247321e-09 -2.748105865235996817e-07
5.408079464708114756e+03 9.756561477652780576e-03 2.686853636804799986e-09 -2.753894026044920848e-07
5.458847048143462416e+03 9.284971725957090818e-03 2.576825120923358824e-09 -2.775264370186049894e-07
5.509614631578810076e+03 9.871780225290730654e-03 2.737550538268011027e-09 -2.773107257042270792e-07
5.560382215014157737e+03 1.073226639620547540e-02 2.985293306945619662e-09 -2.781605670915051705e-07
5.611149798449505397e+03 1.019021771742910885e-02 2.851763775191616852e-09 -2.798530761824673568e-07
5.661917381884853057e+03 1.049446467709016194e-02 2.921365782466441690e-09 -2.783720630213659724e-07
5.712684965320201627e+03 1.094607346631452580e-02 3.034647365248139923e-09 -2.772361591201604143e-07
5.763452548755549287e+03 1.087374881429667775e-02 3.023246441847460894e-09 -2.780316607895642981e-07
5.814220132190896948e+03 1.070815513176089952e-02 2.994123439434949632e-09 -2.796115112821102811e-07
5.864987715626244608e+03 1.052841678927557076e-02 2.948115225283013310e-09 -2.800150568018939802e-07
5.915755299061592268e+03 1.063222374092746662e-02 2.971045212683631942e-09 -2.794378001327182901e-07
5.966522882496939928e+03 1.055126580169463146e-02 2.931722340891193604e-09 -2.778550361626120291e-07
6.017290465932288498e+03 1.031229198724718972e-02 2.875734537703122837e-09 -2.788647316483505231e-07
6.068058049367636158e+03 1.058635702616032327e-02 2.965175900696238570e-09 -2.800940770624764435e-07
6.118825632802983819e+03 1.130081328415159271e-02 3.149984873649865689e-09 -2.787396618672963652e-07
6.169593216238331479e+03 1.184706001043494931e-02 3.307428050282325244e-09 -2.791771162946018803e-07
6.220360799673679139e+03 1.242452871856765222e-02 3.466720035567253631e-09 -2.790222562234063138e-07
6.271128383109026800e+03 1.213718957465110063e-02 3.378843799273285290e-09 -2.783876595558914426e-07
6.321895966544375369e+03 1.233768001211716335e-02 3.432257272496448391e-09 -2.781930856632314554e-07
6.372663549979723030e+03 1.173296529321580205e-02 3.288094719049632239e-09 -2.802441358069015764e-07
6.423431133415070690e+03 1.179982357655897686e-02 3.305175687270084762e-09 -2.801038223856164286e-07
6.474198716850418350e+03 1.278244680286779074e-02 3.583791957297067958e-09 -2.803682278179347078e-07
6.524966300285766920e+03 1.269789220429668082e-02 3.552763803412650264e-09 -2.797916178726477880e-07
6.575733883721114580e+03 1.276734455990046271e-02 3.581974500682842533e-09 -2.805575179613362433e-07
6.626501467156462240e+03 1.221830313129282364e-02 3.436037507026430381e-09 -2.812205156562408818e-07
6.677269050591809901e+03 1.251542122300814894e-02 3.501364335523033302e-09 -2.797640025959478941e-07
6.728036634027158470e+03 1.279216122011288086e-02 3.582080466869032383e-09 -2.800215229649382965e-07
6.778804217462506131e+03 1.241742528124219203e-02 3.477768720015279434e-09 -2.800716445839065831e-07
6.829571800897853791e+03 1.254400004741624414e-02 3.527338457666148476e-09 -2.811972611872473471e-07
6.880339384333201451e+03 1.332435726106586359e-02 3.737379423224971730e-09 -2.804922856688702303e-07
6.931106967768549111e+03 1.365210870789759952e-02 3.814195233071377005e-09 -2.793850616546076481e-07
6.981874551203896772e+03 1.335377471305293842e-02 3.742277058669095510e-09 -2.802411407323747355e-07
7.032642134639245342e+03 1.268723524908520715e-02 3.551540395851664458e-09 -2.799302074979450493e-07
7.083409718074593002e+03 1.309556918197116518e-02 3.657262694613316178e-09 -2.792748175961924404e-07
7.134177301509940662e+03 1.327475444966142934e-02 3.704210070528697114e-09 -2.790417016431646822e-07
7.184944884945288322e+03 1.351381808699734545e-02 3.756015416730603670e-09 -2.779388765299828092e-07
7.235712468380635983e+03 1.366284487525504937e-02 3.810638070851132734e-09 -2.789051698707805211e-07
7.286480051815983643e+03 1.366485191808656727e-02 3.843794637654999636e-09 -2.812906177612812517e-07
7.337247635251331303e+03 1.357553139382458932e-02 3.818781344267453001e-09 -2.812988481618177179e-07
7.388015218686679873e+03 1.324557214393463390e-02 3.718338194570412566e-09 -2.807231091390114906e-07
7.438782802122027533e+03 1.299565508878586760e-02 3.645216910607964556e-09 -2.804950489762900031e-07
7.489550385557375193e+03 1.311063644055968092e-02 3.694598817639517035e-09 -2.818016375017258889e-07
7.540317968992722854e+03 1.323655554444374237e-02 3.785750330100504206e-09 -2.860072106666476416e-07
7.591085552428070514e+03 1.319928577109979323e-02 3.776923050254751737e-09 -2.861460169704357003e-07
7.641853135863418174e+03 1.285181461912338757e-02 3.684457000262957189e-09 -2.866876864828502367e-07
7.692620719298766744e+03 1.358822422574018467e-02 3.893713039277186922e-09 -2.865505436612771853e-07
7.743388302734114404e+03 1.456588689107691376e-02 4.223202383189532661e-09 -2.899378812131702974e-07
7.794155886169462065e+03 1.518491275442548916e-02 4.422900412731722267e-09 -2.912693990581350249e-07
7.844923469604809725e+03 1.509982949941141711e-02 4.392284541037187309e-09 -2.908830554151883787e-07
7.895691053040157385e+03 1.525838313548523277e-02 4.412103583173936180e-09 -2.891593128837517947e-07
7.946458636475505045e+03 1.540995700652308779e-02 4.368492397263527319e-09 -2.834850477139118054e-07
7.997226219910853615e+03 1.781498017348369378e-02 4.836842571463974534e-09 -2.715042354446885114e-07
8.047993803346201275e+03 2.323020463875069205e-02 5.892224848913420968e-09 -2.536449824933742521e-07
8.098761386781548936e+03 3.007551844605125743e-02 5.058505219694100281e-09 -1.681934503894895659e-07
