# Columns: yplus absP_over_phi P_term_plus PHI_term_plus | Case=jet_M16_T75 | x*=10.00 | USE_ABS=True
4.147555368925651686e-01 4.599451641535348017e-04 1.663641461528619567e-04 -3.617043054665702861e-01
1.215071090914517038e+00 1.060085074833806359e-02 3.279232955640572298e-03 -3.093367724429730847e-01
2.018684049772712097e+00 5.170131161639351935e-02 1.439633072443293263e-02 -2.784519439516138783e-01
2.826487790187721227e+00 1.474466012200555121e-01 3.691140625688617977e-02 -2.503374506530540167e-01
3.639472671274926352e+00 3.127471002903580155e-01 7.019444053046652865e-02 -2.244447365468686950e-01
4.458712971609646303e+00 5.416707068673627390e-01 1.100567597172531498e-01 -2.031801947602870917e-01
5.285353860549530047e+00 8.040099732818327682e-01 1.510958345200225095e-01 -1.879278112723836713e-01
6.120599521807198684e+00 1.057269966663123117e+00 1.882735591399823938e-01 -1.780751984606140093e-01
6.965703130275271882e+00 1.271091057561851922e+00 2.185649645071555125e-01 -1.719506743493237344e-01
7.821958998931952678e+00 1.432479118639772064e+00 2.405627499356409182e-01 -1.679345596074518776e-01
8.690696907736006338e+00 1.543253048273004691e+00 2.545018059629782226e-01 -1.649125567889086208e-01
9.573278419652920590e+00 1.610995422987832715e+00 2.611763168987912831e-01 -1.621210794096488716e-01
1.047109487678341821e+01 1.647487769203453301e+00 2.618884206613687482e-01 -1.589622852180502810e-01
1.138556673416685427e+01 1.661392791521472123e+00 2.578687841583024998e-01 -1.552124130273558889e-01
1.231814390646427348e+01 1.658289773988016025e+00 2.504147288170477381e-01 -1.510078230868095728e-01
1.327030685026697476e+01 1.642223041675920703e+00 2.405975514100348600e-01 -1.465072315417644822e-01
1.424356816364883294e+01 1.617051780890157442e+00 2.293388613668110032e-01 -1.418253045926359535e-01
1.523947454219464070e+01 1.585855629092914665e+00 2.173332635986775507e-01 -1.370447975286305797e-01
1.625960898015625133e+01 1.550783023432544372e+00 2.050600188227249543e-01 -1.322299868674340073e-01
1.730559314403166482e+01 1.512714489890949476e+00 1.927982768806262570e-01 -1.274518609883382170e-01
1.837908987395405802e+01 1.472600198082206768e+00 1.807290440351294880e-01 -1.227278417254704379e-01
1.948180578748184644e+01 1.431428538017023300e+00 1.690179872596119237e-01 -1.180764409613872523e-01
2.061549397282336216e+01 1.390121994455212562e+00 1.578057215890243392e-01 -1.135193329926904998e-01
2.178195676621691845e+01 1.348466145364668689e+00 1.471778143746350909e-01 -1.091446121065453023e-01
2.298304861274426614e+01 1.306678647462568232e+00 1.371419894125875116e-01 -1.049546418156466765e-01
2.422067901246836286e+01 1.265691701639383160e+00 1.277417627877206197e-01 -1.009264441113610078e-01
2.549681555525570076e+01 1.225111825575064817e+00 1.189587937681622215e-01 -9.710035548169100583e-02
2.681348704847209419e+01 1.186243405967651654e+00 1.108689586142167088e-01 -9.346223385223188795e-02
2.817278674222990276e+01 1.149184032065365457e+00 1.034843337800096519e-01 -9.005027122942435569e-02
2.957687565718259393e+01 1.115937812048314548e+00 9.683689065448862487e-02 -8.677624291334261331e-02
3.102798602010025419e+01 1.086715288881276997e+00 9.084589059676839717e-02 -8.359677233426064669e-02
3.252842481266438313e+01 1.060345956231367515e+00 8.540976761954137408e-02 -8.054896339973871555e-02
3.408057743911429327e+01 1.036425454316493688e+00 8.039922119053628802e-02 -7.757356870741688448e-02
3.568691151857207444e+01 1.013179236559617724e+00 7.577894906441585976e-02 -7.479323137506564689e-02
3.734998080807410759e+01 9.912586510033671860e-01 7.152542631161447340e-02 -7.215616856328602169e-02
3.907242926254507864e+01 9.711576102240979669e-01 6.764623490779303472e-02 -6.965525903893543536e-02
4.085699523816924028e+01 9.524134895635564257e-01 6.407664095677090277e-02 -6.727817451024767359e-02
4.270651584584125260e+01 9.365299160946244372e-01 6.087858088214224972e-02 -6.500441666189256396e-02
4.462393146161749513e+01 9.233564794102853135e-01 5.791709006516645303e-02 -6.272451794799341340e-02
4.661229040133913770e+01 9.124009862097220980e-01 5.519782601663426186e-02 -6.049733269791384566e-02
4.867475376685802502e+01 9.016362832457781584e-01 5.275293140884133175e-02 -5.850799528490286533e-02
5.081460047157047200e+01 8.906813762521972322e-01 5.045595608131900334e-02 -5.664871572102160580e-02
5.303523245324824842e+01 8.771287967302625610e-01 4.812191617091630264e-02 -5.486299885524668907e-02
5.534018008245448073e+01 8.626329871584335063e-01 4.580598908953777137e-02 -5.310020573224951551e-02
5.773310777514217307e+01 8.474831503175551672e-01 4.354032073368255956e-02 -5.137603115456376712e-02
6.021781981835916753e+01 8.330225941724158645e-01 4.146496438124305794e-02 -4.977651827371779025e-02
6.279826641832028855e+01 8.204487905524472380e-01 3.963078055814790029e-02 -4.830378326411159662e-02
6.547854998046288699e+01 8.112333748598085092e-01 3.804779552218658795e-02 -4.690117135375715396e-02
6.826293163146924314e+01 8.046265590396679546e-01 3.662714426738190171e-02 -4.552067521993912597e-02
7.115583799362431705e+01 7.977845296817895893e-01 3.523013790137347750e-02 -4.415996624480251348e-02
7.416186822227983555e+01 7.887019101762203777e-01 3.381315377707593689e-02 -4.287190552070684751e-02
7.728580131761157190e+01 7.816275766673760339e-01 3.249773794213282191e-02 -4.157701047434043257e-02
8.053260372229520669e+01 7.752419600903924790e-01 3.124976415463431856e-02 -4.030969137814809089e-02
8.390743721717865355e+01 7.680462535329920515e-01 3.005248057603143036e-02 -3.912847753346992974e-02
8.741566712750456247e+01 7.606223150588578008e-01 2.894678501785296135e-02 -3.805671283206176619e-02
9.106287085272755633e+01 7.515506954057414868e-01 2.783087034431942774e-02 -3.703126151628974294e-02
9.485484673348905460e+01 7.405372521714688183e-01 2.667544597388051691e-02 -3.602174758347458788e-02
9.879762326984477738e+01 7.249910867675866122e-01 2.539535708353993920e-02 -3.502850938039329953e-02
1.028974687054009109e+02 7.078420428214696747e-01 2.416995556906354967e-02 -3.414597340491633271e-02
1.071609009925952876e+02 6.951101767891694205e-01 2.317777435344224937e-02 -3.334402966232530297e-02
1.115946981549674319e+02 6.877149614119717480e-01 2.233868143688081884e-02 -3.248247121309748298e-02
1.162059090628901146e+02 6.846019155899280006e-01 2.167201136222421040e-02 -3.165636973649019192e-02
1.210018646398948761e+02 6.779682465019928328e-01 2.095283764896029022e-02 -3.090533776038536379e-02
1.259901895174066908e+02 6.731087811933674780e-01 2.031258549323124163e-02 -3.017727009476636052e-02
1.311788141564166779e+02 6.688678689832288082e-01 1.967918185137280604e-02 -2.942162834236285163e-02
1.365759874553643556e+02 6.542294684953273709e-01 1.882707845452853690e-02 -2.877748460005818965e-02
1.421902898642727848e+02 6.293863064496358906e-01 1.771850775140736134e-02 -2.815203885092027250e-02
1.480306470259858997e+02 6.073333939998355469e-01 1.665920801896021708e-02 -2.743008730220542965e-02
1.541063439661953396e+02 5.874515425227374577e-01 1.576546872050821682e-02 -2.683705391734163628e-02
1.604270398548151491e+02 5.634269535297325993e-01 1.486773900907340136e-02 -2.638805068861302741e-02
1.670027833621730622e+02 5.464847413346555216e-01 1.412241591463274555e-02 -2.584228770988590551e-02
1.738440286344312256e+02 5.336645109149411592e-01 1.349034168737524297e-02 -2.527869365764406212e-02
1.809616519136337445e+02 5.162129251756595316e-01 1.280396256591050975e-02 -2.480364582415969799e-02
1.883669688288047723e+02 4.921930817859739293e-01 1.203319997349967113e-02 -2.444812903471936180e-02
1.960717523855854267e+02 4.640479269739703483e-01 1.120292256802846859e-02 -2.414173605101972361e-02
2.040882516830107249e+02 4.444099899967360878e-01 1.059883778066680882e-02 -2.384923385890728997e-02
2.124292113871810557e+02 4.500125090414687223e-01 1.053650228533552224e-02 -2.341379866923784178e-02
2.211078919927889501e+02 4.612039383539889292e-01 1.058512226704220321e-02 -2.295106651695107483e-02
2.301380909047127545e+02 4.473442004804668026e-01 1.016695538213956661e-02 -2.272736602200234671e-02
2.395341643731918282e+02 4.245276809288554554e-01 9.622827592045251829e-03 -2.266713814983926933e-02
2.493110503174581254e+02 4.231176771758738964e-01 9.510415770445196718e-03 -2.247699938684452267e-02
2.594842920741098169e+02 4.299652779457929785e-01 9.533537195068489054e-03 -2.217280716390873652e-02
2.700700631079862433e+02 4.446326865015393648e-01 9.736188344448786988e-03 -2.189714935502178744e-02
2.810851927248418178e+02 4.557798474238582975e-01 9.894524606117217208e-03 -2.170899977706929398e-02
2.925471928267270982e+02 4.379412122595442436e-01 9.436724144051557642e-03 -2.154792442429217733e-02
3.044742857526901503e+02 4.257274472982189306e-01 9.095766139814718751e-03 -2.136523307937719662e-02
3.168854332492434196e+02 4.253762805338668351e-01 8.952985847516827661e-03 -2.104721456560863790e-02
3.298003666170793053e+02 4.124989263678444096e-01 8.514108613113212376e-03 -2.064031702599096463e-02
3.432396180828883416e+02 3.861973090415264931e-01 7.807476695808182598e-03 -2.021628973848875466e-02
3.572245534480662172e+02 3.876092110987539585e-01 7.710672650894637679e-03 -1.989290354849213016e-02
3.717774060698940843e+02 3.830758209902558886e-01 7.488756299705409854e-03 -1.954901846936431264e-02
3.869213122357321026e+02 3.591001189315369824e-01 6.893575458288048012e-03 -1.919680639148526463e-02
4.026803479967222188e+02 3.997445257882181191e-01 7.488086042624534679e-03 -1.873217907827378487e-02
4.190795675327332788e+02 4.671951889161560234e-01 8.496792126417304983e-03 -1.818681426520888170e-02
4.361450431189972505e+02 5.272706469929743234e-01 9.348993355996071050e-03 -1.773091942309590330e-02
4.539039067421828122e+02 5.395487378629457709e-01 9.288935925055655241e-03 -1.721612020046129135e-02
4.723843933365865837e+02 5.383203066559560934e-01 9.007252056744506977e-03 -1.673214245380696616e-02
4.916158854145404007e+02 6.162860513291384956e-01 9.921030790479169054e-03 -1.609809400858995890e-02
5.116289584315823618e+02 6.414026858169122880e-01 9.931204457598990717e-03 -1.548357167377662456e-02
5.324554253632264817e+02 6.846986264068001260e-01 1.016353932269793529e-02 -1.484381438887168170e-02
5.541283773867554601e+02 8.475783652928414735e-01 1.198117522549562580e-02 -1.413577282775036956e-02
5.766822148693627241e+02 9.907974909256180851e-01 1.331216278601091846e-02 -1.343580591183622490e-02
6.001526586095610583e+02 1.165583014275012985e+00 1.486811699822402147e-02 -1.275594858206810685e-02
6.245767250430105832e+02 1.351117266498229608e+00 1.634506616273416132e-02 -1.209744451352963261e-02
6.499926407065408966e+02 1.422956798981779958e+00 1.636049904846010802e-02 -1.149753742360072432e-02
6.764396609442578665e+02 1.694944345764267002e+00 1.847299641831096420e-02 -1.089888081840310191e-02
7.039577467339895520e+02 1.991233558728779496e+00 2.052358925799672995e-02 -1.030697236295031322e-02
7.325870437885433830e+02 2.196095146533942444e+00 2.115715297307425857e-02 -9.633987400985888697e-03
7.623671030840557705e+02 2.502010838202979315e+00 2.246988088652218316e-02 -8.980728837554012578e-03
7.933357859085497239e+02 2.894122091667036045e+00 2.445935020215180347e-02 -8.451388513489779125e-03
8.255278137368101170e+02 3.088962288114615262e+00 2.448527871233812520e-02 -7.926700434819165114e-03
8.589729568884363289e+02 3.116935371028415336e+00 2.284066471488991126e-02 -7.327923744326390529e-03
8.936939064463205113e+02 3.211640855127015914e+00 2.146979197608740036e-02 -6.684991549355010637e-03
9.297039375608932232e+02 3.251446109805684603e+00 1.916573429719697214e-02 -5.894526204631565791e-03
9.670045404021099102e+02 3.207827016718866719e+00 1.623526904381223518e-02 -5.061142311974951326e-03
1.005583254668307518e+03 2.961016205562569059e+00 1.247933733529212573e-02 -4.214545436073070112e-03
1.045411979539190270e+03 2.458529524215667283e+00 8.056845874769399257e-03 -3.277099500092330725e-03
1.086446029405813078e+03 1.790840150517703178e+00 4.272453406782643001e-03 -2.385725719600124712e-03
1.128624158195509381e+03 1.216286436031085216e+00 2.022812546993589880e-03 -1.663105405988340611e-03
1.171869682142795682e+03 7.167311266459401864e-01 8.022306889809775439e-04 -1.119290985358967812e-03
1.216092703474359041e+03 3.584048565157895161e-01 2.576467734739255801e-04 -7.188707652530789294e-04
1.261193296042512429e+03 1.719233115204761853e-01 7.643914916004106684e-05 -4.446118940126226422e-04
1.307065384115477173e+03 7.536717293889437508e-02 1.923453222991005574e-05 -2.552110087173481119e-04
1.353600952315430050e+03 2.409128046859197042e-02 3.126560864530266101e-06 -1.297797710921340516e-04
1.400694186233221899e+03 4.964221294768584973e-03 -3.085924593320483094e-07 -6.216331646158692378e-05
1.448245166261787745e+03 1.996491597370953636e-02 -5.860110688145683986e-07 -2.935204283284974418e-05
1.496162815426923089e+03 1.696814767335456942e-02 -2.486354399362896862e-07 -1.465306907522540149e-05
1.544366918153257075e+03 3.824380361139757822e-02 -3.073905073087808196e-07 -8.037655208991059330e-06
1.592789157340732345e+03 6.955118726635356463e-02 -3.545476436185456855e-07 -5.097650486695047793e-06
1.641373237826222066e+03 7.946923717652298880e-02 -2.787697304565858318e-07 -3.507894883115106780e-06
1.690074256316543597e+03 8.448354116046682960e-02 -2.130058346490096425e-07 -2.521270199179144402e-06
1.738857530785211566e+03 1.119819836452577294e-01 -2.118284675015831950e-07 -1.891629890863732867e-06
1.787697115067480354e+03 1.258498079085636490e-01 -1.855579128296236654e-07 -1.474439380665888957e-06
1.836574203682255074e+03 1.405903038139015293e-01 -1.678160923883342603e-07 -1.193653387437524389e-06
1.885475589132134019e+03 1.373359226695773372e-01 -1.365049519854746042e-07 -9.939493566726748378e-07
1.934392281626603562e+03 1.246141974105058475e-01 -1.062761139711575965e-07 -8.528411383260072626e-07
1.983318350158979456e+03 1.157156336903678306e-01 -8.652465473222552365e-08 -7.477352192854805091e-07
2.032250001538282504e+03 1.197347635104926700e-01 -8.063579915763539277e-08 -6.734535300649678296e-07
2.081184883866584642e+03 1.194521935630978027e-01 -7.314453410432874490e-08 -6.123331177312526578e-07
2.130121583294140237e+03 1.058229367623580719e-01 -5.982962546749490398e-08 -5.653748355316548429e-07
2.179059275707348661e+03 7.309037698414337647e-02 -3.896090701121602721e-08 -5.330511158762858059e-07
2.227997495313076797e+03 6.509664043326840455e-02 -3.292620140770603560e-08 -5.058049261614231631e-07
2.276935986817650246e+03 5.990263030244037668e-02 -2.883992990557247225e-08 -4.814468039210218144e-07
2.325874614532633586e+03 4.693594559365409785e-02 -2.183015747162501153e-08 -4.651053088525934409e-07
2.374813308520124338e+03 4.444071117324566861e-02 -1.993976552520693114e-08 -4.486824130125786343e-07
2.423752033821277109e+03 3.625325211176339685e-02 -1.594521829217636028e-08 -4.398286322843429277e-07
2.472690773489565345e+03 2.456494825710324459e-02 -1.046353162999890251e-08 -4.259537419124524159e-07
2.521629519558171978e+03 1.861091054400596315e-02 -7.743869956009083796e-09 -4.160930190760151273e-07
2.570568268394920324e+03 1.403547365011103935e-02 -5.731483389709460820e-09 -4.083569626924643927e-07
2.619507018393890576e+03 1.117625449865690228e-02 -4.516624225989667592e-09 -4.041268232154564052e-07
2.668445768866518392e+03 7.493393480839103012e-03 -3.000814322769958534e-09 -4.004613304296853958e-07
2.717384519526503937e+03 6.663651989906758596e-03 -2.616378941973069210e-09 -3.926343911620869371e-07
2.766323270258413686e+03 2.137166774128328520e-03 -8.286102785507296278e-10 -3.877143742741785368e-07
2.815262021017115785e+03 8.329108588394262998e-04 3.194012337382201143e-10 -3.834758910254479540e-07
2.864200771785501729e+03 2.301962289839930981e-03 8.765206259882833233e-10 -3.807710620877429539e-07
2.913139522557284181e+03 2.171268554970970290e-03 8.178998649094926444e-10 -3.766921705916879868e-07
2.962078273330221691e+03 3.762180552590762813e-04 1.412685591761859249e-10 -3.754964898718209594e-07
3.011017024103541189e+03 1.000142102412633583e-03 3.710562147626308058e-10 -3.710034942709993991e-07
3.059955774876981650e+03 3.635101570805075906e-03 1.344500707038705524e-09 -3.698660631210190134e-07
3.108894525650460764e+03 3.886211221283480781e-03 1.431091907930699437e-09 -3.682486170831598331e-07
3.157833276423950338e+03 5.248557572216356812e-03 1.923256819570102380e-09 -3.664353097222388101e-07
3.206772027197444459e+03 6.785231798921664143e-03 2.482397296591907512e-09 -3.658529833846530982e-07
3.255710777970939034e+03 2.676661351875473521e-03 9.750084223006706486e-10 -3.642628984863943611e-07
3.304649528744433610e+03 3.907694305333203784e-03 1.418223824672682014e-09 -3.629311081824124401e-07
3.353588279517928186e+03 3.070121721761761777e-03 1.113072201612094821e-09 -3.625498603923001288e-07
3.402527030291422307e+03 1.159538514197480706e-03 4.175505468659616447e-10 -3.601006277527136579e-07
3.451465781064916882e+03 2.763038184689493512e-03 9.936884828454474988e-10 -3.596361745384698040e-07
3.500404531838411458e+03 3.928390237800771074e-04 -1.407165480632078731e-10 -3.582040977221885002e-07
3.549343282611905579e+03 2.977932931624337681e-05 1.065173694635027988e-11 -3.576889470287768994e-07
3.598282033385400155e+03 1.164857888407934070e-03 4.152944966978708590e-10 -3.565194525707108842e-07
3.647220784158894730e+03 1.111262378890170337e-03 3.957911434606331839e-10 -3.561635406535710037e-07
3.696159534932388851e+03 1.200240149303974824e-04 4.267719721200691347e-11 -3.555721514294921002e-07
3.745098285705883427e+03 2.745059246161454431e-05 -9.723633505535919416e-12 -3.542230834956634759e-07
3.794037036479378003e+03 1.467931981152058914e-03 -5.195685409874151190e-10 -3.539459236930369017e-07
3.842975787252872124e+03 1.236026022211174401e-03 -4.360427271670932284e-10 -3.527779507320077670e-07
3.891914538026366699e+03 2.808131487611607077e-03 -9.893496370039947828e-10 -3.523159942362470126e-07
3.940853288799861730e+03 4.370792333336412372e-03 -1.525824709221298274e-09 -3.490956771347155719e-07
3.989792039573356305e+03 3.196700238098996484e-03 -1.117098582626885827e-09 -3.494536551513501957e-07
4.038730790346850881e+03 3.589653010976598477e-03 -1.248191056628122698e-09 -3.477191396525929803e-07
4.087669541120345457e+03 3.132382865771520409e-03 -1.092638641901343711e-09 -3.488202715705449818e-07
4.136608291893840033e+03 3.418580691616550978e-03 -1.191434431979685131e-09 -3.485172764537815087e-07
4.185547042667333699e+03 5.061755547437039524e-03 -1.766394170367975125e-09 -3.489686836541065502e-07
4.234485793440828274e+03 5.036093864018184423e-03 -1.741175109271412607e-09 -3.457392090548067509e-07
4.283424544214322850e+03 6.064848135821851449e-03 -2.084923635511500815e-09 -3.437717794114182575e-07
4.332363294987817426e+03 6.978416644294546840e-03 -2.400167213714506420e-09 -3.439415179769824576e-07
4.381302045761312002e+03 7.456516956174255063e-03 -2.563505593895960272e-09 -3.437939736425180028e-07
4.430240796534806577e+03 8.553902738175881912e-03 -2.921048087932222518e-09 -3.414871757771629385e-07
4.479179547308301153e+03 7.921340952316835438e-03 -2.696340581410710125e-09 -3.403894110405743871e-07
4.528118298081794819e+03 9.889974813756129482e-03 -3.352147674831938750e-09 -3.389440052131761823e-07
4.577057048855289395e+03 9.975028112083205931e-03 -3.380865192096428885e-09 -3.389328986452712962e-07
4.625995799628783971e+03 1.037745408607904270e-02 -3.501458147969346305e-09 -3.374101315144741014e-07
4.674934550402278546e+03 1.129604134262743309e-02 -3.793555365250064360e-09 -3.358305135565033644e-07
4.723873301175773122e+03 1.125630669113912054e-02 -3.760062830795951166e-09 -3.340405457996133004e-07
4.772812051949267698e+03 1.088625363097157385e-02 -3.650076001399210583e-09 -3.352922065874602714e-07
4.821750802722761364e+03 1.111784085960880290e-02 -3.725614266456083339e-09 -3.351023200908790927e-07
4.870689553496255940e+03 1.136091314024244292e-02 -3.788524753868380370e-09 -3.334700923333996297e-07
4.919628304269750515e+03 1.073728518220858075e-02 -3.569536944593029205e-09 -3.324431533687551387e-07
4.968567055043245091e+03 1.014662702998738418e-02 -3.392597594232597857e-09 -3.343571794061317792e-07
5.017505805816739667e+03 9.958863347506678038e-03 -3.325602824146521914e-09 -3.339339750031942072e-07
5.066444556590234242e+03 1.110361427153805369e-02 -3.703643654098890213e-09 -3.335529822566384727e-07
5.115383307363728818e+03 1.214914627247169580e-02 -4.046104706976011738e-09 -3.330361340816129230e-07
5.164322058137222484e+03 1.311856209196787977e-02 -4.382261446876080213e-09 -3.340504406012007569e-07
5.213260808910717060e+03 1.364713818551705621e-02 -4.548878736605510794e-09 -3.333210725039027529e-07
5.262199559684211636e+03 1.363316573830740744e-02 -4.533449593751910445e-09 -3.325309528815828781e-07
5.311138310457706211e+03 1.429885849665057766e-02 -4.725111840716553022e-09 -3.304537800568753490e-07
5.360077061231200787e+03 1.491064792316580678e-02 -4.899490701312332609e-09 -3.285900603755976614e-07
5.409015812004695363e+03 1.470400971717086142e-02 -4.845579579547779037e-09 -3.295413749549736705e-07
5.457954562778189938e+03 1.383566451461216984e-02 -4.557188301145079701e-09 -3.293797920824204766e-07
5.506893313551683605e+03 1.363744283287701003e-02 -4.500604330255821325e-09 -3.300181995561374460e-07
5.555832064325178180e+03 1.401329848372428501e-02 -4.607316397804432966e-09 -3.287817213881222020e-07
5.604770815098672756e+03 1.369061207020501152e-02 -4.490207240957948826e-09 -3.279770997770086949e-07
5.653709565872167332e+03 1.413785560395135026e-02 -4.613628146778014623e-09 -3.263315368342398888e-07
5.702648316645661907e+03 1.334460689206250390e-02 -4.365728883026305570e-09 -3.271530527904183980e-07
5.751587067419156483e+03 1.397655938477530141e-02 -4.564542615284825792e-09 -3.265855701408883522e-07
5.800525818192650149e+03 1.531436361357928037e-02 -4.969183913300685815e-09 -3.244786423181502354e-07
5.849464568966144725e+03 1.624560813730556788e-02 -5.241072203708932547e-09 -3.226147128142040627e-07
5.898403319739639301e+03 1.647769608355295970e-02 -5.281889044420877652e-09 -3.205477888193932742e-07
5.947342070513133876e+03 1.588326259282812208e-02 -5.122074240793670845e-09 -3.224825007367488631e-07
5.996280821286628452e+03 1.721551923232894632e-02 -5.540105518027751310e-09 -3.218087960788317362e-07
6.045219572060123028e+03 1.636040116804982417e-02 -5.287101941437061737e-09 -3.231645659008793935e-07
6.094158322833617603e+03 1.541400831458056807e-02 -5.006642588941416593e-09 -3.248112033393341880e-07
6.143097073607111270e+03 1.587841060889060713e-02 -5.161831135276096696e-09 -3.250848754588758628e-07
6.192035824380605845e+03 1.697391398211599983e-02 -5.497773820463839241e-09 -3.238954684380034963e-07
6.240974575154100421e+03 1.745590414514633718e-02 -5.627860361230766990e-09 -3.224044033717731490e-07
6.289913325927595906e+03 1.748589832388857193e-02 -5.642392095849757182e-09 -3.226824262234977833e-07
6.338852076701090482e+03 1.704200539757618274e-02 -5.460911349190724468e-09 -3.204383065133524956e-07
6.387790827474584148e+03 1.607379814484501124e-02 -5.130010656676739223e-09 -3.191536070348109936e-07
6.436729578248078724e+03 1.446286737597537661e-02 -4.589240638925294401e-09 -3.173119492576274562e-07
6.485668329021573300e+03 1.380554398243245481e-02 -4.397000270355011214e-09 -3.184952563948360933e-07
6.534607079795067875e+03 1.628901500454844192e-02 -5.162785109119982861e-09 -3.169488828930637453e-07
6.583545830568562451e+03 1.771412447178311728e-02 -5.586383067659925613e-09 -3.153632050265025679e-07
6.632484581342057027e+03 1.627145007865788903e-02 -5.133822645294639724e-09 -3.155110712614551602e-07
6.681423332115551602e+03 1.439035842737808497e-02 -4.507419145273585799e-09 -3.132249393245193037e-07
6.730362082889045269e+03 1.409654109625421876e-02 -4.436580675222475401e-09 -3.147283184526294193e-07
6.779300833662539844e+03 1.520541546189624164e-02 -4.800762178224288139e-09 -3.157271296042306851e-07
6.828239584436034420e+03 1.603650111786530941e-02 -5.067740650882653327e-09 -3.160128642548458451e-07
6.877178335209528996e+03 1.689222371404577872e-02 -5.323601385521569603e-09 -3.151510112369058784e-07
6.926117085983023571e+03 1.778658455682024381e-02 -5.621936354311108396e-09 -3.160773411191741986e-07
6.975055836756518147e+03 1.691997195245903765e-02 -5.328284592280036198e-09 -3.149109589100505969e-07
7.023994587530011813e+03 1.562009777782575985e-02 -4.891970721918981592e-09 -3.131843853668834015e-07
7.072933338303506389e+03 1.450942676729061707e-02 -4.530046791279789086e-09 -3.122140429070649375e-07
7.121872089077000965e+03 1.589426534043211423e-02 -4.989373837991852233e-09 -3.139103148919878021e-07
7.170810839850495540e+03 1.806425074798214542e-02 -5.693264308257132737e-09 -3.151674756780651556e-07
7.219749590623990116e+03 1.784893181660188871e-02 -5.630681129031121391e-09 -3.154631989682338866e-07
7.268688341397484692e+03 1.744336720680070632e-02 -5.495661485701662491e-09 -3.150573751356360448e-07
7.317627092170979267e+03 1.669875580399869663e-02 -5.255344961771784827e-09 -3.147147621928417210e-07
7.366565842944472934e+03 1.502914808496694059e-02 -4.793362967489889696e-09 -3.189377694857168850e-07
7.415504593717967509e+03 1.341638180365306403e-02 -4.292559932983003344e-09 -3.199491484219842797e-07
7.464443344491462085e+03 1.500079241559987113e-02 -4.819924582755900039e-09 -3.213113313763001248e-07
7.513382095264956661e+03 1.551151944923772306e-02 -4.970864454879948827e-09 -3.204627677609127029e-07
7.562320846038451236e+03 1.516509119412749913e-02 -4.834736865208905486e-09 -3.188069760557127148e-07
7.611259596811945812e+03 1.145809932073443317e-02 -3.623572283097230930e-09 -3.162454942714678682e-07
7.660198347585439478e+03 9.327453419457475137e-03 -2.894437131748899718e-09 -3.103137589206264561e-07
7.709137098358934054e+03 1.392128210134435662e-02 -4.133764956676882303e-09 -2.969385238072067284e-07
7.758075849132428630e+03 2.873167966346763715e-03 8.065861274172233840e-10 -2.807305861908235608e-07
7.807014599905923205e+03 1.210824564278193717e-02 -2.194198124912763831e-09 -1.812151974485904472e-07
