# Columns: yplus absP_over_phi P_term_plus PHI_term_plus | Case=jet_M12_T75 | x*=5.00 | USE_ABS=True
3.759867558081249062e-01 3.756358557129119645e-04 3.866522168781888263e-04 -1.029327235400276486e+00
1.101493764186991964e+00 7.701028431632340500e-03 6.071461100100722201e-03 -7.883961413727427203e-01
1.829989956402327866e+00 3.707476279815954262e-02 2.423771779156110376e-02 -6.537524710141721096e-01
2.562285201847072535e+00 1.029211783586793522e-01 5.767844196875489965e-02 -5.604137349433181425e-01
3.299277286994837688e+00 2.097271698629625258e-01 1.039290936347436606e-01 -4.955442525765821893e-01
4.041940073507349851e+00 3.505386208875489462e-01 1.574700855586203818e-01 -4.492232130083492203e-01
4.791311687397002750e+00 5.142357572127282950e-01 2.134776823987112604e-01 -4.151358193288766651e-01
5.548483752734443719e+00 6.855817682998747165e-01 2.673825333110441127e-01 -3.900082319489139304e-01
6.314592305377967563e+00 8.525709617359259473e-01 3.163844762033882763e-01 -3.710945955269172591e-01
7.090810673937773423e+00 1.005877173962518745e+00 3.582075047623326514e-01 -3.561145575569848454e-01
7.878344338770750355e+00 1.140776774052701281e+00 3.920401757232138684e-01 -3.436607271819355214e-01
8.678427592361714460e+00 1.253856682621985019e+00 4.174909726378542851e-01 -3.329654644140220277e-01
9.492321722761426273e+00 1.345544918846135030e+00 4.349265228613276024e-01 -3.232344879532498827e-01
1.032131440966193026e+01 1.417417844909965030e+00 4.446797311169081723e-01 -3.137252241558694532e-01
1.116672003867381413e+01 1.470914552195244251e+00 4.475011961120610171e-01 -3.042333053569934442e-01
1.202988068246728126e+01 1.507961744891211486e+00 4.444602433615378323e-01 -2.947423864480079314e-01
1.291216755080820455e+01 1.531271130406181902e+00 4.369978026816322414e-01 -2.853823819990096156e-01
1.381498276374905210e+01 1.541329076281943600e+00 4.261856088382112162e-01 -2.765052676916167629e-01
1.473976134703456964e+01 1.540956307981664830e+00 4.129419946391583163e-01 -2.679777437557767095e-01
1.568797338381338768e+01 1.532552935861746013e+00 3.977736512460913754e-01 -2.595496977221380397e-01
1.666112628221267045e+01 1.517335361634309043e+00 3.809767149806066455e-01 -2.510827366273595818e-01
1.766076713574201662e+01 1.496793396396463471e+00 3.628833138992767493e-01 -2.424404829503656877e-01
1.868848516477213906e+01 1.471404657480455347e+00 3.440251098189758827e-01 -2.338072725745368730e-01
1.974591423430263504e+01 1.441347026700546818e+00 3.249632706645441682e-01 -2.254580365759885074e-01
2.083473544736430583e+01 1.407712864759791849e+00 3.059537195496949691e-01 -2.173409984442402909e-01
2.195667981577019745e+01 1.369424346068382814e+00 2.870528630263300962e-01 -2.096157146982663422e-01
2.311353101126151799e+01 1.327028646630674436e+00 2.683313806748854335e-01 -2.022046632950831591e-01
2.430712820084576364e+01 1.283462790448662627e+00 2.501662017767040114e-01 -1.949150404970080297e-01
2.553936897056781419e+01 1.240945010255786629e+00 2.330068139252019221e-01 -1.877656237782639459e-01
2.681221234224282313e+01 1.199334834616587520e+00 2.170514294489406248e-01 -1.809765072973380795e-01
2.812768188789542023e+01 1.158559141671620552e+00 2.020756536995947927e-01 -1.744197999318628511e-01
2.948786894683510695e+01 1.118912877576984766e+00 1.879174059818713993e-01 -1.679464145491006699e-01
3.089493595047375862e+01 1.079951480700624966e+00 1.744712732341885675e-01 -1.615547331080089688e-01
3.235111986016755026e+01 1.042219061421438830e+00 1.619684700394472265e-01 -1.554073188975696185e-01
3.385873572354771710e+01 1.005736838391025678e+00 1.505469619304706796e-01 -1.496882247758918594e-01
3.542018035499337714e+01 9.695591205846003646e-01 1.399206853340039247e-01 -1.443137219416161798e-01
3.703793614609760709e+01 9.311910727773902163e-01 1.296947392444264824e-01 -1.392783318439643203e-01
3.871457501218464614e+01 8.921276527166532855e-01 1.198861509740963976e-01 -1.343822833078050227e-01
4.045276248115215623e+01 8.530519903874242971e-01 1.105218781541258688e-01 -1.295605419124934710e-01
4.225526193113942242e+01 8.125246029829911176e-01 1.015835824579381791e-01 -1.250221618951576075e-01
4.412493898375806367e+01 7.741991743469611720e-01 9.342646011755881275e-02 -1.206749673898376979e-01
4.606476605986999573e+01 7.394273614467071765e-01 8.609243555010077931e-02 -1.164312277836985765e-01
4.807782710515525082e+01 7.032095017387930413e-01 7.926768503055821313e-02 -1.127227161102868219e-01
5.016732249298262758e+01 6.670257929815314180e-01 7.299187584015344454e-02 -1.094288655823755230e-01
5.233657411237720680e+01 6.331324266671143342e-01 6.729243020021724586e-02 -1.062849213938586862e-01
5.458903064917451786e+01 5.999154483748586619e-01 6.189067365816239980e-02 -1.031656608040702749e-01
5.692827306875625482e+01 5.673297983777466635e-01 5.690935267673175729e-02 -1.003108823817494138e-01
5.935802030908514837e+01 5.351826145724686290e-01 5.245417767811511728e-02 -9.801173702179807878e-02
6.188213519308904864e+01 5.092732366394974175e-01 4.890555132608531003e-02 -9.603008327866324745e-02
6.450463056979361909e+01 4.894596344589228765e-01 4.593489519921015174e-02 -9.384817861433916719e-02
6.722967569396782039e+01 4.685941742918061648e-01 4.299002170095933550e-02 -9.174254410211317434e-02
7.006160285442345526e+01 4.473275234962665325e-01 4.010609049496614148e-02 -8.965710444441470084e-02
7.300491426150716734e+01 4.303934629199647754e-01 3.781335396149609895e-02 -8.785764008810655057e-02
7.606428920473429400e+01 4.111074972663156246e-01 3.560794621012709077e-02 -8.661468459442919765e-02
7.924459149194436236e+01 3.815502323215140823e-01 3.265379471566314667e-02 -8.558190232773167649e-02
8.255087718180391221e+01 3.498970973720713640e-01 2.965518941271754264e-02 -8.475403092922201287e-02
8.598840262195128048e+01 3.266551405979696288e-01 2.731698333389880051e-02 -8.362636903216269513e-02
8.956263280556129303e+01 3.034802225925392061e-01 2.499718613921292354e-02 -8.236841902140959459e-02
9.327925005961569127e+01 2.757856371420921437e-01 2.245238221128135342e-02 -8.141244208346239131e-02
9.714416307869143452e+01 2.547836423276509388e-01 2.051344367741180647e-02 -8.051318950465267965e-02
1.011635163186299451e+02 2.433690053227068328e-01 1.939782939781484888e-02 -7.970542252121778914e-02
1.053436997650199203e+02 2.344465957826558089e-01 1.849542529239210295e-02 -7.888971571819419770e-02
1.096913590920248680e+02 2.246191890640392708e-01 1.754125367006685587e-02 -7.809329978956436324e-02
1.142134062277053204e+02 2.037368994349855744e-01 1.579110520606458179e-02 -7.750734034854435406e-02
1.189170303426325574e+02 1.921358732217045839e-01 1.466532273742448753e-02 -7.632787407951792391e-02
1.238097092792641263e+02 1.989596477369061089e-01 1.496822004535954681e-02 -7.523244143029818309e-02
1.288992214402506988e+02 2.096252356921953774e-01 1.557643171093569569e-02 -7.430609038793141441e-02
1.341936581545749334e+02 2.008172410067534941e-01 1.478910613545735865e-02 -7.364460372682841982e-02
1.397014365411825452e+02 1.858156537655328011e-01 1.360901656489304883e-02 -7.323934388254109418e-02
1.454313128905548353e+02 1.859319035384475460e-01 1.347707397210434060e-02 -7.248392403683164009e-02
1.513923965854984317e+02 1.895035822730814778e-01 1.360475719151950889e-02 -7.179155680505587556e-02
1.575941645832823781e+02 1.720210573024958112e-01 1.227723929285698228e-02 -7.137056058937997494e-02
1.640464764821466872e+02 1.491508916684022856e-01 1.056205516114976789e-02 -7.081456264191644812e-02
1.707595901961352638e+02 1.296701407549525065e-01 9.088628753207468255e-03 -7.009037470224496746e-02
1.777441782631732679e+02 1.264737987361362059e-01 8.754345100704417210e-03 -6.921864598191371232e-02
1.850113448123152011e+02 1.538365088013480542e-01 1.047381898912561234e-02 -6.808409181107100139e-02
1.925726432171382783e+02 1.592207432245909826e-01 1.072578316520871738e-02 -6.736423249877258879e-02
2.004400944633470658e+02 1.300847759532939019e-01 8.602917080828232851e-03 -6.613315830222173120e-02
2.086262062597901092e+02 1.469444258513967760e-01 9.542231786116963169e-03 -6.493769144919395164e-02
2.171439929232707300e+02 1.844007913167723667e-01 1.176540311004298407e-02 -6.380343070129140814e-02
2.260069960687668527e+02 1.722257122286072750e-01 1.075103353696855828e-02 -6.242409102479400812e-02
2.352293061379535004e+02 2.162146357906768179e-01 1.315378121581043704e-02 -6.083668280691675867e-02
2.448255848002581274e+02 2.470883209424908356e-01 1.455744440410527453e-02 -5.891595502603088480e-02
2.548110882620728148e+02 2.221334042649307505e-01 1.269452264122412216e-02 -5.714819292142035712e-02
2.652016915212079766e+02 2.451232000847429759e-01 1.357889381608676053e-02 -5.539619999817366192e-02
2.760139136052171693e+02 3.042589729614563199e-01 1.624832221771540727e-02 -5.340293520209098838e-02
2.872649438338840469e+02 4.238606045437604553e-01 2.174314537105903264e-02 -5.129786806788318859e-02
2.989726691480093450e+02 5.630781770235417927e-01 2.787204476023259075e-02 -4.949942281117260950e-02
3.111557025487858255e+02 6.025333941580949260e-01 2.874055863713063930e-02 -4.769952821833072648e-02
3.238334126947062828e+02 6.902240000303606626e-01 3.155886726412864690e-02 -4.572264549297108682e-02
3.370259547063929517e+02 8.922851128986857283e-01 3.919646152624850499e-02 -4.392818053291790842e-02
3.507543022342307495e+02 1.042149871478883272e+00 4.391884414284764893e-02 -4.214254143746498649e-02
3.650402808490833308e+02 1.327938265733597856e+00 5.346786004010020688e-02 -4.026381453098857449e-02
3.799066028211205435e+02 1.637294598860817407e+00 6.337729269130731868e-02 -3.870854563094718731e-02
3.953769033506206370e+02 2.011213843132528822e+00 7.385611237851703870e-02 -3.672215793000103284e-02
4.114757782940311017e+02 2.393170313888997924e+00 8.366770303537925113e-02 -3.496103162813175153e-02
4.282288233587079844e+02 2.774336628627126267e+00 9.191717275678434884e-02 -3.313122560843286685e-02
4.456626745615492950e+02 3.283591593736115311e+00 1.031728680249986013e-01 -3.142073704349056945e-02
4.638050493537099328e+02 3.979071145901610596e+00 1.196591061863006011e-01 -3.007212030112802956e-02
4.826847870306113464e+02 4.586589685744408840e+00 1.313695030257280016e-01 -2.864208748256637932e-02
5.023318856110519732e+02 5.045934509937504586e+00 1.359088321977799663e-01 -2.693432344992191182e-02
5.227775299287690132e+02 5.371821308110055426e+00 1.367466639244642179e-01 -2.545629425871114709e-02
5.440541018230707095e+02 5.639594098237299846e+00 1.327511825974349302e-01 -2.353913779697857506e-02
5.661951576622684570e+02 5.874946490534449062e+00 1.258211860961255257e-01 -2.141656716343632097e-02
5.892353508030752209e+02 5.816390207446766603e+00 1.115478205365568604e-01 -1.917818725327977147e-02
6.132102672429411996e+02 5.854337237723622245e+00 9.791641617270159526e-02 -1.672544853442283624e-02
6.381561326547655426e+02 5.597379713278644253e+00 7.968861078746850013e-02 -1.423677057292066332e-02
6.641093401785439028e+02 5.196084884389105873e+00 5.958174981237860518e-02 -1.146666213852345906e-02
6.911057438099043111e+02 4.536065928483217213e+00 3.970493688403599342e-02 -8.753165740982218543e-03
7.191796657979509746e+02 3.704789194436149735e+00 2.386917687659311643e-02 -6.442789487844499154e-03
7.483625820688620252e+02 3.077395068509162446e+00 1.406900581237223620e-02 -4.571725598815603447e-03
7.786814801969792370e+02 2.569868780523856255e+00 7.858831774128828898e-03 -3.058067335456264579e-03
8.101569302431784081e+02 2.061476474500610223e+00 4.146706507802739097e-03 -2.011522595137678251e-03
8.428009664789741464e+02 1.525258467027738263e+00 1.901376682133993148e-03 -1.246593100931407379e-03
8.766149397824558491e+02 8.238666410295635290e-01 6.093837635562381104e-04 -7.396631119749040627e-04
9.115875545638554058e+02 2.114291387353828822e-01 8.615732787020802935e-05 -4.074997816551646085e-04
9.476933366936707444e+02 1.612951219639406353e-01 -3.363520531233230634e-05 -2.085320678194585605e-04
9.848917774971670269e+02 3.153116530724305311e-01 -3.168961665288617144e-05 -1.005025229613277875e-04
1.023127355805559887e+03 3.663587251942562739e-01 -1.689305067632434872e-05 -4.611068200263842252e-05
1.062330555777244626e+03 3.188220612107673935e-01 -7.641005463695166929e-06 -2.396636366591908877e-05
1.102419882726471087e+03 2.839622769828477611e-01 -3.817239239227376882e-06 -1.344276880642829373e-05
1.143304750983495751e+03 2.463975265437095830e-01 -2.041379485211310227e-06 -8.284902506313027441e-06
1.184889000119550474e+03 1.470886734036329080e-01 -8.282290457200661782e-07 -5.630814572970443393e-06
1.227074711365932671e+03 6.026922950353176892e-03 -2.453614322670762195e-08 -4.071089580673966937e-06
1.269765961189681775e+03 1.352715930159306412e-01 4.133262209552828137e-07 -3.055528597985877831e-06
1.312872169850299542e+03 2.450575796303703924e-01 5.834756696899667213e-07 -2.380973771837807050e-06
1.356310773685546337e+03 3.581185377593112951e-01 6.891693651428446379e-07 -1.924416896860084070e-06
1.400009055175663207e+03 4.462221560586049907e-01 7.153076173042290906e-07 -1.603030256548452355e-06
1.443905083080360782e+03 5.142985348463121609e-01 7.015084742515344901e-07 -1.364010252257798617e-06
1.487947824360007189e+03 5.512524100882284506e-01 6.580348414337342931e-07 -1.193708779120648492e-06
1.532096573003405183e+03 5.652101196223237034e-01 6.041658601726192862e-07 -1.068922581528310236e-06
1.576319888845293463e+03 5.428930099763416006e-01 5.252593196942452478e-07 -9.675190323727602013e-07
1.620594251007851653e+03 5.163763398046046227e-01 4.589796550793711863e-07 -8.888471831475620535e-07
1.664902611829989837e+03 4.866880691478854271e-01 4.025001274453508606e-07 -8.270186860139504222e-07
1.709232998369435336e+03 4.491322281407391093e-01 3.511537812612972453e-07 -7.818494404531140911e-07
1.753577261145662760e+03 3.898639827888232268e-01 2.893144461086507383e-07 -7.420907262042799777e-07
1.797930023545791983e+03 3.396222539687863140e-01 2.395926202392758141e-07 -7.054679645972082057e-07
1.842287846942864462e+03 2.906823698991895522e-01 1.968692221564724746e-07 -6.772657806001373689e-07
1.886648599279816381e+03 2.470017026821178796e-01 1.616567608818532070e-07 -6.544763016872783481e-07
1.931010998864827798e+03 2.027924634471479637e-01 1.286232623778013615e-07 -6.342605646748964740e-07
1.975374298617337899e+03 1.644537004051613849e-01 1.016222034767390512e-07 -6.179380775645327411e-07
2.019738076283673536e+03 1.246128477246602334e-01 7.483690594100946260e-08 -6.005552983298015580e-07
2.064102100433432497e+03 9.238040269821093387e-02 5.432218307196083919e-08 -5.880271300550723587e-07
2.108466248061495207e+03 6.110038929436921451e-02 3.529656898724349846e-08 -5.776815728160393302e-07
2.152830455767321382e+03 3.594378076388345805e-02 2.027855152881107803e-08 -5.641741379968324452e-07
2.197194691859801878e+03 1.389780572463620613e-02 7.742332669531249759e-09 -5.570902934559416079e-07
2.241558940976467511e+03 4.918729047243677009e-03 -2.690226487060242705e-09 -5.469352877991465773e-07
2.285923195895189565e+03 2.215464084729044936e-02 -1.189145845580735562e-08 -5.367479679663460306e-07
2.330287453323303907e+03 3.520857822128932446e-02 -1.878187113585278969e-08 -5.334458840628812383e-07
2.374651711805003288e+03 4.710303847733125771e-02 -2.474610702666336938e-08 -5.253611619677708402e-07
2.419015970716085576e+03 5.751052054641549172e-02 -2.982018394001711445e-08 -5.185170236104869406e-07
2.463380229797012362e+03 6.361467235116895214e-02 -3.268598307814581400e-08 -5.138120164749255772e-07
2.507744488943140368e+03 7.098485695075097690e-02 -3.607593595970054574e-08 -5.082201684893144773e-07
2.552108748113556430e+03 7.616158256123907455e-02 -3.833352226297927619e-08 -5.033183525586082634e-07
2.596473007292751390e+03 8.067726023874986774e-02 -4.036360725226259841e-08 -5.003095932213581548e-07
2.640837266475024535e+03 8.321748195897631095e-02 -4.137843678231705758e-08 -4.972325022128808033e-07
2.685201525658345872e+03 8.527266195418270467e-02 -4.215703144433120801e-08 -4.943792122612793406e-07
2.729565784842012363e+03 8.699751369109240406e-02 -4.287639310310730479e-08 -4.928461893215849677e-07
2.773930044025789357e+03 8.660812858164133876e-02 -4.238968332127115231e-08 -4.894423192773693183e-07
2.818294303209601367e+03 8.878052382454577895e-02 -4.294822521571552587e-08 -4.837572855572781003e-07
2.862658562393422471e+03 8.680007044039401987e-02 -4.193666878265833768e-08 -4.831409533412352562e-07
2.907022821577248124e+03 8.791281634715811255e-02 -4.206717675282801274e-08 -4.785101706525852011e-07
2.951387080761073776e+03 8.569893528648850345e-02 -4.087787250938362741e-08 -4.769939366542926869e-07
2.995751339944899428e+03 8.379173974300288541e-02 -3.985770710957109137e-08 -4.756758510065360960e-07
3.040115599128725080e+03 8.187225767173061941e-02 -3.886951895325305782e-08 -4.747581178120384654e-07
3.084479858312550732e+03 8.135705439163168351e-02 -3.843492756173051193e-08 -4.724228015522141705e-07
3.128844117496376384e+03 7.889866025135156002e-02 -3.703733622457557638e-08 -4.694292159915492618e-07
3.173208376680202036e+03 7.832208434808370090e-02 -3.670257479273023182e-08 -4.686108024093747387e-07
3.217572635864027689e+03 7.608007475597142188e-02 -3.541473086482680307e-08 -4.654928505054754708e-07
3.261936895047853795e+03 7.298542366836638373e-02 -3.400784326493258505e-08 -4.659539063506510941e-07
3.306301154231679448e+03 7.231506225497075224e-02 -3.326837348992695395e-08 -4.600476367237058444e-07
3.350665413415505100e+03 7.147472448101416242e-02 -3.282352887763593503e-08 -4.592326744310130085e-07
3.395029672599330752e+03 6.889395659038090314e-02 -3.161315244860473792e-08 -4.588668442511636045e-07
3.439393931783156404e+03 6.688112997605329124e-02 -3.070934219053854979e-08 -4.591630285184175314e-07
3.483758190966982056e+03 6.554911496315159181e-02 -3.007286325507103499e-08 -4.587836658355567523e-07
3.528122450150807708e+03 6.354524337410769053e-02 -2.909653770719130207e-08 -4.578869504974947230e-07
3.572486709334633815e+03 6.145772855328931333e-02 -2.802918799937665266e-08 -4.560726316963187820e-07
3.616850968518459467e+03 6.089775192843812496e-02 -2.757528301498034807e-08 -4.528128238195800927e-07
3.661215227702285574e+03 5.778430647842249662e-02 -2.610399922576001870e-08 -4.517489404412534212e-07
3.705579486886111226e+03 5.595143037687497212e-02 -2.510155516335018391e-08 -4.486311608885121907e-07
3.749943746069936878e+03 5.311590802591358018e-02 -2.388487112876953567e-08 -4.496745328558980516e-07
3.794308005253762531e+03 5.081478016008861287e-02 -2.277919684316601484e-08 -4.482789607945101554e-07
3.838672264437588183e+03 4.808609432983595999e-02 -2.152907642259981671e-08 -4.477193817182544713e-07
3.883036523621413835e+03 4.623464059000702286e-02 -2.068834279375440235e-08 -4.474641206192462805e-07
3.927400782805239487e+03 4.439938426274413902e-02 -1.988511602036971927e-08 -4.478691844619897731e-07
3.971765041989065139e+03 4.223845196698215732e-02 -1.887906259165829706e-08 -4.469638850973061236e-07
4.016129301172890791e+03 4.032889285466589174e-02 -1.798710509699832330e-08 -4.460103866927079701e-07
4.060493560356716443e+03 3.783824395100057747e-02 -1.684518946251082020e-08 -4.451895147228515797e-07
4.104857819540542550e+03 3.698042167511942507e-02 -1.642233515144461457e-08 -4.440818792094419493e-07
4.149222078724367748e+03 3.406813084667745239e-02 -1.512771590782384015e-08 -4.440430258973011358e-07
4.193586337908193855e+03 3.285845919984290570e-02 -1.452428016425064512e-08 -4.420256006501998233e-07
4.237950597092019052e+03 3.165947711849616958e-02 -1.396192168216917832e-08 -4.410029145431563048e-07
4.282314856275845159e+03 3.036397028565216219e-02 -1.332474525348801474e-08 -4.388340894861280663e-07
4.326679115459670356e+03 2.941311080846764972e-02 -1.288718245932585850e-08 -4.381441508599562321e-07
4.371043374643496463e+03 2.794974509572828447e-02 -1.227876336804933587e-08 -4.393157549735925295e-07
4.415407633827321661e+03 2.780288056681399708e-02 -1.216764326132799838e-08 -4.376396622676396322e-07
4.459771893011147768e+03 2.739116033479595605e-02 -1.195917170512684547e-08 -4.366069768112265143e-07
4.504136152194972965e+03 2.561336222200903678e-02 -1.118116220587858377e-08 -4.365362933988744484e-07
4.548500411378799072e+03 2.291352369928715757e-02 -1.004938345683128779e-08 -4.385787008893759089e-07
4.592864670562624269e+03 2.074453065094535378e-02 -9.026486276758921789e-09 -4.351260787068023215e-07
4.637228929746450376e+03 1.896652210990215984e-02 -8.262437889524982193e-09 -4.356327344385019243e-07
4.681593188930276483e+03 1.633253276164134751e-02 -7.133902948332671947e-09 -4.367909773974178328e-07
4.725957448114101680e+03 1.598652350797176436e-02 -6.941458188255586659e-09 -4.342068608471499040e-07
4.770321707297927787e+03 1.596791277328220293e-02 -6.956380548209631351e-09 -4.356474541775536062e-07
4.814685966481752985e+03 1.586473727627148514e-02 -6.927145996885753478e-09 -4.366379270110273319e-07
4.859050225665579092e+03 1.503989748601815106e-02 -6.572103165740973107e-09 -4.369779230111596283e-07
4.903414484849404289e+03 1.366809669668928723e-02 -5.976621137208581102e-09 -4.372679876237815859e-07
4.947778744033230396e+03 1.273626232949955084e-02 -5.581602367023844119e-09 -4.382449279562823744e-07
4.992143003217055593e+03 1.208321708010122453e-02 -5.249512696212948814e-09 -4.344466098236291724e-07
5.036507262400881700e+03 1.098934443003656003e-02 -4.768979845889946084e-09 -4.339639981485301920e-07
5.080871521584706898e+03 1.034144795536271443e-02 -4.470645029919436384e-09 -4.323035854569200727e-07
5.125235780768533004e+03 9.024967901608550030e-03 -3.898268660562708480e-09 -4.319426620750537466e-07
5.169600039952358202e+03 9.145387119653600877e-03 -3.928630197354154833e-09 -4.295750574528942515e-07
5.213964299136184309e+03 7.719485628285106121e-03 -3.316237096821882774e-09 -4.295930139011851879e-07
5.258328558320009506e+03 7.522471364499694509e-03 -3.240830449300126624e-09 -4.308199117373001835e-07
5.302692817503835613e+03 5.265302908863882941e-03 -2.260920355741939769e-09 -4.293998645236135896e-07
5.347057076687661720e+03 4.058987431067070072e-03 -1.737546416160884624e-09 -4.280738597172989626e-07
5.391421335871486917e+03 3.325022956424718897e-03 -1.427619860711824357e-09 -4.293563922478581086e-07
5.435785595055313024e+03 3.667644378990254396e-03 -1.586646564290141099e-09 -4.326064362671289355e-07
5.480149854239138222e+03 2.748878388711456424e-03 -1.193375370448295001e-09 -4.341317445504355831e-07
5.524514113422964328e+03 1.901171298252807979e-03 -8.258851546612840717e-10 -4.344085961219167072e-07
5.568878372606789526e+03 9.907074261719477342e-04 -4.269507341144364377e-10 -4.309554191636135140e-07
5.613242631790615633e+03 6.240839432251027268e-04 -2.684129280848736332e-10 -4.300910654707534436e-07
5.657606890974440830e+03 2.328015076873346458e-04 -1.003100812994206947e-10 -4.308824384167765338e-07
5.701971150158266937e+03 8.680544172475994748e-04 3.736964836201159843e-10 -4.304989136568435817e-07
5.746335409342093044e+03 8.359054653872236181e-04 3.582633964053709563e-10 -4.285931977241105251e-07
5.790699668525919151e+03 6.781635454506026181e-04 2.892176873428121577e-10 -4.264718876191476755e-07
5.835063927709744348e+03 1.107579681845628381e-03 4.731671864992824408e-10 -4.272082580196981805e-07
5.879428186893570455e+03 3.411754486694419490e-03 1.456180554408543861e-09 -4.268128202329728724e-07
5.923792446077395653e+03 5.346800041806883987e-03 2.280615338275446557e-09 -4.265383632159809053e-07
5.968156705261221759e+03 5.420723831583461501e-03 2.307221185623979172e-09 -4.256297235031821802e-07
6.012520964445046957e+03 5.157978040184270536e-03 2.204906096832282879e-09 -4.274748902873405279e-07
6.056885223628873064e+03 5.427318889522290447e-03 2.316970828950444172e-09 -4.269089169282961643e-07
6.101249482812698261e+03 5.367179161262411978e-03 2.288304255601232174e-09 -4.263513825133798798e-07
6.145613741996524368e+03 5.980640976862726735e-03 2.553886603526742351e-09 -4.270255668927376695e-07
6.189978001180349565e+03 5.222369416356423440e-03 2.228421499137354128e-09 -4.267069832627990676e-07
6.234342260364175672e+03 5.138700505666352059e-03 2.182793347019863364e-09 -4.247753580137500631e-07
6.278706519548000870e+03 5.267188565207843107e-03 2.224604383323083154e-09 -4.223513845730905918e-07
6.323070778731826977e+03 5.587908043241308909e-03 2.362761970178585507e-09 -4.228347982634387569e-07
6.367435037915652174e+03 6.033150606228445192e-03 2.557939787298073315e-09 -4.239807613384178492e-07
6.411799297099478281e+03 6.071190046427848291e-03 2.588848297211520476e-09 -4.264152954221455592e-07
6.456163556283304388e+03 5.322246883710219680e-03 2.265517717516264507e-09 -4.256694150078467228e-07
6.500527815467129585e+03 6.117294153317061854e-03 2.604647490189603323e-09 -4.257842478896083095e-07
6.544892074650955692e+03 7.258181359798812973e-03 3.114622289265451839e-09 -4.291188294793153061e-07
6.589256333834780889e+03 6.961391914039977320e-03 3.003363568600356056e-09 -4.314314731430460132e-07
6.633620593018606996e+03 6.455731485329037518e-03 2.762190961036382125e-09 -4.278664574748182861e-07
6.677984852202432194e+03 8.319533403241079900e-03 3.579709474356458525e-09 -4.302776731399256490e-07
6.722349111386258301e+03 1.211172139480680941e-02 5.248597294004816003e-09 -4.333485821639918161e-07
6.766713370570083498e+03 1.253541133062354915e-02 5.453075902530220060e-09 -4.350137190319839309e-07
6.811077629753909605e+03 1.382749090737554233e-02 6.056569217423634874e-09 -4.380092713850984392e-07
6.855441888937734802e+03 1.431731013644288626e-02 6.230033382165198611e-09 -4.351399336043886988e-07
6.899806148121560909e+03 1.602498820736751248e-02 6.922995943028860662e-09 -4.320125452476777633e-07
6.944170407305386107e+03 1.972730949442497508e-02 8.336525892281729795e-09 -4.225880825075344707e-07
6.988534666489212213e+03 2.278026121567245516e-02 9.233590575893886046e-09 -4.053329541955086633e-07
7.032898925673038320e+03 3.660019337571809167e-02 1.400410358451345588e-08 -3.826237594089951507e-07
7.077263184856863518e+03 4.165904584869307981e-02 1.050059135874085770e-08 -2.520602943446982609e-07
