# Columns: yplus absP_over_phi P_term_plus PHI_term_plus | Case=jet_M08_T05 | x*=10.00 | USE_ABS=True
4.241204116772259169e-01 5.249368593408812672e-04 1.699278882541766205e-04 -3.237111001645810449e-01
1.242506501918621664e+00 1.181385957155018859e-02 3.306043349633719809e-03 -2.798444767021983637e-01
2.064264449970745652e+00 5.669143381151637434e-02 1.442003702239361140e-02 -2.543600691126691182e-01
2.890307804343040576e+00 1.589430686699402628e-01 3.673204254384145745e-02 -2.311018835311332842e-01
3.721649285730860512e+00 3.316465703527478048e-01 6.950021670113026850e-02 -2.095610897685691587e-01
4.559387429129143854e+00 5.650792823497315931e-01 1.084524741428539857e-01 -1.919243503175045995e-01
5.404693260976848990e+00 8.263445553855667258e-01 1.483044044757362012e-01 -1.794704200677384176e-01
6.258798154568612659e+00 1.072631241472763675e+00 1.842056234124629932e-01 -1.717324801760777009e-01
7.122983580563858830e+00 1.276405425632278101e+00 2.133315722644546775e-01 -1.671346485845428831e-01
7.998573076575290486e+00 1.428745414895751908e+00 2.343143009152766632e-01 -1.640000370061543422e-01
8.886926448014495605e+00 1.534444652506637308e+00 2.474086702342966348e-01 -1.612366205780931261e-01
9.789436000936682092e+00 1.601455904847683298e+00 2.533862693354074214e-01 -1.582224453189095825e-01
1.070752449292325004e+01 1.639748692055511103e+00 2.536011882876984536e-01 -1.546585702531014239e-01
1.164264445184296726e+01 1.655381565079601547e+00 2.492492869455230631e-01 -1.505690846167768715e-01
1.259627853036285927e+01 1.653790835584872942e+00 2.416352131902947675e-01 -1.461098997472912164e-01
1.356994061269451990e+01 1.638352356729503745e+00 2.317111263871340088e-01 -1.414293606838508133e-01
1.456517745026313904e+01 1.613230236834298115e+00 2.203587800646729378e-01 -1.365947494866518175e-01
1.558357066190152729e+01 1.581119541113819693e+00 2.081866779354067942e-01 -1.316704224582220251e-01
1.662673898470674061e+01 1.544306674253107747e+00 1.957420373182440221e-01 -1.267507552623336198e-01
1.769634070121284708e+01 1.504915714158707507e+00 1.834018056062581004e-01 -1.218684899630974594e-01
1.879407619725946432e+01 1.464326788367912524e+00 1.714837064245179066e-01 -1.171075389637907666e-01
1.992169062457349682e+01 1.422813859410090753e+00 1.601269741921437506e-01 -1.125424616390323790e-01
2.108097665480483940e+01 1.381325986625052682e+00 1.494603994473074626e-01 -1.082006715970637994e-01
2.227377731961763985e+01 1.341294740174776567e+00 1.394726091536210855e-01 -1.039835652642961961e-01
2.350198893609882234e+01 1.303041476491381356e+00 1.300992556083055696e-01 -9.984275861933092355e-02
2.476756411941747160e+01 1.265802529564676204e+00 1.212775317625540278e-01 -9.581078322245313583e-02
2.607251488617122703e+01 1.229080805825154998e+00 1.130240953209484395e-01 -9.195822991074101282e-02
2.741891585270312248e+01 1.192777472060504440e+00 1.053973939071182336e-01 -8.836299844349497501e-02
2.880890753317253328e+01 1.157571655371457897e+00 9.838268256646225118e-02 -8.499057670420569199e-02
3.024469974248887993e+01 1.124324617188598996e+00 9.191221749324114676e-02 -8.174882599570743036e-02
3.172857510945992132e+01 1.093583890353862831e+00 8.596011896951660791e-02 -7.860404650044867936e-02
3.326289270571571421e+01 1.064180217884002522e+00 8.045999190972809301e-02 -7.560748692520646852e-02
3.485009179616773878e+01 1.036130699381554443e+00 7.543907090643063584e-02 -7.280845066308594404e-02
3.649269571696184755e+01 1.009706592168648331e+00 7.082255005190606079e-02 -7.014171304932589890e-02
3.819331588708885050e+01 9.843791767356528943e-01 6.655148163188902288e-02 -6.760756749506180441e-02
3.995465596002983943e+01 9.609285698612973770e-01 6.260009330690645413e-02 -6.514541795332642882e-02
4.177951612203641929e+01 9.391287781333224061e-01 5.893344403470289483e-02 -6.275331499460926055e-02
4.367079754387927437e+01 9.181504817842113253e-01 5.553377301421612289e-02 -6.048439130184758705e-02
4.563150699314218173e+01 8.983693958091550913e-01 5.244805900217265615e-02 -5.838139550038105863e-02
4.766476161439459247e+01 8.808452703759658275e-01 4.964667554316599951e-02 -5.636253858975210501e-02
4.977379388484177269e+01 8.646758056884707999e-01 4.704520814141991553e-02 -5.440791546603025025e-02
5.196195675333142106e+01 8.473844220278359263e-01 4.456700479065626996e-02 -5.259360879446551423e-02
5.423272897088654076e+01 8.288125800894893258e-01 4.219936284041907876e-02 -5.091544681411892814e-02
5.658972062123939395e+01 8.130178658934316127e-01 4.009066892888419470e-02 -4.931093228170115028e-02
5.903667886015840338e+01 7.990821418415986477e-01 3.819303506350846950e-02 -4.779613141583564928e-02
6.157749387269318220e+01 7.879007894915024401e-01 3.650937564465291107e-02 -4.633752895236395442e-02
6.421620505780775545e+01 7.785874164685311349e-01 3.499432414027473653e-02 -4.494591538481296916e-02
6.695700745023506784e+01 7.704184723868091611e-01 3.364034425430223463e-02 -4.366502811138749801e-02
6.980425838976194086e+01 7.644790175487619077e-01 3.241292663499559940e-02 -4.239871322946827531e-02
7.276248444854677189e+01 7.620283993742064110e-01 3.136250899278728022e-02 -4.115661439723614784e-02
7.583638862748435372e+01 7.547133264973124867e-01 3.020235787066988600e-02 -4.001831796298277455e-02
7.903085783305739653e+01 7.451932665374297882e-01 2.901360171955139067e-02 -3.893433156523843502e-02
8.235097064656208943e+01 7.388218077568953213e-01 2.796929600780157302e-02 -3.785661943671903007e-02
8.580200539805915128e+01 7.350559772998435104e-01 2.702610997538267001e-02 -3.676741746208288947e-02
8.938944855788656696e+01 7.275252317190978868e-01 2.604853076442703586e-02 -3.580429877720658904e-02
9.311900345907397991e+01 7.142485438773232831e-01 2.489947325986107546e-02 -3.486107668444574093e-02
9.699659936452725617e+01 7.020167025036900821e-01 2.381616059473057670e-02 -3.392534751636538254e-02
1.010284008933966646e+02 6.963413552268576945e-01 2.303126859474275909e-02 -3.307468157946688581e-02
1.052208178216159382e+02 6.957268932653600801e-01 2.240139119853570837e-02 -3.219854143253809975e-02
1.095805152721920734e+02 6.946625749188288790e-01 2.176053058749606584e-02 -3.132532451462319983e-02
1.141144243114478627e+02 6.907297050690183182e-01 2.109763249404740873e-02 -3.054397738973643056e-02
1.188297529680614844e+02 6.881489314003036428e-01 2.056703547162124293e-02 -2.988747716249402428e-02
1.237339976924226619e+02 6.861757397671789382e-01 2.006069466646145591e-02 -2.923550557655695686e-02
1.288349552745225992e+02 6.825631827215764558e-01 1.950643434619464198e-02 -2.857821054516427109e-02
1.341407352393251813e+02 6.794094542514350632e-01 1.898142351157005442e-02 -2.793812095606404769e-02
1.396597727393259447e+02 6.758325909152450572e-01 1.847129347090201504e-02 -2.733116709551887402e-02
1.454008419647947221e+02 6.656938094689669461e-01 1.778489977261365346e-02 -2.671633642920746149e-02
1.513730700930220507e+02 6.674774846059775557e-01 1.740699254056855480e-02 -2.607877110767890111e-02
1.575859517987463789e+02 6.742419339356486851e-01 1.722847058794430009e-02 -2.555235698168341341e-02
1.640493643488297550e+02 6.822119281559257953e-01 1.709459890438459750e-02 -2.505760775920861522e-02
1.707735833051806651e+02 6.849841526778625012e-01 1.682376744002119992e-02 -2.456081264690682456e-02
1.777692988608878579e+02 6.879167840038298287e-01 1.656757738716910927e-02 -2.408369409268094202e-02
1.850476328355364899e+02 6.939465834037432668e-01 1.641506734655650765e-02 -2.365465547224418139e-02
1.926201563567262838e+02 6.953229417804804857e-01 1.611052377454877740e-02 -2.316984354535365012e-02
2.004989082559015117e+02 6.922578362677886954e-01 1.571296670196040829e-02 -2.269814204874107469e-02
2.086964142077386555e+02 6.854734677574279011e-01 1.525200096167998384e-02 -2.225031555426633736e-02
2.172257066435192030e+02 6.871542247342357079e-01 1.493325675545176430e-02 -2.173203076969709713e-02
2.261003454701469195e+02 6.995400296891480796e-01 1.484945113449301010e-02 -2.122745018764916544e-02
2.353344396277480826e+02 7.225096885852954065e-01 1.502437900288711159e-02 -2.079470938625817278e-02
2.449426695201269695e+02 7.528898222563593645e-01 1.537099625667702127e-02 -2.041599687270468852e-02
2.549403103537383117e+02 7.677239393556954949e-01 1.534662710981259115e-02 -1.998977278563449783e-02
2.653432564222815699e+02 7.856749231748412221e-01 1.526281163796430404e-02 -1.942636984809018030e-02
2.761680463755293431e+02 8.093598786174805992e-01 1.537032956049005916e-02 -1.899072336862694943e-02
2.874318895125744575e+02 8.365082909689546264e-01 1.559824704423450580e-02 -1.864685289151952335e-02
2.991526931413279726e+02 9.155051088800609804e-01 1.672851422181079531e-02 -1.827244223931728459e-02
3.113490910478429896e+02 1.010269595604187609e+00 1.791904029802085518e-02 -1.773688961440480355e-02
3.240404731209132478e+02 1.040103791115978282e+00 1.792945385516989121e-02 -1.723813912449305083e-02
3.372470161794797150e+02 1.076608173948717884e+00 1.804619660506701084e-02 -1.676208396122265062e-02
3.509897160528008158e+02 1.127706154793759463e+00 1.834092337863547917e-02 -1.626392061502028238e-02
3.652904209663437314e+02 1.146152157961183304e+00 1.804092589694493085e-02 -1.574042832937362982e-02
3.801718662902344477e+02 1.216635126065255257e+00 1.847008234874271404e-02 -1.518128315798113366e-02
3.956577107121744916e+02 1.373847974344434286e+00 2.001551357767214837e-02 -1.456894354502582221e-02
4.117725739028219891e+02 1.453793049810023552e+00 2.042217780020198423e-02 -1.404751371102694497e-02
4.285420757469887008e+02 1.534037120802166809e+00 2.067646222459250741e-02 -1.347846277264824755e-02
4.459928772126934291e+02 1.631825752930964768e+00 2.114342284789655704e-02 -1.295691210285185475e-02
4.641527229068960878e+02 1.714789761128398204e+00 2.121809520516898181e-02 -1.237358403120313206e-02
4.830504852879303712e+02 1.766185068295700988e+00 2.054576953640769449e-02 -1.163285201829588125e-02
5.027162103036325220e+02 1.830740472199197999e+00 1.997338103553070177e-02 -1.091000135673924828e-02
5.231811637808247042e+02 1.889149165956666154e+00 1.924919178297072181e-02 -1.018934456307102679e-02
5.444778770085953283e+02 1.977357769029757462e+00 1.855049301271015708e-02 -9.381455042307515479e-03
5.666401883386570262e+02 2.033989664788861784e+00 1.743188557038597916e-02 -8.570292107258811395e-03
5.897032748731771790e+02 2.118822546971451448e+00 1.619601479677118192e-02 -7.643875047450778178e-03
6.137036639600107719e+02 2.086597692858494391e+00 1.389693841719659255e-02 -6.660094787202965223e-03
6.386792078386926050e+02 2.005093102567679253e+00 1.152757927230542608e-02 -5.749149133046966946e-03
6.646689961731213998e+02 1.897162015194950424e+00 9.160710096054408211e-03 -4.828638789245979883e-03
6.917131706641829396e+02 1.824512287859391346e+00 7.180135612750034556e-03 -3.935372570811308292e-03
7.198525945791755021e+02 1.670752670994237965e+00 5.113752029749455558e-03 -3.060747481376967748e-03
7.491283200915565885e+02 1.435868593007119554e+00 3.289561367854342347e-03 -2.290990543198009270e-03
7.795807912093961249e+02 1.171940303851224385e+00 1.924549454268894427e-03 -1.642190688334934593e-03
8.112487241007370358e+02 8.401243852492508157e-01 9.160733251433026856e-04 -1.090402018114876000e-03
8.441676242257115064e+02 5.535497215185810616e-01 3.689886559352673089e-04 -6.665862913326051119e-04
8.783679340958260582e+02 3.196084591073392045e-01 1.218476388231268308e-04 -3.812403437738949054e-04
9.138728571419251239e+02 1.237590087573093300e-01 2.420748664413879497e-05 -1.956018142615341209e-04
9.506959682575661645e+02 3.721488591661464840e-02 3.457484511573555409e-06 -9.290595487301912055e-05
9.888387912596456317e+02 9.746683726838934435e-04 -4.303425005737553067e-08 -4.415271005344552482e-05
1.028288584502058939e+03 4.195731996648359614e-03 -8.915943072606177557e-08 -2.125002998220197115e-05
1.069016612668668586e+03 6.834243998054998718e-04 7.391976604940194035e-09 -1.081608530079394952e-05
1.110977181182366166e+03 1.026839453753374855e-02 -5.606474192344159203e-08 -5.459932584252567919e-06
1.154107661079238142e+03 3.935265363657809885e-03 -1.198894888256151988e-08 -3.046541408180375071e-06
1.198329637130811079e+03 1.743522930318805887e-03 3.409318308688627240e-09 -1.955419254546441829e-06
1.243551181738211426e+03 1.458546076219471160e-02 -2.024663932359000166e-08 -1.388138479386882116e-06
1.289670112494877458e+03 1.546995281789430646e-02 -1.574216906827406225e-08 -1.017596449942942213e-06
1.336577958557073089e+03 1.860354009095781626e-04 1.459978505893837377e-10 -7.847853143840374030e-07
1.384164265639237556e+03 2.758770234489912963e-03 -1.725350300782119882e-09 -6.254055807953616019e-07
1.432320830120737128e+03 3.351527652468011889e-03 -1.724802180086727480e-09 -5.146316423248397000e-07
1.480945476283314974e+03 1.332377275331938192e-02 5.807810909184095252e-09 -4.358983762866401489e-07
1.529945070701716531e+03 1.444153799840276753e-02 5.448653780761324300e-09 -3.772904091907624211e-07
1.579237586591913669e+03 1.942827564884049701e-02 6.488180895460549950e-09 -3.339555713915234916e-07
1.628753164304007669e+03 1.865948635182725773e-02 5.630607239811063642e-09 -3.017557468434643419e-07
1.678434237571518679e+03 2.134998277251136736e-02 5.935062101791930278e-09 -2.779890815384390101e-07
1.728234889217950240e+03 2.035028665784493693e-02 5.272832578813656939e-09 -2.591036021982031958e-07
1.778119654122183420e+03 1.949494265697024331e-02 4.760584117380370146e-09 -2.441958512598274233e-07
1.828062000274167303e+03 1.411906519937651712e-02 3.292433095589651364e-09 -2.331905865648273711e-07
1.878042697578883690e+03 1.034540373325149379e-02 2.320834427615892412e-09 -2.243348338505556843e-07
1.928048240323360005e+03 1.801291302545375561e-02 3.918283561062550695e-09 -2.175263687514444553e-07
1.978069435734228591e+03 1.804729295932942790e-02 3.826672791040855635e-09 -2.120358327237483404e-07
2.028100218887039091e+03 1.615991338222186324e-02 3.352137630130374372e-09 -2.074353711461218921e-07
2.078136710943351773e+03 1.690535622084267733e-02 3.424949811332375410e-09 -2.025955422997678214e-07
2.128176506901113953e+03 1.595697483975946906e-02 3.188212012307463079e-09 -1.998005288799164987e-07
2.178218160986893508e+03 1.827113601885449815e-02 3.610939870342029652e-09 -1.976308351388659844e-07
2.228260830479211108e+03 1.841742305146118475e-02 3.601980429042472325e-09 -1.955746153507996834e-07
2.278304039067667873e+03 1.975061485408695361e-02 3.841631183957065769e-09 -1.945069159789789937e-07
2.328347525694245178e+03 1.720988704945367390e-02 3.330089569260658909e-09 -1.934986301590150426e-07
2.378391151606763742e+03 1.795812839263738123e-02 3.473238571343714716e-09 -1.934076032537834552e-07
2.428434845288174074e+03 1.784318479411351258e-02 3.438562215731136472e-09 -1.927101162380788927e-07
2.478478570990285334e+03 1.938380533237587036e-02 3.729315529410587329e-09 -1.923933647425608742e-07
2.528522311383931992e+03 2.023153969612460565e-02 3.862498377541127534e-09 -1.909147022695953043e-07
2.578566058322411664e+03 1.773073311938440366e-02 3.380485921830374298e-09 -1.906568611161714785e-07
2.628609808091535342e+03 1.925276638770025486e-02 3.660031551817316946e-09 -1.901041896065154440e-07
2.678653559049122578e+03 1.899510909644784931e-02 3.629429363171539085e-09 -1.910717829912466678e-07
2.728697310491063035e+03 2.001186328497792793e-02 3.814212112615573112e-09 -1.905975499782043394e-07
2.778741062124591281e+03 1.970860343168027301e-02 3.763698646134577267e-09 -1.909672929987865685e-07
2.828784813831667634e+03 1.888364422111826063e-02 3.628940853217902511e-09 -1.921737568620111359e-07
2.878828565566141151e+03 1.857183798341267497e-02 3.594361777098354277e-09 -1.935382906263040381e-07
2.928872317310517701e+03 1.628905784835432344e-02 3.173597540264602756e-09 -1.948300245360863443e-07
2.978916069058366702e+03 1.645004329995115519e-02 3.216050791563566446e-09 -1.955040927809056850e-07
3.028959820807397591e+03 1.677743876232719311e-02 3.274066562655404889e-09 -1.951469833409340021e-07
3.079003572556818199e+03 1.545490503273023834e-02 3.019826262466027021e-09 -1.953959766217049023e-07
3.129047324306363407e+03 1.530104024237051788e-02 2.991839495729470114e-09 -1.955317709344157973e-07
3.179091076055947724e+03 1.684396744831157672e-02 3.327723890739046091e-09 -1.975617621531686132e-07
3.229134827805542955e+03 1.855316446863061394e-02 3.686146940106337532e-09 -1.986802276419645031e-07
3.279178579555142733e+03 1.958323525228910719e-02 3.924269938717555180e-09 -2.003892558181285638e-07
3.329222331304742966e+03 1.998844576416281688e-02 4.019122142673794011e-09 -2.010722689544805935e-07
3.379266083054343198e+03 1.914802029640452416e-02 3.864606069331798563e-09 -2.018279701770248264e-07
3.429309834803942977e+03 1.929009101926426606e-02 3.893980962432007331e-09 -2.018643125396992255e-07
3.479353586553543209e+03 1.884470966274482892e-02 3.820753572391365549e-09 -2.027493997397491862e-07
3.529397338303142988e+03 1.802485377401543201e-02 3.667898261553826752e-09 -2.034911521358057463e-07
3.579441090052743220e+03 1.758933479680530043e-02 3.589686042757773817e-09 -2.040831040074214597e-07
3.629484841802343453e+03 1.591249863067188339e-02 3.262615427005974444e-09 -2.050347656097938191e-07
3.679528593551943231e+03 1.588290981709595401e-02 3.274027469135244103e-09 -2.061352426500064566e-07
3.729572345301543464e+03 1.654825863237191150e-02 3.422746976833868787e-09 -2.068342689627927352e-07
3.779616097051143242e+03 1.565167686233730898e-02 3.248209852786439628e-09 -2.075311087339542360e-07
3.829659848800743475e+03 1.517565122461294984e-02 3.162308851713258612e-09 -2.083804381708774004e-07
3.879703600550343708e+03 1.528013014114375234e-02 3.201286476536618195e-09 -2.095064928744772198e-07
3.929747352299943486e+03 1.559310253339409730e-02 3.274917380649079125e-09 -2.100234622093669395e-07
3.979791104049543719e+03 1.534430260293481556e-02 3.241875026952437044e-09 -2.112754884234610072e-07
4.029834855799144407e+03 1.517814913386386112e-02 3.224694330309286980e-09 -2.124563609086363720e-07
4.079878607548744640e+03 1.544096224301482780e-02 3.291495683523811997e-09 -2.131664874067557935e-07
4.129922359298344418e+03 1.614072453387249695e-02 3.466107746843919508e-09 -2.147430085663154638e-07
4.179966111047944651e+03 1.557668441799653705e-02 3.371511223576955750e-09 -2.164460120718422594e-07
4.230009862797544884e+03 1.530047618682931626e-02 3.313881536235708211e-09 -2.165868235583612061e-07
4.280053614547145116e+03 1.574287074975623882e-02 3.407305095673223752e-09 -2.164348008590480381e-07
4.330097366296744440e+03 1.537147028094268918e-02 3.337181806871212749e-09 -2.171023165564454194e-07
4.380141118046344673e+03 1.456070358438533649e-02 3.158910887096614907e-09 -2.169476817373152069e-07
4.430184869795944905e+03 1.402463726550361341e-02 3.059881453036318672e-09 -2.181790084912004283e-07
4.480228621545545138e+03 1.301438184542058792e-02 2.851729583246820622e-09 -2.191214010099348421e-07
4.530272373295145371e+03 1.255355766012600932e-02 2.750854059585674495e-09 -2.191294399613298334e-07
4.580316125044744695e+03 1.262129020439294209e-02 2.766863899437216193e-09 -2.192219539072310403e-07
4.630359876794344927e+03 1.317963815836890179e-02 2.880893579153525595e-09 -2.185866974901882996e-07
4.680403628543945160e+03 1.385523442053252126e-02 3.037279468814150975e-09 -2.192153071270384215e-07
4.730447380293545393e+03 1.442820473448143230e-02 3.187044348074739946e-09 -2.208898755406582561e-07
4.780491132043145626e+03 1.441968917552521705e-02 3.209758062314115860e-09 -2.225955097397031617e-07
4.830534883792744949e+03 1.408969121211967046e-02 3.159262225776143975e-09 -2.242250861437339261e-07
4.880578635542345182e+03 1.330471349294061467e-02 2.978194354512632310e-09 -2.238450573244467576e-07
4.930622387291945415e+03 1.328268087128773797e-02 2.988429121290987810e-09 -2.249868946073130817e-07
4.980666139041545648e+03 1.394124269465147128e-02 3.164226788089497244e-09 -2.269687758397209652e-07
5.030709890791145881e+03 1.339034207089626234e-02 3.052471483045329824e-09 -2.279606799351181393e-07
5.080753642540745204e+03 1.280041543738050930e-02 2.914177446378195866e-09 -2.276627239666024668e-07
5.130797394290345437e+03 1.206897942192808673e-02 2.731436250613052373e-09 -2.263187428798093308e-07
5.180841146039945670e+03 1.120830590928516279e-02 2.555493555086681133e-09 -2.279999828492960780e-07
5.230884897789545903e+03 1.024916229786661422e-02 2.354606399518339439e-09 -2.297364731953221268e-07
5.280928649539146136e+03 9.610554750229375470e-03 2.211000138856652469e-09 -2.300595747403533032e-07
5.330972401288746369e+03 1.138580677267431868e-02 2.628168702212724302e-09 -2.308285003149948188e-07
5.381016153038345692e+03 1.240252958973761012e-02 2.857061893532262633e-09 -2.303612237213543498e-07
5.431059904787945925e+03 1.225938860315034171e-02 2.837149359070971857e-09 -2.314266600817188361e-07
5.481103656537546158e+03 1.267821587294673882e-02 2.951333812472110528e-09 -2.327877867082054625e-07
5.531147408287146391e+03 1.156815174187824855e-02 2.703356757766317560e-09 -2.336896003861884215e-07
5.581191160036746624e+03 1.018392306962941259e-02 2.389704205267212989e-09 -2.346545814347135556e-07
5.631234911786345947e+03 8.674995726547160557e-03 2.028090199849175439e-09 -2.337857289823011633e-07
5.681278663535946180e+03 9.383291038276240018e-03 2.194270125431317770e-09 -2.338486695638523981e-07
5.731322415285546413e+03 1.123429387244794658e-02 2.643212660180146160e-09 -2.352807119157362510e-07
5.781366167035146646e+03 1.054979779050987075e-02 2.486186627093320575e-09 -2.356620170795864398e-07
5.831409918784746878e+03 9.187364377221304487e-03 2.172774166041360812e-09 -2.364959173088235462e-07
5.881453670534346202e+03 8.834286800748781740e-03 2.093260574326518690e-09 -2.369473191824717582e-07
5.931497422283946435e+03 9.030487462839525623e-03 2.144502855603640623e-09 -2.374736540445102463e-07
5.981541174033546667e+03 1.033259331460279970e-02 2.455275758086599677e-09 -2.376243488279577414e-07
6.031584925783146900e+03 1.166751200306190284e-02 2.784976027882291413e-09 -2.386949357456354637e-07
6.081628677532747133e+03 1.229167064167172724e-02 2.921269432580668194e-09 -2.376625210471276806e-07
6.131672429282346457e+03 1.064041680702052135e-02 2.538321093332858417e-09 -2.385546674880330317e-07
6.181716181031946689e+03 8.018734759227760106e-03 1.937892538154821399e-09 -2.416706121779053633e-07
6.231759932781546922e+03 7.108320782167796247e-03 1.723786873780712344e-09 -2.425026847557400038e-07
6.281803684531147155e+03 7.217179913922967469e-03 1.746761316670492115e-09 -2.420282350590624499e-07
6.331847436280747388e+03 7.568702139781153734e-03 1.824218445642683492e-09 -2.410213021932225437e-07
6.381891188030346711e+03 8.445594502984652904e-03 2.037326168545629265e-09 -2.412294561177005572e-07
6.431934939779947854e+03 9.674715859501716725e-03 2.332510959876672312e-09 -2.410934846821232912e-07
6.481978691529548087e+03 9.420837998374020222e-03 2.279621885510757614e-09 -2.419765509081258659e-07
6.532022443279148320e+03 8.157787499790234917e-03 1.972194267430109676e-09 -2.417560236131208169e-07
6.582066195028747643e+03 7.128180255293935751e-03 1.721573817997563385e-09 -2.415165941853097796e-07
6.632109946778347876e+03 6.963115847900860390e-03 1.682412106296348722e-09 -2.416177100950486047e-07
6.682153698527948109e+03 7.187143793777120426e-03 1.743520608755874058e-09 -2.425888028378498386e-07
6.732197450277548342e+03 7.854841540314669301e-03 1.914341195502841313e-09 -2.437148076988643559e-07
6.782241202027148574e+03 8.590502091462398279e-03 2.103420963114861814e-09 -2.448542519075025638e-07
6.832284953776747898e+03 8.672827746216344932e-03 2.127607974676002487e-09 -2.453188322118128446e-07
6.882328705526348131e+03 8.355526364558626615e-03 2.054324609994873193e-09 -2.458641766374692276e-07
6.932372457275948364e+03 8.243813883117010952e-03 2.018167766754345587e-09 -2.448099623994992788e-07
6.982416209025548596e+03 7.946199362726953652e-03 1.953601004420846791e-09 -2.458535099917774492e-07
7.032459960775148829e+03 6.056549012829726478e-03 1.489080435905772040e-09 -2.458628556875241887e-07
7.082503712524749062e+03 3.722891100102098359e-03 9.134406258834597005e-10 -2.453578687430338880e-07
7.132547464274348386e+03 4.019284532227488348e-03 9.901737500892383747e-10 -2.463557237985547505e-07
7.182591216023948618e+03 6.314122372734074645e-03 1.563121106656061636e-09 -2.475595204499046540e-07
7.232634967773548851e+03 6.976920887949598568e-03 1.730626557485392474e-09 -2.480501908047283122e-07
7.282678719523149084e+03 6.002536984736036793e-03 1.478027706398737316e-09 -2.462338358192946731e-07
7.332722471272749317e+03 5.291525613863661340e-03 1.305384861797839045e-09 -2.466934787914026400e-07
7.382766223022348640e+03 5.765590310324865755e-03 1.432975811620078824e-09 -2.485393055163742547e-07
7.432809974771948873e+03 6.807851694128215156e-03 1.711555413566888887e-09 -2.514090333435301851e-07
7.482853726521549106e+03 7.000646263977893489e-03 1.770617213733265054e-09 -2.529219656253804643e-07
7.532897478271149339e+03 6.560102004607237282e-03 1.684057494482016586e-09 -2.567120897356905537e-07
7.582941230020749572e+03 5.921638838230761613e-03 1.517226049930015892e-09 -2.562172552865998934e-07
7.632984981770348895e+03 5.016858837200353222e-03 1.296749938303667874e-09 -2.584784584107047171e-07
7.683028733519949128e+03 4.163635363765513971e-03 1.083353525133701828e-09 -2.601941405728519676e-07
7.733072485269549361e+03 3.969709614130552053e-03 1.034164702607922341e-09 -2.605139426135142230e-07
7.783116237019149594e+03 4.729364158463966565e-03 1.214660867388265279e-09 -2.568338632191035889e-07
7.833159988768749827e+03 5.253144078974091545e-03 1.321457105892418209e-09 -2.515554658364693058e-07
7.883203740518349150e+03 7.863398148054250025e-03 1.846176482260653763e-09 -2.347810002114008317e-07
7.933247492267949383e+03 1.098434352565537397e-02 2.459050835011175830e-09 -2.238687117958155797e-07
7.983291244017549616e+03 1.304398136497214415e-02 1.969673191321551957e-09 -1.510024536381847384e-07
