# Columns: yplus absP_over_phi P_term_plus PHI_term_plus | Case=jet_M16_T75 | x*=5.00 | USE_ABS=True
3.725408393692373199e-01 3.537925123181933111e-04 3.611860186039083927e-04 -1.020897859701071164e+00
1.091398580219179015e+00 7.524892022783087955e-03 5.842408842976837095e-03 -7.764109870663654656e-01
1.813218109053044813e+00 3.635432325214488919e-02 2.345827479885310984e-02 -6.452678168742718157e-01
2.538801872815480198e+00 1.008632678112204861e-01 5.605851895963125109e-02 -5.557872571068438461e-01
3.269039429772265581e+00 2.052299407054105906e-01 1.013086452644141322e-01 -4.936348220742007853e-01
4.004895716148641149e+00 3.436766632348798312e-01 1.544346289946053608e-01 -4.493602432617302966e-01
4.747399343538110550e+00 5.054164050166849442e-01 2.107194694888552544e-01 -4.169224967715460806e-01
5.497631931283037510e+00 6.762489478621498407e-01 2.656162761466060451e-01 -3.927788383054914290e-01
6.256719103479654542e+00 8.437996355957961825e-01 3.159393626480175299e-01 -3.744246256102454762e-01
7.025823435188248034e+00 9.986355070310894977e-01 3.594585376968082446e-01 -3.599496865132170709e-01
7.806139358545219231e+00 1.136278842402050460e+00 3.950371798878113405e-01 -3.476586601337376958e-01
8.598889853751909840e+00 1.254439913568568432e+00 4.222456864954439726e-01 -3.366009658400141435e-01
9.405324649161402206e+00 1.351539711947532529e+00 4.412624251675876796e-01 -3.264886863973389119e-01
1.022671962288882419e+01 1.427437166614034414e+00 4.526308489951463288e-01 -3.170933611521504214e-01
1.106437711420825565e+01 1.484397445198481824e+00 4.572286432661047395e-01 -3.080230599595027985e-01
1.191962689570165068e+01 1.523920736693453071e+00 4.558022229389407931e-01 -2.990983795705304260e-01
1.279382761000532298e+01 1.547952343188457869e+00 4.491240843524731963e-01 -2.901407697263932439e-01
1.368836852674958315e+01 1.558453017253147221e+00 4.380622853738947442e-01 -2.810878996827262943e-01
1.460467151967653621e+01 1.556706421336834012e+00 4.236488007510943454e-01 -2.721443137539591994e-01
1.554419319863127491e+01 1.544085646502979303e+00 4.067266133712047482e-01 -2.634093609330238617e-01
1.650842715635421243e+01 1.523011406256987277e+00 3.880935208567753980e-01 -2.548198386843137930e-01
1.749890630725188956e+01 1.496046793798529784e+00 3.685475301657678004e-01 -2.463475953382508188e-01
1.851720530649952323e+01 1.465116194188345489e+00 3.488025227774413928e-01 -2.380715769582174846e-01
1.956494304473346801e+01 1.431555982110340297e+00 3.295232382448721742e-01 -2.301853663865123245e-01
2.064378521768497521e+01 1.396097234942291099e+00 3.107643031889256169e-01 -2.225950280617605692e-01
2.175544697245386061e+01 1.359693660366191770e+00 2.923080044297790558e-01 -2.149807805613029588e-01
2.290169563344014847e+01 1.322140674770958535e+00 2.740673530694225923e-01 -2.072906146064228405e-01
2.408435351169637428e+01 1.281437480740911239e+00 2.560645542792343576e-01 -1.998260220476624494e-01
2.530530080190229825e+01 1.239474029272481070e+00 2.387920667013198051e-01 -1.926559662096999914e-01
2.656647857144949754e+01 1.197133541497233500e+00 2.223305470225342695e-01 -1.857190858961895175e-01
2.786989184633671357e+01 1.153819324736814034e+00 2.068600780018680085e-01 -1.792829029354771342e-01
2.921761279876078987e+01 1.111189063359262263e+00 1.923874074208291596e-01 -1.731365199358767815e-01
3.061178404146224352e+01 1.072174121342198028e+00 1.787518148820386454e-01 -1.667190163648687162e-01
3.205462203405937061e+01 1.036062685103602554e+00 1.659431571904323721e-01 -1.601671014469926990e-01
3.354842060678529236e+01 1.000229853266206614e+00 1.540364551329069520e-01 -1.540010574868443116e-01
3.509555460722921083e+01 9.647126097216913720e-01 1.429898195618395373e-01 -1.482201208120317582e-01
3.669848367587964333e+01 9.282326264562427154e-01 1.325212163447197777e-01 -1.427672466660132866e-01
3.835975615647177506e+01 8.920653320187600377e-01 1.225280079117107151e-01 -1.373531775239237307e-01
4.008201314735552501e+01 8.553898428190235270e-01 1.130317320950389864e-01 -1.321406058815609852e-01
4.186799270032555853e+01 8.176247641434786217e-01 1.041829299051635210e-01 -1.274214462110901391e-01
4.372053417358799265e+01 7.849226791086749699e-01 9.639992427236789008e-02 -1.228145482837055685e-01
4.564258274578479302e+01 7.564082976589194818e-01 8.963136115274314419e-02 -1.184960046447822296e-01
4.763719409825169038e+01 7.280130366308812384e-01 8.337527150200703396e-02 -1.145244210019279452e-01
4.970753927295407948e+01 6.998839386494118964e-01 7.742781918680781417e-02 -1.106295128535492861e-01
5.185690971382340564e+01 6.724734106551895074e-01 7.201640637132730727e-02 -1.070918273202235149e-01
5.408872249950945843e+01 6.474231391984124340e-01 6.720636916128631955e-02 -1.038059425007513137e-01
5.640652577586698158e+01 6.227383445744915091e-01 6.279865157032246681e-02 -1.008427570221838848e-01
5.881400439681380021e+01 5.973219966602963948e-01 5.854196478068854348e-02 -9.800738145925337597e-02
6.131498578252801934e+01 5.748239222609416998e-01 5.482827327602698281e-02 -9.538272704513096889e-02
6.391344600429722789e+01 5.525848722231594401e-01 5.139463384279645275e-02 -9.300767434335573125e-02
6.661351610569457193e+01 5.294796698052141037e-01 4.816018686890556622e-02 -9.095757517304264850e-02
6.941948867013000779e+01 5.077559283411479107e-01 4.519428450672666187e-02 -8.900789135909764616e-02
7.233582464521842326e+01 4.862127031682539902e-01 4.243380399771588818e-02 -8.727415742371433249e-02
7.536716043481385441e+01 4.683428823440404232e-01 4.003546840106202154e-02 -8.548324296226270103e-02
7.851831526998516608e+01 4.494301886670880597e-01 3.775415449528490841e-02 -8.400449157021583346e-02
8.179429887065046501e+01 4.251754782156049184e-01 3.521752153144116354e-02 -8.283055664273866747e-02
8.520031941005250076e+01 3.965994153931713395e-01 3.243372398916590654e-02 -8.177955571874086227e-02
8.874179179473527768e+01 3.749803041482106525e-01 3.025393749882444167e-02 -8.068140423414504880e-02
9.242434627318664297e+01 3.547153356955301540e-01 2.831382367439506248e-02 -7.982125615989218992e-02
9.625383738683203205e+01 3.418721533723207973e-01 2.702507312070262513e-02 -7.905023224067793397e-02
1.002363532776106467e+02 3.295172885321066003e-01 2.580333368074749084e-02 -7.830646396640683626e-02
1.043782253669302946e+02 3.115865376075331872e-01 2.413151785766671706e-02 -7.744724160086206843e-02
1.086860384213892559e+02 2.942529443130311728e-01 2.254015836071991685e-02 -7.660130101108290901e-02
1.131666410212674378e+02 2.812963831046551566e-01 2.136470035074910720e-02 -7.595085338441930067e-02
1.178271564484295055e+02 2.770634810736991027e-01 2.097595145004336678e-02 -7.570810620279382064e-02
1.226749940109501722e+02 2.839521048441353557e-01 2.147191119659816808e-02 -7.561807371839822378e-02
1.277178608224648855e+02 2.763032172750385929e-01 2.083066834944949722e-02 -7.539061091972074080e-02
1.329637740549730438e+02 2.662672475629658808e-01 2.004702013310670147e-02 -7.528909513501488848e-02
1.384210736845739973e+02 2.655898807676819184e-01 1.995674583733905716e-02 -7.514121313528401847e-02
1.440984357503974991e+02 2.567152513412104820e-01 1.926031393046702747e-02 -7.502598240595910462e-02
1.500048861478095148e+02 2.589608859514190287e-01 1.948518609187019704e-02 -7.524374200482775166e-02
1.561498149778206823e+02 2.765939190330555242e-01 2.069094614101642596e-02 -7.480622210838867858e-02
1.625429914755101777e+02 2.800198166483611750e-01 2.086614278193386907e-02 -7.451666468354567474e-02
1.691945795411991753e+02 2.773288432701722650e-01 2.053597689503209450e-02 -7.404919247806494853e-02
1.761151538990645236e+02 2.809736185998236158e-01 2.065364404497899847e-02 -7.350741378461915498e-02
1.833157169088823082e+02 2.759025198191357720e-01 2.007513092781042924e-02 -7.276168025203400003e-02
1.908077160576278573e+02 2.936256238378417982e-01 2.102594911109115575e-02 -7.160801852464682149e-02
1.986030621587413236e+02 3.063417158595255207e-01 2.177683410076890549e-02 -7.108674063428821466e-02
2.067141482879921739e+02 2.636877791057726239e-01 1.856431727382574712e-02 -7.040264564699100225e-02
2.151538694860456076e+02 2.549768012940831774e-01 1.764332715171936308e-02 -6.919581335311379700e-02
2.239356432590566897e+02 3.059987799101747119e-01 2.069157822536441330e-02 -6.761980629935315790e-02
2.330734309098841379e+02 3.082564815488296750e-01 2.048899285660340380e-02 -6.646735456674517095e-02
2.425817597338400731e+02 3.400537858652749601e-01 2.219674566707449323e-02 -6.527422010784071638e-02
2.524757461142733064e+02 3.557980473171510338e-01 2.262267178916842550e-02 -6.358290035527666695e-02
2.627711195547312855e+02 3.264612708212905057e-01 2.042892361585289807e-02 -6.257686727880189259e-02
2.734842476859758449e+02 3.720657774898427639e-01 2.259984993654125945e-02 -6.074154438231886555e-02
2.846321622877742925e+02 4.879221359231150634e-01 2.877844972453635214e-02 -5.898164400778724281e-02
2.962325863672185733e+02 5.869644553562625156e-01 3.368202152786730491e-02 -5.738340920051751559e-02
3.083039623374533562e+02 6.619287568793090770e-01 3.675277085383548553e-02 -5.552375610195267597e-02
3.208654813433284403e+02 8.156654934740427132e-01 4.373112930759288919e-02 -5.361404847633727266e-02
3.339371137839025323e+02 1.031235022721511463e+00 5.366597455140674489e-02 -5.204048870428969187e-02
3.475396410861761183e+02 1.289441477234093192e+00 6.458040972640932686e-02 -5.008401766704220770e-02
3.616946887897823331e+02 1.532921446544586619e+00 7.355149443213840343e-02 -4.798125474591895950e-02
3.764247610070665360e+02 1.747585766005675945e+00 8.106427633949556122e-02 -4.638643660092175297e-02
3.917532763218333116e+02 2.032470201226880935e+00 9.027136045841473166e-02 -4.441460465394439505e-02
4.077046051696482891e+02 2.457860766393384022e+00 1.041009694676592878e-01 -4.235429886470541694e-02
4.243041086733579732e+02 2.873342419521151214e+00 1.161306466343445948e-01 -4.041657055746875754e-02
4.415781787309196034e+02 3.293257271491976113e+00 1.269145272627440757e-01 -3.853768983109138319e-02
4.595542787632089698e+02 3.811821678145210335e+00 1.409395162831574289e-01 -3.697432046499536662e-02
4.782609837536720647e+02 4.279164787655812319e+00 1.508552871369985005e-01 -3.525344188010090529e-02
4.977280167894387546e+02 4.698490320676376619e+00 1.585353192056153104e-01 -3.374175711461148419e-02
5.179862768954257035e+02 5.216500619843267295e+00 1.674393479312141220e-01 -3.209802128543501332e-02
5.390678491315713927e+02 5.589775792373586683e+00 1.674658272124057712e-01 -2.995931025371140199e-02
5.610059823222662772e+02 5.588535967542191507e+00 1.533576832052377104e-01 -2.744147735577402020e-02
5.838350122264095035e+02 5.487490375282801480e+00 1.335723454210529793e-01 -2.434124459200882537e-02
6.075901986959909209e+02 5.142318514800768625e+00 1.098443723159753665e-01 -2.136086514279855395e-02
6.323074353958274969e+02 4.478550310539644919e+00 8.121865092892846527e-02 -1.813503149396171119e-02
6.580227819229975239e+02 3.656687248755440045e+00 5.413178626773316321e-02 -1.480350453437247367e-02
6.847717636714668288e+02 2.800816565134558012e+00 3.181707085328164958e-02 -1.135992669043396630e-02
7.125883883271254717e+02 2.064217997579751884e+00 1.680438109290300491e-02 -8.140797683483892710e-03
7.415038433394704498e+02 1.648619794451968712e+00 9.017017478053493060e-03 -5.469434194832601889e-03
7.715448689418810773e+02 1.422713593913673691e+00 5.003659856364200617e-03 -3.516983233849530887e-03
8.027318466707442894e+02 1.333451929062224428e+00 2.953278870747454762e-03 -2.214762157061338221e-03
8.350767005035461352e+02 1.124285690572731644e+00 1.509448390891634639e-03 -1.342584365832045828e-03
8.685807689375859582e+02 7.438454574727962898e-01 5.479452576680777240e-04 -7.366385748051933148e-04
9.032328599071106510e+02 1.837448813938686865e-01 7.048627234886900475e-05 -3.836094470450975881e-04
9.390077327528672413e+02 2.626055099232585399e-01 -5.066150967121663655e-05 -1.929186850878395246e-04
9.758652500618902650e+02 5.037308882036970470e-01 -4.521108518596640593e-05 -8.975245760129780051e-05
1.013750399516585730e+03 5.568502675435563765e-01 -2.413660989879653663e-05 -4.334488336563219950e-05
1.052594302387634343e+03 5.819802522607843143e-01 -1.367751600663494072e-05 -2.350168404082905333e-05
1.092316210887609031e+03 6.919703146027341711e-01 -9.568218301162083496e-06 -1.382749823112755321e-05
1.132826369563904109e+03 6.974022017501486648e-01 -6.410307486460518795e-06 -9.191693789284989993e-06
1.174029499297524808e+03 6.136052798785678331e-01 -4.062854548071940595e-06 -6.621283553616060171e-06
1.215828578744716197e+03 5.586542850597715493e-01 -2.769908536826242512e-06 -4.958180060374698899e-06
1.258128563511141238e+03 4.802506753268102058e-01 -1.869679767636503172e-06 -3.893133031753026806e-06
1.300839704019099145e+03 3.435465015694078583e-01 -1.088301092096484003e-06 -3.167842161468236769e-06
1.343880193301835789e+03 2.543593022225847378e-01 -6.725585617350719765e-07 -2.644128034077281237e-06
1.387177980295240332e+03 1.732356915865411462e-01 -3.930446059993287894e-07 -2.268843114255012080e-06
1.430671701358481187e+03 9.199389467675171683e-02 -1.821226411259101940e-07 -1.979725304226470529e-06
1.474310791169439653e+03 4.888918661957174921e-02 -8.620982988087570277e-08 -1.763372145086239381e-06
1.518054916787275033e+03 3.672040987256426636e-02 -5.847379593500798833e-08 -1.592405861969880012e-06
1.561872926195658238e+03 8.969957874411229812e-04 -1.312361639877907181e-09 -1.463063325661435182e-06
1.605741514085478457e+03 1.555523064003958358e-02 2.103180936829729200e-08 -1.352073129289439607e-06
1.649643789037360193e+03 2.833533084213163064e-02 3.607007335308707191e-08 -1.272971667564039830e-06
1.693567887840977846e+03 3.539609391944472522e-02 4.246604752491448630e-08 -1.199738242913461874e-06
1.737505735705747838e+03 2.351715101915782466e-02 2.686760157317614557e-08 -1.142468386212638470e-06
1.781452005295415802e+03 5.658897006468862310e-03 6.178600706124979160e-09 -1.091838338648331533e-06
1.825403289498019149e+03 1.550759023651277282e-02 -1.620676376972600182e-08 -1.045085891653689544e-06
1.869357475796785138e+03 2.485861828615138630e-02 -2.496679813763677874e-08 -1.004351804683595766e-06
1.913313294246591568e+03 3.167705143195610751e-02 -3.065141280236224936e-08 -9.676220297271992058e-07
1.957270004613866831e+03 4.988731311089585757e-02 -4.697361091192923252e-08 -9.415943249441059585e-07
2.001227188514890031e+03 6.585360369471096598e-02 -6.029681001404706158e-08 -9.156189886520940560e-07
2.045184616640317472e+03 7.921670635743457978e-02 -7.067212194272706489e-08 -8.921365857328958334e-07
2.089142167112370771e+03 8.788687877069900622e-02 -7.644300307391600188e-08 -8.697885753043907931e-07
2.133099777111575804e+03 9.876764976832394516e-02 -8.355069921898207610e-08 -8.459318351197403803e-07
2.177057415237271016e+03 1.078493432920823586e-01 -8.957016620975761844e-08 -8.305119296570933258e-07
2.221015066267784732e+03 1.136034528647268255e-01 -9.228475873249182289e-08 -8.123411428557527216e-07
2.264972723047178988e+03 1.243484418396537117e-01 -9.871045876676893456e-08 -7.938214368142647017e-07
2.308930382312967140e+03 1.299415004824023834e-01 -1.018022079592251052e-07 -7.834464553763706685e-07
2.352888042622683770e+03 1.348858608386797331e-01 -1.036297671060912843e-07 -7.682774640852090862e-07
2.396845703357848834e+03 1.412979989287362625e-01 -1.068036177362531957e-07 -7.558749490155177602e-07
2.440803364261301340e+03 1.445844563393048898e-01 -1.082961625340707352e-07 -7.490166320501682044e-07
2.484761025229357529e+03 1.510236377333293301e-01 -1.106696928015355705e-07 -7.327971598522283975e-07
2.528718686221478947e+03 1.510304239071312282e-01 -1.103053295595338545e-07 -7.303517179251296033e-07
2.572676347222299228e+03 1.553318012410637716e-01 -1.107728553058480980e-07 -7.131370036322220826e-07
2.616634008226169499e+03 1.539640123565419738e-01 -1.089376991145739108e-07 -7.075530018164347158e-07
2.660591669231077958e+03 1.548316899781810863e-01 -1.083917548147527497e-07 -7.000618208716015294e-07
2.704549330236328842e+03 1.555440279036148232e-01 -1.074861188908966196e-07 -6.910334028221385103e-07
2.748506991241688866e+03 1.579989648149592307e-01 -1.080968674994130997e-07 -6.841618717313175701e-07
2.792464652247083450e+03 1.573373432324226273e-01 -1.062869850935872700e-07 -6.755356542189573655e-07
2.836422313252487584e+03 1.560571808299769381e-01 -1.046669519072221699e-07 -6.706961598983130964e-07
2.880379974257895810e+03 1.517896204105253777e-01 -1.011463363261915401e-07 -6.663587144669995846e-07
2.924337635263304037e+03 1.504076739723610723e-01 -9.924435851113300595e-08 -6.598357376989299300e-07
2.968295296268712718e+03 1.462207344811437826e-01 -9.537633588711183725e-08 -6.522764109040315565e-07
3.012252957274120945e+03 1.433310572164055163e-01 -9.301623915455489639e-08 -6.489608111528556577e-07
3.056210618279529172e+03 1.422676100021671997e-01 -9.127111388620475033e-08 -6.415452813526170154e-07
3.100168279284937853e+03 1.393139404515873758e-01 -8.849787152522049846e-08 -6.352406029027235396e-07
3.144125940290346080e+03 1.374836818466141919e-01 -8.645327614441612172e-08 -6.288257266841970645e-07
3.188083601295754306e+03 1.359880573069602583e-01 -8.482255084597165476e-08 -6.237500007409120640e-07
3.232041262301162988e+03 1.323460202959153287e-01 -8.229163353916885548e-08 -6.217915231237872779e-07
3.275998923306571214e+03 1.309003379829174196e-01 -8.043519221013337643e-08 -6.144765815702494396e-07
3.319956584311979441e+03 1.290833181326546675e-01 -7.836731538400432626e-08 -6.071064527754765390e-07
3.363914245317388122e+03 1.252420180692140617e-01 -7.587939473165468579e-08 -6.058621212069619306e-07
3.407871906322796349e+03 1.223030950242128545e-01 -7.314240504620535030e-08 -5.980421430195617149e-07
3.451829567328204575e+03 1.184196628319412331e-01 -7.055777083705149947e-08 -5.958281686478506953e-07
3.495787228333613257e+03 1.133245126801614572e-01 -6.765228347330771405e-08 -5.969783754044846732e-07
3.539744889339021938e+03 1.121025608791151734e-01 -6.611091193920435639e-08 -5.897359651800861525e-07
3.583702550344430620e+03 1.097451196166945447e-01 -6.466672137979631189e-08 -5.892446206779580552e-07
3.627660211349838846e+03 1.079583657649623996e-01 -6.298188688999386061e-08 -5.833905176659728860e-07
3.671617872355247073e+03 1.061523414629657602e-01 -6.142310891801433621e-08 -5.786316916941819677e-07
3.715575533360655754e+03 1.047641543852305818e-01 -6.049703624803452770e-08 -5.774593094655214384e-07
3.759533194366063981e+03 1.036149660114102505e-01 -5.931978514353039342e-08 -5.725020952764487907e-07
3.803490855371472207e+03 1.013756894575850998e-01 -5.769129808116020150e-08 -5.690841501531572984e-07
3.847448516376880889e+03 9.827927495042727835e-02 -5.565195676855498091e-08 -5.662634039234233539e-07
3.891406177382289115e+03 9.456949159783202552e-02 -5.349951565329467155e-08 -5.657164350719755108e-07
3.935363838387697342e+03 9.197672990968495943e-02 -5.163809128147707016e-08 -5.614256055002417344e-07
3.979321499393106023e+03 8.857841740516941842e-02 -4.917536026430027706e-08 -5.551618746964699537e-07
4.023279160398514250e+03 8.479017384609571772e-02 -4.706873723703888309e-08 -5.551201878943456141e-07
4.067236821403922477e+03 8.354123561395462860e-02 -4.592430792522606263e-08 -5.497202380084849853e-07
4.111194482409330703e+03 8.074504231318836711e-02 -4.437308900883157739e-08 -5.495456778227976233e-07
4.155152143414739839e+03 7.858238909919275372e-02 -4.304923794085850557e-08 -5.478229719704555692e-07
4.199109804420148066e+03 7.739374308559575366e-02 -4.221306147274489541e-08 -5.454324831667359890e-07
4.243067465425556293e+03 7.581373730217204343e-02 -4.106949932631887939e-08 -5.417157996396814693e-07
4.287025126430964519e+03 7.327327304739220115e-02 -3.967328724745680049e-08 -5.414428153331793547e-07
4.330982787436372746e+03 7.172861423449100604e-02 -3.852865141966057288e-08 -5.371447898561786388e-07
4.374940448441780973e+03 6.943723680176804025e-02 -3.718429317753839169e-08 -5.355094023066250900e-07
4.418898109447190109e+03 6.770858293078994838e-02 -3.613553164047603487e-08 -5.336920383847478725e-07
4.462855770452598335e+03 6.556772676767498587e-02 -3.493835867188487720e-08 -5.328590816588985882e-07
4.506813431458006562e+03 6.303102392717331581e-02 -3.353106926974177443e-08 -5.319772261431752750e-07
4.550771092463414789e+03 6.157801974252841842e-02 -3.257630443376015687e-08 -5.290248788442536947e-07
4.594728753468823015e+03 5.849421192676855508e-02 -3.090102873098443289e-08 -5.282749816284519340e-07
4.638686414474231242e+03 5.625195657659864262e-02 -2.964847926170766948e-08 -5.270657425281758977e-07
4.682644075479640378e+03 5.458024012992397644e-02 -2.877768958066337104e-08 -5.272547264753753287e-07
4.726601736485048605e+03 5.386063168275041779e-02 -2.836114461985233280e-08 -5.265653917114263533e-07
4.770559397490456831e+03 5.231378007539353586e-02 -2.751673437864737031e-08 -5.259939988850131214e-07
4.814517058495865058e+03 5.208320825484141769e-02 -2.715991683188651853e-08 -5.214716554900754674e-07
4.858474719501273285e+03 5.138160526336894851e-02 -2.672721589547185389e-08 -5.201709008209259236e-07
4.902432380506681511e+03 5.021461176157916012e-02 -2.614355147122199938e-08 -5.206363358010722266e-07
4.946390041512090647e+03 4.787495732436438528e-02 -2.503917592464022308e-08 -5.230119737756373141e-07
4.990347702517498874e+03 4.758368557137424015e-02 -2.468868233414427850e-08 -5.188476268218425926e-07
5.034305363522907101e+03 4.640081355531140012e-02 -2.400036961533403782e-08 -5.172402761155201401e-07
5.078263024528315327e+03 4.558656199891045896e-02 -2.363769938014829704e-08 -5.185234056631260839e-07
5.122220685533723554e+03 4.369960375506491690e-02 -2.250367638020961480e-08 -5.149629389397237266e-07
5.166178346539131780e+03 4.129477562668738833e-02 -2.129061658501394774e-08 -5.155765169300146769e-07
5.210136007544540917e+03 4.032339616243452163e-02 -2.067303140352031126e-08 -5.126808099259112282e-07
5.254093668549949143e+03 3.895137812026935875e-02 -1.991971202259337290e-08 -5.113994159869695487e-07
5.298051329555357370e+03 3.648229370616393880e-02 -1.862320735937514577e-08 -5.104724913781565632e-07
5.342008990560765596e+03 3.590510402304977755e-02 -1.825492523205284473e-08 -5.084214550759647534e-07
5.385966651566173823e+03 3.456252999992630998e-02 -1.750252678991210494e-08 -5.064017822176044985e-07
5.429924312571582050e+03 3.258088265305042475e-02 -1.653423071538579773e-08 -5.074825900653664462e-07
5.473881973576991186e+03 3.221503050185619416e-02 -1.626315709591192806e-08 -5.048313424683816904e-07
5.517839634582399412e+03 3.276922975688557199e-02 -1.634291167560683033e-08 -4.987273670102912890e-07
5.561797295587807639e+03 3.314727669880945110e-02 -1.665718459541779741e-08 -5.025204558061348469e-07
5.605754956593215866e+03 3.227636472804684686e-02 -1.619722884417558676e-08 -5.018294030523473171e-07
5.649712617598625002e+03 2.996316800253946352e-02 -1.498426342267175166e-08 -5.000894238353498728e-07
5.693670278604033228e+03 2.715087327039641951e-02 -1.359645334125815300e-08 -5.007740710897449416e-07
5.737627939609441455e+03 2.629454750672329325e-02 -1.316054566362817724e-08 -5.005047400136145233e-07
5.781585600614849682e+03 2.460259028984021837e-02 -1.220355879189812947e-08 -4.960273958200921665e-07
5.825543261620258818e+03 2.398416735599682645e-02 -1.185711586933394352e-08 -4.943726289655528708e-07
5.869500922625667044e+03 2.366555390798471409e-02 -1.170936280880606786e-08 -4.947850726137176852e-07
5.913458583631075271e+03 2.294263869186966356e-02 -1.136382807403104171e-08 -4.953147816453265414e-07
5.957416244636483498e+03 2.187100958723073307e-02 -1.076045124986832027e-08 -4.919960922220412400e-07
6.001373905641891724e+03 2.169448301367660203e-02 -1.067986509970910078e-08 -4.922848400202169750e-07
6.045331566647299951e+03 2.215890577301235509e-02 -1.087561534187146144e-08 -4.908011006173882275e-07
6.089289227652709087e+03 2.157591795607622168e-02 -1.054672575896497637e-08 -4.888193299787183076e-07
6.133246888658117314e+03 2.125841477659727585e-02 -1.035507172760755539e-08 -4.871046047613639682e-07
6.177204549663525540e+03 2.029789603129388345e-02 -9.885238339148233642e-09 -4.870080290049698219e-07
6.221162210668933767e+03 1.921428461071570878e-02 -9.394054513473401156e-09 -4.889099284099489170e-07
6.265119871674341994e+03 1.833637274601018774e-02 -8.948657046765629798e-09 -4.880276579626561019e-07
6.309077532679750220e+03 1.689177192444076339e-02 -8.225866188397545221e-09 -4.869747368833171917e-07
6.353035193685159356e+03 1.617331268344864015e-02 -7.895402953263000001e-09 -4.881747547824853804e-07
6.396992854690567583e+03 1.551487552663937362e-02 -7.551687487070657519e-09 -4.867385158265851378e-07
6.440950515695975810e+03 1.486382035557772680e-02 -7.221432994643948950e-09 -4.858396308546657160e-07
6.484908176701384036e+03 1.413395723743266462e-02 -6.838212842810684387e-09 -4.838144567680040918e-07
6.528865837706792263e+03 1.409695021303419143e-02 -6.840711409399472998e-09 -4.852617981919577329e-07
6.572823498712200490e+03 1.329311050818725477e-02 -6.439136613847426462e-09 -4.843965308105690082e-07
6.616781159717609626e+03 1.348756472519669833e-02 -6.591174146111035349e-09 -4.886852653094431518e-07
6.660738820723017852e+03 1.154942872134395206e-02 -5.621472920164396570e-09 -4.867316865444278787e-07
6.704696481728426079e+03 9.747135701112749975e-03 -4.767351584667487882e-09 -4.891028227013643223e-07
6.748654142733834306e+03 4.734130350508178493e-03 -2.325690259933592679e-09 -4.912602923330881032e-07
6.792611803739242532e+03 4.049444008394832706e-03 -1.988968727173344697e-09 -4.911708182777802989e-07
6.836569464744650759e+03 2.414341609179519732e-03 -1.172429369639168244e-09 -4.856103896737305889e-07
6.880527125750059895e+03 1.133978368248949459e-03 -5.379613507051292731e-10 -4.744017749966701477e-07
6.924484786755468122e+03 3.119219084506174525e-03 -1.421452086375560590e-09 -4.557076780647489355e-07
6.968442447760876348e+03 2.010312620605812783e-02 8.647249715375288915e-09 -4.301445271118786754e-07
7.012400108766284575e+03 1.285072496467938412e-02 3.598912558480489235e-09 -2.800552162132651529e-07
