# Columns: yplus absP_over_phi P_term_plus PHI_term_plus | Case=jet_M12_T75 | x*=20.00 | USE_ABS=True
4.058767481075097328e-01 4.220896142340878582e-04 1.236233494765532248e-04 -2.928841300700485983e-01
1.189059721287276883e+00 9.532748341587172353e-03 2.478529380252779499e-03 -2.600015537429064549e-01
1.975469510827726483e+00 4.572202821134342676e-02 1.101970348384669236e-02 -2.410151936591639343e-01
2.765980368681940416e+00 1.296724119321001345e-01 2.889095626053631710e-02 -2.227995595212987623e-01
3.561561453068327499e+00 2.773930145816775883e-01 5.660699081725320547e-02 -2.040678309892531295e-01
4.363264045177680295e+00 4.904391823860437816e-01 9.165725522455153707e-02 -1.868881168479001043e-01
5.172208799404144131e+00 7.496532581388477556e-01 1.299112558895725855e-01 -1.732951260854934394e-01
5.989574121159891185e+00 1.018077697954953731e+00 1.667675120905557917e-01 -1.638062717860799822e-01
6.816586358269081103e+00 1.261370756010359528e+00 1.988897654199221210e-01 -1.576774825896539722e-01
7.654512115986854326e+00 1.457757321642603410e+00 2.240964210740484797e-01 -1.537268362483930062e-01
8.504652707297253755e+00 1.602661802706749405e+00 2.417962426535800458e-01 -1.508716575419769002e-01
9.368340547803256868e+00 1.700286792950407966e+00 2.521666959736300062e-01 -1.483083306999402884e-01
1.024693719475271791e+01 1.760223584868124469e+00 2.561998505752478006e-01 -1.455496067531910909e-01
1.114183269510324514e+01 1.790328448394786554e+00 2.549417259096172228e-01 -1.423994162290157794e-01
1.205444592478369437e+01 1.798049882275170930e+00 2.496357279962569675e-01 -1.388369313093690272e-01
1.298622564783346611e+01 1.788531225166164473e+00 2.412897526889456745e-01 -1.349094437344970088e-01
1.393865208171274794e+01 1.766546508224731138e+00 2.308635094465655291e-01 -1.306863467062460427e-01
1.491323881145760843e+01 1.735685721995149366e+00 2.190721528337301049e-01 -1.262164861170312347e-01
1.591153494371537391e+01 1.698948318817509628e+00 2.065602492888792274e-01 -1.215812435263762953e-01
1.693512742951183370e+01 1.657927683939044217e+00 1.937641563239329290e-01 -1.168712955341765780e-01
1.798564351209232370e+01 1.614262313660847825e+00 1.810921615081750036e-01 -1.121826111999675857e-01
1.906475327497173922e+01 1.568602575861379300e+00 1.688070487274492826e-01 -1.076162001294374559e-01
2.017417227750457087e+01 1.522273231539460703e+00 1.571026750907693892e-01 -1.032026786228730647e-01
2.131566427280881726e+01 1.476893331136475807e+00 1.460537648700374058e-01 -9.889256169749809089e-02
2.249104400733720865e+01 1.433600994450324517e+00 1.357125528930089864e-01 -9.466549857203766793e-02
2.370218010394616570e+01 1.392575168350661974e+00 1.260990624376442104e-01 -9.055099164736177264e-02
2.495099803175083508e+01 1.353761177449038122e+00 1.172245047128435413e-01 -8.659171696276274366e-02
2.623948316686539428e+01 1.317372138598656983e+00 1.090710807311914415e-01 -8.279443411275939912e-02
2.756968394860652793e+01 1.283447743789981166e+00 1.016014975437733170e-01 -7.916294063032691675e-02
2.894371513604892243e+01 1.251263728893835969e+00 9.476014490565512483e-02 -7.573155260356395635e-02
3.036376117005446673e+01 1.219830625394098478e+00 8.846414254828323387e-02 -7.252166055406467082e-02
3.183207964609698948e+01 1.188435319267445944e+00 8.264092931860024527e-02 -6.953759113246507639e-02
3.335100490339429058e+01 1.157414164440203175e+00 7.723896334431083754e-02 -6.673407473086209740e-02
3.492295173604977521e+01 1.127602686371447671e+00 7.220490193706655124e-02 -6.403399247780904024e-02
3.655041923210251298e+01 1.099573199418338199e+00 6.746521230245046408e-02 -6.135581727359197546e-02
3.823599474658822572e+01 1.072788295384729418e+00 6.299684917346036472e-02 -5.872253588567358240e-02
3.998235801492781860e+01 1.047773768719816978e+00 5.886780684171897399e-02 -5.618369976339872285e-02
4.179228541318263268e+01 1.025695079527635167e+00 5.516600887027717920e-02 -5.378402409386896788e-02
4.366865437194931587e+01 1.007390573855997395e+00 5.192246852195615131e-02 -5.154154691284441869e-02
4.561444795091186677e+01 9.934427469572075786e-01 4.910904449137681177e-02 -4.943319042973714356e-02
4.763275958132298626e+01 9.819412859779631519e-01 4.659375409432377907e-02 -4.745065184617305171e-02
4.972679798395493123e+01 9.717453402946620855e-01 4.426248985370947325e-02 -4.554947476289186031e-02
5.189989227033784402e+01 9.616651083253299204e-01 4.207304814809295634e-02 -4.375020761786826279e-02
5.415549723539626115e+01 9.522835947896327591e-01 4.005725331212622864e-02 -4.206441603246898614e-02
5.649719884989711005e+01 9.449557130439631969e-01 3.821888374245174802e-02 -4.044515866181513930e-02
5.892871996144217661e+01 9.413189008321606321e-01 3.653665829488186162e-02 -3.881432558358501733e-02
6.145392621306744019e+01 9.381609567275069894e-01 3.497761919230071848e-02 -3.728317506871065001e-02
6.407683218885972565e+01 9.343349364730272333e-01 3.354117010523211678e-02 -3.589844369070148422e-02
6.680160779636034363e+01 9.286892096323131618e-01 3.212726227602157730e-02 -3.459420217528037106e-02
6.963258489590216982e+01 9.238541960648222195e-01 3.075650692816714327e-02 -3.329151619289621306e-02
7.257426418742085161e+01 9.193718716852813388e-01 2.947512287321882307e-02 -3.206006598743182251e-02
7.563132236568721112e+01 9.160652928424479757e-01 2.835947946473215547e-02 -3.095792372696041031e-02
7.880861955533748642e+01 9.144685925998178311e-01 2.734964856340314776e-02 -2.990769588450116825e-02
8.211120703752078498e+01 9.131895449988777225e-01 2.637379658214225944e-02 -2.888096641773824774e-02
8.554433528044866364e+01 9.077293950261098310e-01 2.535124087376227492e-02 -2.792819205004711328e-02
8.911346228661217594e+01 9.008371820108082018e-01 2.436151548193524197e-02 -2.704319489517136021e-02
9.282426226993887042e+01 8.976001174848370345e-01 2.353282907011208791e-02 -2.621749776064353360e-02
9.668263467668307953e+01 8.958321751984528181e-01 2.282328314397687880e-02 -2.547718621394778546e-02
1.006947135643917619e+02 8.972932917135102437e-01 2.225537137206732782e-02 -2.480278363562431546e-02
1.048668773538561396e+02 8.993751806122601833e-01 2.173504182558961065e-02 -2.416682413983586505e-02
1.092057589695536706e+02 8.984667810622372075e-01 2.112369688025728109e-02 -2.351082680573143152e-02
1.137182563847004957e+02 8.914781446206001547e-01 2.037734672849565026e-02 -2.285793190944456280e-02
1.184115435876800007e+02 8.891874194062270309e-01 1.974623734634923730e-02 -2.220705884428188226e-02
1.232930819872812407e+02 8.906214084112604734e-01 1.920323462236430898e-02 -2.156161354421077397e-02
1.283706322748796254e+02 8.928797628367814987e-01 1.868204377386863124e-02 -2.092335894646512456e-02
1.336522667624187193e+02 8.997415979274840936e-01 1.821841774799848324e-02 -2.024850000262722396e-02
1.391463822158073071e+02 9.042682552552693265e-01 1.781932575503135732e-02 -1.970579598639241384e-02
1.448617132041348725e+02 9.013044108547710875e-01 1.736015231749667154e-02 -1.926114208298703931e-02
1.508073459859287766e+02 9.083813190458328579e-01 1.707725057647192096e-02 -1.879964968281154156e-02
1.569927329545276677e+02 9.214000059448658186e-01 1.694182202607233054e-02 -1.838704353892318608e-02
1.634277076655388043e+02 9.162770999143592388e-01 1.645138767417425596e-02 -1.795459875152604148e-02
1.701225004702681645e+02 9.006803443493972550e-01 1.577820963405630189e-02 -1.751810143636877912e-02
1.770877547799782121e+02 8.981748525047174025e-01 1.534918777884225309e-02 -1.708930920971385783e-02
1.843345439868301980e+02 9.135483423315634566e-01 1.520833415821788888e-02 -1.664754173753201644e-02
1.918743890684122846e+02 9.193449376011388896e-01 1.489291571279422605e-02 -1.619948629037382126e-02
1.997192769038408358e+02 9.016344981118300517e-01 1.424655399438746854e-02 -1.580080844757169450e-02
2.078816793305535953e+02 8.808291744622620545e-01 1.364788903717859339e-02 -1.549436534673196038e-02
2.163745729720923237e+02 8.659134455648460627e-01 1.314497587157957559e-02 -1.518047322039784916e-02
2.252114598683967301e+02 8.531679003256933402e-01 1.261955887808662718e-02 -1.479141312427385314e-02
2.344063889414072435e+02 8.515985719728600412e-01 1.226573940486117356e-02 -1.440319395609798540e-02
2.439739783301046998e+02 8.471118132293239400e-01 1.189964240980359404e-02 -1.404731019443617411e-02
2.539294386304957527e+02 8.547108369723809274e-01 1.169195169427474090e-02 -1.367942371678686729e-02
2.642885970774952966e+02 8.418362092727604828e-01 1.120796197684290410e-02 -1.331370859721650417e-02
2.750679227071616424e+02 8.241217596033089121e-01 1.068816222407860048e-02 -1.296915425364250640e-02
2.862845525393179287e+02 8.148870216883346007e-01 1.029528006332219164e-02 -1.263399684779833304e-02
2.979563188222595045e+02 8.107485216207952483e-01 9.985011914169898001e-03 -1.231579416784938166e-02
3.101017773830419060e+02 8.020482882463368934e-01 9.573706235771896333e-03 -1.193657087244038607e-02
3.227402371288371796e+02 8.000781861834764808e-01 9.256456776734398734e-03 -1.156944025794458784e-02
3.358917907471667945e+02 8.008549769965025433e-01 9.013907718090522631e-03 -1.125535580973218742e-02
3.495773466556884159e+02 7.743579513414740045e-01 8.418475095159295291e-03 -1.087155504837961084e-02
3.638186622559316561e+02 7.409938091166359264e-01 7.815318580698662684e-03 -1.054707675630322909e-02
3.786383785502260935e+02 7.316469573739655674e-01 7.481353593748389479e-03 -1.022536008432337051e-02
3.940600561868948830e+02 7.451901713544577532e-01 7.387389740050193283e-03 -9.913428845448770191e-03
4.101082130039102935e+02 7.305464015963532010e-01 7.028730873959865809e-03 -9.621197036356674351e-03
4.268083631399532010e+02 7.304945936549851471e-01 6.828817139078254168e-03 -9.348210374714321230e-03
4.441870577595994405e+02 7.448540531917031693e-01 6.774155247289696119e-03 -9.094607484865535954e-03
4.622719273639417565e+02 7.411025985938343164e-01 6.505534504211099404e-03 -8.778183366992207623e-03
4.810917254655814190e+02 7.343355640374039650e-01 6.246154848678910423e-03 -8.505859112062230318e-03
5.006763729826541294e+02 7.209069954194217145e-01 5.919658524532188902e-03 -8.211403914992041267e-03
5.210570018613323100e+02 6.910422511535054824e-01 5.496524489420780840e-03 -7.953962988870565479e-03
5.422659948867312778e+02 6.969284818812792048e-01 5.354041412945946023e-03 -7.682339798329550738e-03
5.643370160076791535e+02 6.477333859427791829e-01 4.766249270384739951e-03 -7.358350478488058684e-03
5.873050213374779105e+02 7.012469796747067274e-01 4.987493196754667207e-03 -7.112320396828314233e-03
6.112062348905066074e+02 7.705686382885956753e-01 5.309467738404950038e-03 -6.890324202912125225e-03
6.360780648773369421e+02 7.749077145492437868e-01 5.169714952104577203e-03 -6.671394354502909428e-03
6.619589262918490249e+02 5.842040953938336667e-01 3.762769195724443173e-03 -6.440847000888996754e-03
6.888879246559453122e+02 4.890621101078241884e-01 3.050771933683690991e-03 -6.238005093077202655e-03
7.169043462718336741e+02 5.710735555111566830e-01 3.459875038820140521e-03 -6.058545358002568812e-03
7.460468954367464676e+02 4.912440551743585959e-01 2.869671054404184570e-03 -5.841640268574129456e-03
7.763526229314330749e+02 4.283784580091852812e-01 2.429494454975803051e-03 -5.671374014152013622e-03
8.078555069382722422e+02 5.678394459417287488e-01 3.088644491405580922e-03 -5.439291886958017193e-03
8.405846804752330854e+02 4.612157745545333865e-01 2.422089318779617820e-03 -5.251531826115444536e-03
8.745623488707952902e+02 3.617199596296087338e-01 1.823608981228513155e-03 -5.041493931094757908e-03
9.098015030904987270e+02 5.529005225918398603e-01 2.673295213552721525e-03 -4.835038319408844695e-03
9.463036014038104895e+02 5.556754278130220381e-01 2.612174408617596883e-03 -4.700899622101990284e-03
9.840564502502600135e+02 6.023214539070189666e-01 2.725379851758867426e-03 -4.524792922583805929e-03
1.023032550371739376e+03 8.464394881101250379e-01 3.666341350489631720e-03 -4.331486659106134098e-03
1.063188172756740641e+03 1.144335061447400159e+00 4.625279803321879005e-03 -4.041892937783136790e-03
1.104463382444552735e+03 1.285618558073396089e+00 4.879583036086273563e-03 -3.795513844634232272e-03
1.146783137260692911e+03 1.359351671355493174e+00 4.809732174469570458e-03 -3.538254504570911320e-03
1.190059463898843205e+03 1.295987359319030530e+00 4.150751336421480350e-03 -3.202771467310044050e-03
1.234194575358549628e+03 1.244931750264141268e+00 3.554153523983644234e-03 -2.854898289186975826e-03
1.279084666701149217e+03 1.322029796756083231e+00 3.353179695658908919e-03 -2.536387382407520770e-03
1.324624034864483974e+03 1.212999797437114946e+00 2.625741314149381434e-03 -2.164667561937912762e-03
1.370709130638312899e+03 1.032546653709690565e+00 1.831469967980327903e-03 -1.773740645422944252e-03
1.417242173422787573e+03 8.235989127214522476e-01 1.171608397676178210e-03 -1.422547285552847127e-03
1.464134035954183901e+03 6.445055529749099676e-01 6.849010601352981294e-04 -1.062676740291732891e-03
1.511306219854582878e+03 4.421392038854122242e-01 3.436132585424688923e-04 -7.771608025772851680e-04
1.558691870507360818e+03 2.903289257310229798e-01 1.564329353926170642e-04 -5.388127793285927116e-04
1.606235897875829551e+03 1.789922612670475643e-01 6.707919066567363776e-05 -3.747602839968305248e-04
1.653894359924271384e+03 1.372204534461495540e-01 3.321615572179975530e-05 -2.420641740178698350e-04
1.701633317074125898e+03 8.978249055031553572e-02 1.431579639030562139e-05 -1.594497579935457625e-04
1.749427378597515826e+03 5.352204986631716593e-02 5.141912123965415849e-06 -9.607091164872136400e-05
1.797258141587585442e+03 3.810442405655789511e-02 2.310955529150842085e-06 -6.064795850793390947e-05
1.845112681283555730e+03 3.351891066329593105e-02 1.228100699155032480e-06 -3.663903971974346452e-05
1.892982200341894895e+03 2.767035489505142304e-02 5.558062851036523439e-07 -2.008670605099658257e-05
1.940860894722651892e+03 2.181122461392188266e-02 2.287970072209245953e-07 -1.048987442341434502e-05
1.988745052436756851e+03 1.887773469688647579e-02 1.095940035634693513e-07 -5.805463702249444832e-06
2.036632371934024150e+03 2.353124020715242556e-02 8.093113464301802914e-08 -3.439305957975757129e-06
2.084521469631388300e+03 4.386924941005310163e-02 9.246474633986567646e-08 -2.107734861738400435e-06
2.132411539057281971e+03 6.448018016545800646e-02 9.584954356906034293e-08 -1.486496212062491656e-06
2.180302124389936125e+03 6.489267312089662398e-02 7.349161648930450745e-08 -1.132510235052081224e-06
2.228192975800819568e+03 6.425696394308298698e-02 5.771758376340933879e-08 -8.982307943234596863e-07
2.276083960506219228e+03 4.244550719819773638e-02 3.119457216367991050e-08 -7.349322513221010502e-07
2.323975010065411880e+03 5.285158111798219510e-02 3.246212465709483132e-08 -6.142129330933097756e-07
2.371866090267925301e+03 5.750797797178787418e-02 3.014915292420148322e-08 -5.242603546066596853e-07
2.419757184530013546e+03 5.069228759693753666e-02 2.331703437442588229e-08 -4.599720288779102165e-07
2.467648285055406632e+03 6.092066705716936426e-02 2.496663497408545110e-08 -4.098220879731369889e-07
2.515539388289683302e+03 5.333881766467045427e-02 1.987778694904756618e-08 -3.726701831678176516e-07
2.563430492661301287e+03 4.663480027435470965e-02 1.591684155760727351e-08 -3.413082389967953515e-07
2.611321597496437789e+03 3.690808438989125889e-02 1.178122253037184982e-08 -3.192043890958102647e-07
2.659212702514920693e+03 3.980963571580018595e-02 1.196882949092949450e-08 -3.006515702975685107e-07
2.707103807603788482e+03 3.593323426319359332e-02 1.031274757272935079e-08 -2.869974769650138555e-07
2.754994912718874730e+03 4.203272218849742753e-02 1.156671657511575947e-08 -2.751836182116484418e-07
2.802886017843437912e+03 2.979274662580571817e-02 7.925142380511908216e-09 -2.660091222890927443e-07
2.850777122971324388e+03 2.441543954746829351e-02 6.328712919172529809e-09 -2.592094607540568435e-07
2.898668228100341821e+03 1.656007942808842073e-02 4.196342328779511804e-09 -2.534010991313166781e-07
2.946559333229732147e+03 9.647771314793973305e-03 2.398575603634223033e-09 -2.486144753406651448e-07
2.994450438359241616e+03 9.069295392521044968e-03 2.214559991598245301e-09 -2.441821437886423588e-07
3.042341543488788830e+03 1.569880887369946507e-02 3.789020996658394763e-09 -2.413572282548275743e-07
3.090232648618346047e+03 1.542884670845606938e-02 3.688957190365674775e-09 -2.390948111723653687e-07
3.138123753747907813e+03 1.311592510734884386e-02 3.110968979783313076e-09 -2.371902061289019780e-07
3.186014858877470033e+03 1.948040963419930133e-02 4.566537287522123767e-09 -2.344169025842880279e-07
3.233905964007032253e+03 2.116868080319191797e-02 4.928387243993494704e-09 -2.328150388686652847e-07
3.281797069136594018e+03 1.950795609057905805e-02 4.524876942994712911e-09 -2.319503346216728202e-07
3.329688174266156238e+03 1.981222970643515061e-02 4.581855492234426288e-09 -2.312640000709363876e-07
3.377579279395718459e+03 1.412335790459024951e-02 3.261445837980167447e-09 -2.309256665456421790e-07
3.425470384525280224e+03 1.497288760400103391e-02 3.449937911852561326e-09 -2.304123294781611775e-07
3.473361489654842444e+03 1.383533968820886521e-02 3.183579218144693155e-09 -2.301048828499592908e-07
3.521252594784404664e+03 1.519674339700039130e-02 3.498999400736986730e-09 -2.302466593880657799e-07
3.569143699913966884e+03 1.343950778418039754e-02 3.084842187302656982e-09 -2.295353547794224174e-07
3.617034805043528650e+03 1.189316783689324183e-02 2.744514376182889592e-09 -2.307639490018176148e-07
3.664925910173090870e+03 1.318159769018089483e-02 3.029323310512244932e-09 -2.298145779982966975e-07
3.712817015302653090e+03 1.353681076623309242e-02 3.119015029009145818e-09 -2.304098862628245495e-07
3.760708120432214855e+03 1.153644097906673417e-02 2.653577419406927151e-09 -2.300169891409260338e-07
3.808599225561777075e+03 1.178832950923899489e-02 2.713812047313958427e-09 -2.302117569064414943e-07
3.856490330691339750e+03 1.229536131716385192e-02 2.831025503960300174e-09 -2.302515095679455521e-07
3.904381435820901970e+03 1.290709531203016423e-02 2.968020528601330163e-09 -2.299526312349272144e-07
3.952272540950463735e+03 1.324927582346828274e-02 3.037345003061089100e-09 -2.292461145446965839e-07
4.000163646080025956e+03 1.411369871778419063e-02 3.238585699085031490e-09 -2.294639955013493295e-07
4.048054751209588176e+03 1.436998243472477864e-02 3.292259297939084619e-09 -2.291067030105343066e-07
4.095945856339149941e+03 1.072638027590024079e-02 2.467413804919979122e-09 -2.300322887548282929e-07
4.143836961468712616e+03 7.683458104939785809e-03 1.767874166015617796e-09 -2.300883458815283602e-07
4.191728066598274381e+03 7.995472914766831724e-03 1.849370480697327176e-09 -2.313022006843055565e-07
4.239619171727836147e+03 7.139078893177748866e-03 1.651416935612066469e-09 -2.313207292316372334e-07
4.287510276857398821e+03 7.379780926230493192e-03 1.710775175548942152e-09 -2.318192359163683627e-07
4.335401381986960587e+03 6.773278487502829535e-03 1.564536748091867264e-09 -2.309866264879772118e-07
4.383292487116522352e+03 6.842802190376395463e-03 1.586924487767707409e-09 -2.319114952642547318e-07
4.431183592246085027e+03 6.005584373521759105e-03 1.386050437038308646e-09 -2.307935998950105839e-07
4.479074697375646792e+03 8.010883115687468178e-03 1.851489058330792262e-09 -2.311217167436980234e-07
4.526965802505208558e+03 9.235602525610351124e-03 2.135297724772592289e-09 -2.312028607609959239e-07
4.574856907634771233e+03 1.159581545620371607e-02 2.676591318714238154e-09 -2.308238975364403913e-07
4.622748012764332998e+03 1.215853683687624469e-02 2.818683520002097725e-09 -2.318275264383103317e-07
4.670639117893894763e+03 1.009379544398893679e-02 2.348866794775464582e-09 -2.327040217735206126e-07
4.718530223023457438e+03 8.451029841265384271e-03 1.967660589828629424e-09 -2.328308652066017009e-07
4.766421328153019203e+03 6.549924898231843443e-03 1.526559784623885239e-09 -2.330652348450561623e-07
4.814312433282580969e+03 5.764888505800484959e-03 1.343489420989405807e-09 -2.330469044869854512e-07
4.862203538412143644e+03 7.618585614002661849e-03 1.776451246804500158e-09 -2.331733653474277886e-07
4.910094643541705409e+03 7.189618836800332202e-03 1.671126729506217128e-09 -2.324360675356658154e-07
4.957985748671267174e+03 7.659319843415236459e-03 1.780453705503912278e-09 -2.324558501150176103e-07
5.005876853800829849e+03 7.174785257516450368e-03 1.666184664537033347e-09 -2.322278095768099044e-07
5.053767958930391615e+03 5.533476073885779285e-03 1.283851631998024877e-09 -2.320153940950293442e-07
5.101659064059953380e+03 5.886611274527179562e-03 1.364172217513358821e-09 -2.317415154312072407e-07
5.149550169189516055e+03 7.395051689477909369e-03 1.714384179456416231e-09 -2.318285593453981380e-07
5.197441274319077820e+03 8.510339987727270211e-03 1.976158508588356013e-09 -2.322067639410607214e-07
5.245332379448639585e+03 7.742298865503601836e-03 1.807781327983496276e-09 -2.334941287319975092e-07
5.293223484578202260e+03 5.475291238357726971e-03 1.277531183879637252e-09 -2.333266173915569370e-07
5.341114589707764026e+03 4.911002271484007399e-03 1.148695640724498950e-09 -2.339024861369868419e-07
5.389005694837325791e+03 5.379353224296379993e-03 1.265237145566954417e-09 -2.352024663211156831e-07
5.436896799966888466e+03 6.192889235513933041e-03 1.462881597308930327e-09 -2.362195643545252830e-07
5.484787905096450231e+03 6.123610249432914245e-03 1.448596049636738386e-09 -2.365591523024979810e-07
5.532679010226011997e+03 5.525717255466236141e-03 1.310114945124897388e-09 -2.370940973914083397e-07
5.580570115355574671e+03 6.682469469542453439e-03 1.581006144842652457e-09 -2.365901037107025504e-07
5.628461220485136437e+03 6.606650136208203072e-03 1.564073201424975711e-09 -2.367422474595656790e-07
5.676352325614698202e+03 4.635571385355826031e-03 1.099562031874607184e-09 -2.372009705962504513e-07
5.724243430744260877e+03 2.532949222465438917e-03 6.033344487052773589e-10 -2.381944507036045008e-07
5.772134535873822642e+03 2.521124596967049165e-03 6.010864781352905443e-10 -2.384199808523571519e-07
5.820025641003384408e+03 4.475392904248644624e-03 1.072750377367731668e-09 -2.396997091248307516e-07
5.867916746132947083e+03 4.932516774248807932e-03 1.180534378082819017e-09 -2.393371238484246394e-07
5.915807851262508848e+03 3.731639817012164222e-03 8.887124003925887745e-10 -2.381559968196930173e-07
5.963698956392070613e+03 4.208097324741420439e-03 1.001379654729347665e-09 -2.379649464953571658e-07
6.011590061521633288e+03 3.816001420303766038e-03 9.073948216099564870e-10 -2.377868144340797659e-07
6.059481166651195053e+03 2.851675689572214564e-03 6.844301537709385992e-10 -2.400098146762303450e-07
6.107372271780756819e+03 1.142352063023376139e-03 2.750935660198520572e-10 -2.408132964646493354e-07
6.155263376910319494e+03 2.785338601014551111e-03 6.669696471487294343e-10 -2.394572950325636352e-07
6.203154482039882168e+03 6.164790633081227052e-03 1.471127920047579950e-09 -2.386338819283299616e-07
6.251045587169443934e+03 6.280709463310128748e-03 1.502317782899853768e-09 -2.391955545270654475e-07
6.298936692299005699e+03 4.955745877007509265e-03 1.194574552575208611e-09 -2.410483875126671445e-07
6.346827797428568374e+03 3.553634382549544085e-03 8.528586932947175026e-10 -2.399961846054732918e-07
6.394718902558130139e+03 1.784951360543275689e-03 4.277531859280166365e-10 -2.396441692382159753e-07
6.442610007687691905e+03 9.061864133872598757e-04 2.173609726958905623e-10 -2.398634204671098681e-07
6.490501112817254580e+03 4.914762622680995128e-04 -1.182145963027620516e-10 -2.405296153210267875e-07
6.538392217946816345e+03 3.743197406503469531e-04 9.027461529797028034e-11 -2.411697954832043765e-07
6.586283323076378110e+03 2.370500565355094114e-03 5.723928942387284127e-10 -2.414649895487308512e-07
6.634174428205940785e+03 1.963514137760849574e-03 4.730960471721651326e-10 -2.409435399898235500e-07
6.682065533335502550e+03 2.650544852673141633e-03 6.456058409777440114e-10 -2.435747655153370456e-07
6.729956638465064316e+03 1.991800151419472614e-03 4.855719542573728922e-10 -2.437854791362105735e-07
6.777847743594626991e+03 1.329843557287577454e-03 3.227817075265933422e-10 -2.427215635686928361e-07
6.825738848724188756e+03 6.283293542935996200e-04 1.532087347006572757e-10 -2.438350741593196080e-07
6.873629953853750521e+03 9.830734027123121718e-04 2.411195596338308158e-10 -2.452711658850487018e-07
6.921521058983313196e+03 2.773838139350130218e-03 6.848412057982460170e-10 -2.468929949743550396e-07
6.969412164112874962e+03 2.166112761009664125e-03 5.384904370864909678e-10 -2.485976015558353770e-07
7.017303269242436727e+03 1.128390485494937170e-03 2.807911085260405607e-10 -2.488421447499881628e-07
7.065194374371999402e+03 3.554798132528713662e-04 8.871260224554820234e-11 -2.495573558278041941e-07
7.113085479501561167e+03 4.851925348877818658e-04 -1.221397503029200047e-10 -2.517346033181841809e-07
7.160976584631122932e+03 1.858224375811743387e-03 -4.709508807598703447e-10 -2.534413426549423085e-07
7.208867689760685607e+03 2.247495079067786568e-03 -5.700977965480947031e-10 -2.536591967910155397e-07
7.256758794890247373e+03 1.939609909679667764e-04 -4.943337585887608698e-11 -2.548624628703828177e-07
7.304649900019809138e+03 8.898175620862872320e-04 2.278627965096065759e-10 -2.560781065900228877e-07
7.352541005149371813e+03 1.402776901436144806e-03 3.590096962307413745e-10 -2.559278641266418780e-07
7.400432110278933578e+03 1.103408697558365430e-04 2.811586056852150331e-11 -2.548091258546047260e-07
7.448323215408496253e+03 4.077488990618978329e-04 1.022890115322849411e-10 -2.508627534436508092e-07
7.496214320538058018e+03 9.721726479545039507e-04 2.407291474576147300e-10 -2.476197493975169355e-07
7.544105425667619784e+03 2.853360966233611448e-03 -6.643565749468016504e-10 -2.328329933747363017e-07
7.591996530797182459e+03 2.337983358372869961e-05 -5.229300915576552143e-12 -2.236671572896013860e-07
7.639887635926744224e+03 3.424865463331793966e-03 4.978429540347516112e-10 -1.453613169232165020e-07
