# Columns: yplus absP_over_phi P_term_plus PHI_term_plus | Case=jet_M12_T05 | x*=20.00 | USE_ABS=True
4.179129942274950049e-01 4.638061402435077088e-04 1.265109652873150662e-04 -2.727669047695104321e-01
1.224321202817093113e+00 1.054925802367799939e-02 2.564979195812232531e-03 -2.431430902585841047e-01
2.034051918777223467e+00 5.057303203902234479e-02 1.144524015861296019e-02 -2.263111325771760829e-01
2.848005319940505764e+00 1.426219120576056321e-01 2.995808364797994047e-02 -2.100524611946005538e-01
3.667179304843438015e+00 3.024126768854052960e-01 5.845736390768207363e-02 -1.933032851325660884e-01
4.492656330345813132e+00 5.286529809148718950e-01 9.412312636782074748e-02 -1.780433096299465223e-01
5.325590283768189437e+00 7.978557097584949576e-01 1.325974024810390728e-01 -1.661922085149648565e-01
6.167194516051492492e+00 1.069894595344181853e+00 1.691619863072283680e-01 -1.581108896552650411e-01
7.018731742277450891e+00 1.310588949616813936e+00 2.005336798264086284e-01 -1.530103545318614588e-01
7.881506128790029209e+00 1.499741695664748242e+00 2.246416346513166462e-01 -1.497868835017926725e-01
8.756857578917331963e+00 1.634924549444945585e+00 2.410489672700346364e-01 -1.474373648324446562e-01
9.646158020952345424e+00 1.722531522835251350e+00 2.500533111360833116e-01 -1.451661742157848711e-01
1.055080938902634990e+01 1.773613434135829392e+00 2.527646549033922274e-01 -1.425139492284848430e-01
1.147224295184068943e+01 1.796863331105561068e+00 2.503492685172727383e-01 -1.393257150855427839e-01
1.241191966198905483e+01 1.800182015023102933e+00 2.441533069086100627e-01 -1.356270115305405199e-01
1.337133124650546989e+01 1.788026478387004792e+00 2.351962683955812761e-01 -1.315395891719422505e-01
1.435200181859370971e+01 1.764877051182723200e+00 2.244491175917321946e-01 -1.271754978293353489e-01
1.535548984854651877e+01 1.733415587952048309e+00 2.125738900502741335e-01 -1.226329632246012796e-01
1.638339038165875294e+01 1.696413674141435068e+00 2.001692260829897319e-01 -1.179955273493633883e-01
1.743733742987609503e+01 1.656035421905387661e+00 1.876353581924060654e-01 -1.133039521440417641e-01
1.851900649222667283e+01 1.614684934230645519e+00 1.753526309867514121e-01 -1.085986666930179034e-01
1.963011717843332349e+01 1.573047561044869758e+00 1.635198041114845346e-01 -1.039509600096702180e-01
2.077243592264127159e+01 1.531733263157633029e+00 1.522832447675522560e-01 -9.941890564785661744e-02
2.194777878194188503e+01 1.490876115950318104e+00 1.416813531559159289e-01 -9.503227775944685096e-02
2.315801431896497675e+01 1.450853732709780575e+00 1.317398454149791565e-01 -9.080160352823901659e-02
2.440506657044497629e+01 1.411688927021722106e+00 1.224198263209757415e-01 -8.671869841697216197e-02
2.569091810514679253e+01 1.373509613635998328e+00 1.137207088998937604e-01 -8.279571382019575154e-02
2.701761317537217977e+01 1.336554592454451074e+00 1.056425628278818696e-01 -7.904096355232276272e-02
2.838726096676017008e+01 1.301450692544750876e+00 9.821478301852507031e-02 -7.546561969741924503e-02
2.980203895141552550e+01 1.268900886170688080e+00 9.141721628417881496e-02 -7.204441046617859890e-02
3.126419634963864524e+01 1.239106405608631167e+00 8.520618231291134104e-02 -6.876421744511868051e-02
3.277605770573668309e+01 1.211426494660317266e+00 7.950923788453460872e-02 -6.563273812731734713e-02
3.434002658359105453e+01 1.185420025646341191e+00 7.425318855436248422e-02 -6.263871619165241322e-02
3.595858938785268322e+01 1.160590967918854410e+00 6.937111945916342448e-02 -5.977223791734150721e-02
3.763431931683881970e+01 1.137573858141522232e+00 6.486435926285093190e-02 -5.701991022263923348e-02
3.936988045341490761e+01 1.117597536786476775e+00 6.074645271350778697e-02 -5.435449767380234887e-02
4.116803200036530086e+01 1.100345800552140485e+00 5.702237169074184792e-02 -5.182222866859553800e-02
4.303163266698613398e+01 1.084086092672011503e+00 5.365461231999088532e-02 -4.949294404076817755e-02
4.496364521387389601e+01 1.068261508497376777e+00 5.058247160916267554e-02 -4.735027070320289855e-02
4.696714116313550846e+01 1.053208684985408539e+00 4.771309227032815431e-02 -4.530260047275358470e-02
4.904530568150764225e+01 1.038910954153912547e+00 4.501175897831812683e-02 -4.332590661244459934e-02
5.120144264414899027e+01 1.024291614790912686e+00 4.248219908018042307e-02 -4.147471136806314684e-02
5.343897988715554703e+01 1.009491557666019945e+00 4.013021750556339251e-02 -3.975290055753004370e-02
5.576147465714980456e+01 9.952420144811778835e-01 3.791383770549683341e-02 -3.809509360922771343e-02
5.817261926660692950e+01 9.828107854415795153e-01 3.585453900744882405e-02 -3.648162956549086400e-02
6.067624696390976169e+01 9.711614118465484724e-01 3.397991848241966456e-02 -3.498895041331066824e-02
6.327633802746378677e+01 9.626783384088132278e-01 3.235450774923877976e-02 -3.360884571550319666e-02
6.597702609356160508e+01 9.580221148296975686e-01 3.094319963204235011e-02 -3.229904524442314684e-02
6.878260472805632730e+01 9.574881831640794649e-01 2.969038123742213930e-02 -3.100861374529805675e-02
7.169753425229113475e+01 9.569937178891698704e-01 2.847110599374875692e-02 -2.975056728329121200e-02
7.472644883413840944e+01 9.536050706936409771e-01 2.727770970207694587e-02 -2.860482870779563341e-02
7.787416385542003638e+01 9.483942050547643499e-01 2.610577966156510388e-02 -2.752629605118437489e-02
8.114568356742292110e+01 9.466471271736004445e-01 2.506243919083871174e-02 -2.647495404720395795e-02
8.454620904667969228e+01 9.468497952942063201e-01 2.414002825739592142e-02 -2.549509793144656353e-02
8.808114646366354350e+01 9.465928748000167481e-01 2.323355520760693113e-02 -2.454440111068383057e-02
9.175611567754152986e+01 9.391686140560987495e-01 2.224175019702566772e-02 -2.368238233704125437e-02
9.557695917065196056e+01 9.249270324074115868e-01 2.117289758222541673e-02 -2.289142477230483169e-02
9.954975133690855671e+01 9.150868818323333320e-01 2.024815133943337966e-02 -2.212702612334392985e-02
1.036808081388989109e+02 9.148611403851208967e-01 1.961944426242518899e-02 -2.144527010313955137e-02
1.079766971490294907e+02 9.209024777565913977e-01 1.914747907095581958e-02 -2.079208117411189202e-02
1.124442479906817454e+02 9.247863566979837024e-01 1.862089319611650445e-02 -2.013534592206111737e-02
1.170905631959773103e+02 9.250480263690075144e-01 1.804839169588619632e-02 -1.951076179982743838e-02
1.219230294974152429e+02 9.196658191559474727e-01 1.741720394870801408e-02 -1.893862268872100255e-02
1.269493295713319441e+02 9.184882534095760720e-01 1.693333166895289246e-02 -1.843608952656023911e-02
1.321774542518540443e+02 9.252893822478565067e-01 1.655580911152322587e-02 -1.789257439797189292e-02
1.376157152347620922e+02 9.316275664528274048e-01 1.617440662949268596e-02 -1.736145130513553833e-02
1.432727582914611162e+02 9.329046048465109431e-01 1.570401766142768066e-02 -1.683346569396710485e-02
1.491575770140662769e+02 9.353805468262117451e-01 1.522538083174922174e-02 -1.627720491238525760e-02
1.552795271134557140e+02 9.290507924976547649e-01 1.466745295178696444e-02 -1.578756841954256224e-02
1.616483412930208488e+02 9.245251753588440424e-01 1.418796473793511835e-02 -1.534621783817646627e-02
1.682741447217615587e+02 9.319624054510329270e-01 1.387919194726896371e-02 -1.489243757697713590e-02
1.751674711313248167e+02 9.317635165929041285e-01 1.349114086592040872e-02 -1.447914693553601501e-02
1.823392795625775307e+02 9.371821673547398035e-01 1.323748816590838984e-02 -1.412477597954312110e-02
1.898009717883386713e+02 9.578194111503355312e-01 1.318636476663827620e-02 -1.376706779287499398e-02
1.975644104399679009e+02 9.699616989541924861e-01 1.302528883605624799e-02 -1.342866305968580531e-02
2.056419378666298883e+02 9.647153884092383169e-01 1.260597837264988350e-02 -1.306704394281139880e-02
2.140463957572152935e+02 9.633379410172154822e-01 1.225009857229399264e-02 -1.271630447707558509e-02
2.227911455561147136e+02 9.716594213926031953e-01 1.204169536407251329e-02 -1.239291782589222075e-02
2.318900897053027563e+02 9.897374187432828041e-01 1.199487981651095950e-02 -1.211925465214949184e-02
2.413576937465015249e+02 1.006304984493886057e+00 1.193781298040373987e-02 -1.186301684315692502e-02
2.512090093185644264e+02 1.009960111919144587e+00 1.168702019091359852e-02 -1.157176412512540657e-02
2.614596980866417084e+02 1.011599866043830120e+00 1.141433315391981659e-02 -1.128344668387417683e-02
2.721260566411748414e+02 1.019932366331148366e+00 1.119463420099778977e-02 -1.097585935160248771e-02
2.832250424063160494e+02 1.018999000248165476e+00 1.083470695577844201e-02 -1.063269635508942886e-02
2.947743005989933067e+02 9.953621266862440198e-01 1.029417474922896848e-02 -1.034214028566698453e-02
3.067921922815579592e+02 9.983074470970493275e-01 1.003498003252383149e-02 -1.005199356341002215e-02
3.192978235527980928e+02 1.010717908337076087e+00 9.870221994027136847e-03 -9.765555663564438188e-03
3.323110759241557162e+02 9.978793460303375662e-01 9.455622516099951302e-03 -9.475717233466501160e-03
3.458526379303727367e+02 9.977256942038503773e-01 9.099345182404877663e-03 -9.120087049242359134e-03
3.599440380267465684e+02 1.033872519281868740e+00 9.108908666057921252e-03 -8.810475659402378090e-03
3.746076788290029072e+02 1.126383345531316582e+00 9.571440840302068015e-03 -8.497498545477167806e-03
3.898668727567863357e+02 1.169155789754263042e+00 9.591105530101406290e-03 -8.203445267219089052e-03
4.057458791477715181e+02 1.097248550198906658e+00 8.684494015964541389e-03 -7.914791971600452017e-03
4.222699429146735497e+02 1.037978838219146382e+00 7.911516126890944314e-03 -7.622039906386417034e-03
4.394653348161423878e+02 1.083709091437706995e+00 7.914953609344238875e-03 -7.303577751519860564e-03
4.573593933896525527e+02 1.085987963897506514e+00 7.638969532659465808e-03 -7.034119885863133852e-03
4.759805685168430500e+02 1.106772333304823386e+00 7.495071747046395082e-03 -6.772008588854134224e-03
4.953584663936877632e+02 1.183973076756937637e+00 7.718906720351035970e-03 -6.519495140458907677e-03
5.155238952410232969e+02 1.225694546244177285e+00 7.619620969628494375e-03 -6.216574099131668037e-03
5.365089102206734424e+02 1.231794086976066183e+00 7.303871897425893989e-03 -5.929458482266451030e-03
5.583468544269445601e+02 1.248390743003399583e+00 7.085802054023518717e-03 -5.675948891591726768e-03
5.810723901106747462e+02 1.275703061294921614e+00 6.910047104857731763e-03 -5.416657931230159893e-03
6.047215100062219335e+02 1.272864213727864735e+00 6.546065157279946228e-03 -5.142783563777274594e-03
6.293315123485367621e+02 1.312626198038068681e+00 6.436012913636436975e-03 -4.903157443647014960e-03
6.549409146860174360e+02 1.323411550511831347e+00 6.096722138545175064e-03 -4.606822523339213112e-03
6.815892712064570560e+02 1.324706648070771653e+00 5.710644917097769217e-03 -4.310875109907866265e-03
7.093168471032309981e+02 1.358039048089513701e+00 5.494617578074885954e-03 -4.045993806882579313e-03
7.381640937110472578e+02 1.368265321409784629e+00 5.138240041406065724e-03 -3.755295088610379091e-03
7.681708631003216396e+02 1.270076097723421338e+00 4.398006860489315530e-03 -3.462790039409945238e-03
7.993753047900737556e+02 1.252843063169154947e+00 3.995778647068610676e-03 -3.189368855953120599e-03
8.318124045832659021e+02 1.190963495084573776e+00 3.431561314019385221e-03 -2.881332071203156556e-03
8.655121594354448007e+02 1.175417906097991683e+00 3.034054759766278975e-03 -2.581256201752415210e-03
9.004974331725278489e+02 1.108915773508004188e+00 2.515458517926962966e-03 -2.268394568840359331e-03
9.367816020062148255e+02 9.517258209255559098e-01 1.856740859171937107e-03 -1.950919916585064102e-03
9.743661674508501847e+02 8.732125647081483422e-01 1.420228809027640829e-03 -1.626441105439567622e-03
1.013238574346794394e+03 7.930252694541038982e-01 1.048076281059634549e-03 -1.321617761034399969e-03
1.053370507947394572e+03 6.876871504788819589e-01 7.223455974596445801e-04 -1.050398567076071777e-03
1.094716942460414202e+03 5.978514623839364939e-01 4.843079624666706082e-04 -8.100807523920566669e-04
1.137216165558141711e+03 5.121984322730338546e-01 3.152679034989920278e-04 -6.155190715830510372e-04
1.180790909695743494e+03 3.771977302414580846e-01 1.740220584771984204e-04 -4.613549990499691915e-04
1.225350592724754733e+03 2.825222107799709725e-01 8.880650494829873986e-05 -3.143345958646114394e-04
1.270794527778172778e+03 1.727216787982507329e-01 3.697721674361232442e-05 -2.140855566069614570e-04
1.317015831589255640e+03 9.422415540141453050e-02 1.236136801464786347e-05 -1.311910726287315724e-04
1.363905666479049160e+03 3.720293826237586199e-02 3.093757105527446639e-06 -8.315894523460879784e-05
1.411357412492841831e+03 2.138385242375049483e-02 9.545273504051001051e-07 -4.463776364940356581e-05
1.459270389354046301e+03 9.310548501077884134e-03 1.986047449087540892e-07 -2.133115410824201931e-05
1.507552826736266297e+03 1.763747070134724648e-02 1.741167786560614138e-07 -9.871981170336481908e-06
1.556123898397764606e+03 1.039835674935753879e-02 4.484566106485083875e-08 -4.312764232446787307e-06
1.604914767153012917e+03 4.337235736271902869e-03 -9.326124948554926611e-09 -2.150246266432189332e-06
1.653868709274200228e+03 1.845151541459714040e-03 2.502325501938267597e-09 -1.356162594622801596e-06
1.702940479627662398e+03 1.549583198253868220e-02 1.479650902486553302e-08 -9.548702542424844048e-07
1.752095132159049172e+03 1.119172904823884616e-02 7.915789646431421565e-09 -7.072892501518401402e-07
1.801306523180252043e+03 1.163651321806671163e-02 6.361268042832201330e-09 -5.466644452356890123e-07
1.850555704047520976e+03 2.130856753069984219e-02 9.330082097631599462e-09 -4.378559039311062535e-07
1.899829366717214270e+03 1.486085976052519894e-02 5.404520749766939895e-09 -3.636748369110468201e-07
1.949118452961202593e+03 2.373778224936955866e-02 7.392895324100898244e-09 -3.114400177083620570e-07
1.998416986621143224e+03 1.502567783734680591e-02 4.102818811710092908e-09 -2.730538253330844617e-07
2.047721145629193870e+03 1.781790870946688490e-02 4.353443804380919941e-09 -2.443296727672580007e-07
2.097028560182861838e+03 3.217304852935129467e-02 7.205477166954747217e-09 -2.239600378677584971e-07
2.146337805669024419e+03 3.254627899707754346e-02 6.790802875357840656e-09 -2.086506686668424572e-07
2.195648051700256474e+03 2.755541583228892852e-02 5.437409423829906253e-09 -1.973263425572569403e-07
2.244958828937427825e+03 2.801123483731965055e-02 5.282424851399823212e-09 -1.885823628297170035e-07
2.294269880143359387e+03 1.907104183306954429e-02 3.464853466037020733e-09 -1.816813940405132920e-07
2.343581068596646219e+03 2.097928198804033598e-02 3.702444203163052203e-09 -1.764809780083849149e-07
2.392892323826960819e+03 1.085028862072829649e-02 1.878657358386867969e-09 -1.731435378408181009e-07
2.442203610609321913e+03 8.907385298060390907e-03 1.511917101368399089e-09 -1.697374763498356048e-07
2.491514911868193849e+03 1.044522654320877847e-02 1.748799999807635839e-09 -1.674257607121658032e-07
2.540826219576108087e+03 1.207304098996286358e-02 2.016139940461917269e-09 -1.669952037881815375e-07
2.590137530073237031e+03 7.328650299980085832e-03 1.213771653262536972e-09 -1.656200805850751398e-07
2.639448841741435899e+03 3.574901272209450413e-03 5.876321538593214000e-10 -1.643771699172375205e-07
2.688760153886898479e+03 5.196382443148117418e-03 8.520952051781850705e-10 -1.639785397823723950e-07
2.738071466221144874e+03 4.063580345396230510e-03 6.679341120607562960e-10 -1.643708393307595713e-07
2.787382778627862990e+03 7.013203035818060295e-03 1.153744039557298514e-09 -1.645102863363372095e-07
2.836694091061577637e+03 4.975412846208725724e-03 8.180049321162391385e-10 -1.644094585516778728e-07
2.886005403505049799e+03 5.481937527372462635e-03 8.995141207083567163e-10 -1.640868974184573071e-07
2.935316715951943934e+03 5.261471561148063983e-03 8.600747902462205925e-10 -1.634665853935644032e-07
2.984628028400002677e+03 7.037165210176173948e-03 1.152352777323653440e-09 -1.637524120731570264e-07
3.033939340848445681e+03 7.025323886794387039e-03 1.152990541126630844e-09 -1.641192007238165199e-07
3.083250653297010558e+03 4.253246780420978299e-03 7.008857440786714628e-10 -1.647884028984791431e-07
3.132561965745614543e+03 2.515046707344868824e-03 4.161057104872056489e-10 -1.654465140834254625e-07
3.181873278194229442e+03 3.384576189768330641e-03 5.629304361897558088e-10 -1.663222822081861823e-07
3.231184590642848889e+03 7.788153019019488157e-03 1.296896865619618800e-09 -1.665217494382121543e-07
3.280495903091468335e+03 9.848020726588250368e-03 1.650039013102825983e-09 -1.675503188826518245e-07
3.329807215540087782e+03 1.177670502810552501e-02 1.972600182715299736e-09 -1.675001775120986147e-07
3.379118527988707228e+03 1.142533399404825623e-02 1.917803400469653696e-09 -1.678553468518894646e-07
3.428429840437326675e+03 8.868999442418812329e-03 1.490229362832042018e-09 -1.680267737648675189e-07
3.477741152885946121e+03 8.043319069255660397e-03 1.358016766464061701e-09 -1.688378584476239649e-07
3.527052465334565568e+03 8.363049158852121565e-03 1.421356988012217131e-09 -1.699567898040798734e-07
3.576363777783185014e+03 8.240937194179826994e-03 1.408979868759281057e-09 -1.709732565070845397e-07
3.625675090231804461e+03 8.150304948414052730e-03 1.404057465821844250e-09 -1.722705438273271272e-07
3.674986402680423907e+03 6.345871567311450745e-03 1.101894212173018922e-09 -1.736395387907066361e-07
3.724297715129043354e+03 5.309122539800644608e-03 9.274166968409450986e-10 -1.746836110653737608e-07
3.773609027577662800e+03 3.204748593143743208e-03 5.598445593375879215e-10 -1.746921928713292620e-07
3.822920340026282247e+03 1.478210091999909194e-03 2.573792326109614586e-10 -1.741154616680679871e-07
3.872231652474901693e+03 1.145855583653647859e-03 1.988892733536375848e-10 -1.735727225934213957e-07
3.921542964923521140e+03 6.869986479374106726e-05 1.192946047890178895e-11 -1.736460546861021956e-07
3.970854277372141496e+03 2.754344321497963384e-03 4.787305242043163800e-10 -1.738092512500239846e-07
4.020165589820760943e+03 5.348662442586486244e-03 9.344270158089587418e-10 -1.747029328994431812e-07
4.069476902269380389e+03 6.257576896588971406e-03 1.097464599097819615e-09 -1.753817199906966584e-07
4.118788214717999836e+03 6.308003489392371640e-03 1.107733181120630131e-09 -1.756075726627941781e-07
4.168099527166618827e+03 5.942847606801603122e-03 1.042921863379375220e-09 -1.754919413019692228e-07
4.217410839615238729e+03 4.901313448077190826e-03 8.634870914687740999e-10 -1.761746316811311807e-07
4.266722152063857720e+03 3.078412363979075601e-03 5.432562309894600085e-10 -1.764728589795751631e-07
4.316033464512477622e+03 6.869341973985735542e-04 1.215556645800758328e-10 -1.769538698763408551e-07
4.365344776961096613e+03 1.474244824282338120e-03 2.616579380589661804e-10 -1.774860821955682723e-07
4.414656089409716515e+03 2.302508671283230376e-03 4.112346488410774335e-10 -1.786028665038159563e-07
4.463967401858335506e+03 1.086654920233313427e-03 1.948505460886915425e-10 -1.793122567805201484e-07
4.513278714306955408e+03 1.754134733276672097e-03 3.146894039383639997e-10 -1.793986504962098518e-07
4.562590026755575309e+03 4.296701241504562001e-03 7.731002397779177034e-10 -1.799287863698905140e-07
4.611901339204194301e+03 4.096961719304085571e-03 7.365389217987218911e-10 -1.797768620410324843e-07
4.661212651652814202e+03 3.764961020290308324e-03 6.771071279321552647e-10 -1.798443926200184011e-07
4.710523964101433194e+03 5.082740674715572997e-03 9.150583220257506418e-10 -1.800324629146964690e-07
4.759835276550053095e+03 6.645293983014002696e-03 1.200571409618381668e-09 -1.806649055236916817e-07
4.809146588998672087e+03 5.820916275138370184e-03 1.055491411569064756e-09 -1.813273652598575522e-07
4.858457901447291988e+03 3.565569111683223203e-03 6.488743190868349614e-10 -1.819833801455937382e-07
4.907769213895910980e+03 3.609293078385102625e-03 6.579433482501762772e-10 -1.822914720310156392e-07
4.957080526344530881e+03 3.008125036423055926e-03 5.478722612724846389e-10 -1.821308139251938800e-07
5.006391838793149873e+03 1.706121643373104471e-03 3.110928182886099009e-10 -1.823391781570514621e-07
5.055703151241769774e+03 2.187581365292543684e-03 3.998960525182826845e-10 -1.828028245545074150e-07
5.105014463690388766e+03 3.120736826758283618e-03 5.750506427936065306e-10 -1.842675863798966324e-07
5.154325776139008667e+03 4.014354848659906598e-03 7.411359604078873936e-10 -1.846214369054338466e-07
5.203637088587627659e+03 4.404764126100945906e-03 8.135773155348897557e-10 -1.847039460555769817e-07
5.252948401036247560e+03 4.681750898508057167e-03 8.669610420525750226e-10 -1.851788061446949635e-07
5.302259713484866552e+03 4.863431448406632662e-03 9.040184206779681278e-10 -1.858807778557554084e-07
5.351571025933486453e+03 1.514252021609627501e-03 2.819020173762873541e-10 -1.861658517560568869e-07
5.400882338382105445e+03 6.240456426292277647e-04 1.165281442822833959e-10 -1.867301625428025988e-07
5.450193650830725346e+03 1.434820418158925517e-03 2.679967772047321640e-10 -1.867807105425843883e-07
5.499504963279344338e+03 1.105091395269097937e-03 2.066098148636960681e-10 -1.869617442939052404e-07
5.548816275727964239e+03 8.150652382453670280e-04 1.524292823351104306e-10 -1.870148243142509779e-07
5.598127588176583231e+03 9.506963633201017663e-04 1.780422136945901175e-10 -1.872755808940050277e-07
5.647438900625203132e+03 1.917061810122107921e-03 3.605415024268696353e-10 -1.880698371451595635e-07
5.696750213073822124e+03 1.736164187886360660e-03 3.267643227714376526e-10 -1.882104959031822698e-07
5.746061525522442025e+03 1.880908303108696708e-03 3.548655963279405640e-10 -1.886671432846735002e-07
5.795372837971061017e+03 2.873983715650500759e-03 5.425443454230648223e-10 -1.887778077755269149e-07
5.844684150419680918e+03 3.689032440821731623e-03 6.942938955490967275e-10 -1.882048766679977475e-07
5.893995462868299910e+03 2.436560898170300228e-03 4.582000136275078523e-10 -1.880519440214223408e-07
5.943306775316919811e+03 1.718124324785635579e-03 3.226666261259832129e-10 -1.878016750424863409e-07
5.992618087765539713e+03 3.044475907913791069e-03 5.722732672593019779e-10 -1.879710283703472677e-07
6.041929400214158704e+03 4.120084110533566227e-03 7.778547452960999502e-10 -1.887958411595060424e-07
6.091240712662778606e+03 3.333362641233583896e-03 6.309949284500366708e-10 -1.892968141673667930e-07
6.140552025111397597e+03 2.559130565934209824e-03 4.863880801393947611e-10 -1.900598924548575938e-07
6.189863337560017499e+03 1.844149942247539113e-03 3.495081315609999955e-10 -1.895226215364247982e-07
6.239174650008636490e+03 1.198592473450672390e-03 2.269130871483974942e-10 -1.893162957173667191e-07
6.288485962457256392e+03 1.828904974872484941e-03 3.487820148691069816e-10 -1.907053781694835180e-07
6.337797274905876293e+03 1.560192617369149251e-03 2.983860707009849135e-10 -1.912495081563286760e-07
6.387108587354495285e+03 8.261049426920076023e-04 1.584787810640887574e-10 -1.918385581227221696e-07
6.436419899803115186e+03 5.199103669804132355e-04 -9.956125666172028644e-11 -1.914969636784932519e-07
6.485731212251734178e+03 1.111164688735145293e-03 -2.136062085055974068e-10 -1.922363180463810530e-07
6.535042524700354079e+03 4.344833494016748094e-05 -8.385716927561232065e-12 -1.930043335172491024e-07
6.584353837148973980e+03 1.811532288646448136e-03 3.527805642934049810e-10 -1.947415271063138208e-07
6.633665149597592972e+03 1.894033446768395978e-03 3.693522099010490805e-10 -1.950082827371600276e-07
6.682976462046212873e+03 1.115328414562511989e-03 2.168714718866090151e-10 -1.944462895905659647e-07
6.732287774494831865e+03 3.663804871005574791e-05 7.152546683620453011e-12 -1.952218236354206309e-07
6.781599086943451766e+03 4.707866797630836601e-04 -9.193665416743593698e-11 -1.952830403224273020e-07
6.830910399392070758e+03 1.120757322116545463e-03 2.192956984477888152e-10 -1.956674242677708619e-07
6.880221711840690659e+03 1.626007543017217406e-03 3.195549690764801534e-10 -1.965273595739380128e-07
6.929533024289309651e+03 1.639936295019777746e-03 3.235865220007348590e-10 -1.973165195400668785e-07
6.978844336737929552e+03 1.829112340556899230e-03 3.617757225740849706e-10 -1.977875904898969822e-07
7.028155649186548544e+03 1.857649092940586279e-03 3.688843969980693042e-10 -1.985759304057472064e-07
7.077466961635168445e+03 1.489921788478245105e-03 2.983459034739322298e-10 -2.002426609108471779e-07
7.126778274083787437e+03 1.494134428497646317e-04 -3.012707600753767911e-11 -2.016356455813047910e-07
7.176089586532407338e+03 3.781376393704998645e-04 -7.626088551655737789e-11 -2.016749394308162050e-07
7.225400898981026330e+03 8.634410455232679647e-05 1.762956786124587499e-11 -2.041780148471155212e-07
7.274712211429646231e+03 1.555981971953757003e-05 3.196296583749365669e-12 -2.054198982611578564e-07
7.324023523878265223e+03 2.068198666235233907e-04 4.282229372526440600e-11 -2.070511620782268785e-07
7.373334836326885124e+03 5.420791266947541328e-05 -1.118693572869537763e-11 -2.063709000733164952e-07
7.422646148775504116e+03 7.171920887633546991e-04 1.491271359944494444e-10 -2.079319311114927233e-07
7.471957461224124017e+03 1.094613688858582891e-04 2.294299347050071641e-11 -2.095990001223600995e-07
7.521268773672743009e+03 1.615875461749225785e-03 -3.395508857961672269e-10 -2.101343165571651460e-07
7.570580086121362910e+03 2.597639204746118608e-03 -5.426546030632872100e-10 -2.089029924062621200e-07
7.619891398569981902e+03 2.549535687940940668e-03 -5.316744406592095063e-10 -2.085377518635956518e-07
7.669202711018601804e+03 2.940198644806802557e-04 -6.027918924582387500e-11 -2.050174036788074342e-07
7.718514023467220795e+03 1.524945701440552550e-03 3.088775981961656691e-10 -2.025498992550238871e-07
7.767825335915840697e+03 1.212677739094317111e-03 -2.273158373622151952e-10 -1.874495012434094666e-07
7.817136648364459688e+03 1.648903132157574771e-03 2.940795745101783320e-10 -1.783486056730196641e-07
7.866447960813079590e+03 2.343666476569299540e-03 2.726060054204109180e-10 -1.163160407616771529e-07
