# Columns: yplus uVDplus | Case=jet_M08_T05 | x*=-14.979769
3.990089055286068498e-01 3.890108196456039114e-01
1.168939635520372944e+00 1.169030450367911200e+00
1.942042580896294446e+00 1.949684124550904674e+00
2.719177200387580484e+00 2.726607905471817972e+00
3.501296253081353171e+00 3.493279040409433378e+00
4.289433231433873672e+00 4.242033220609881639e+00
5.084689827240419291e+00 4.965359340578339165e+00
5.888224506109016154e+00 5.656881862106148517e+00
6.701242864825872836e+00 6.311979292905445682e+00
7.524990076411978812e+00 6.927870848764273504e+00
8.360745434327563785e+00 7.503502862157518827e+00
9.209818808364209630e+00 8.039175412378716246e+00
1.007354871685246067e+01 8.536227872146518791e+00
1.095330168575807761e+01 8.996638187015395971e+00
1.185047258220289912e+01 9.422813523408885672e+00
1.276648565568243221e+01 9.817311546675860257e+00
1.370279607688947188e+01 1.018276590690168604e+01
1.466089181947977238e+01 1.052169636319862178e+01
1.564229577765897261e+01 1.083650219388231761e+01
1.664856804964624715e+01 1.112939313973968858e+01
1.768130834409546992e+01 1.140244435292464509e+01
1.874215848502962700e+01 1.165752496658714676e+01
1.983280500281439984e+01 1.189635674206159166e+01
2.095498180609205363e+01 1.212046973780105397e+01
2.211047293398108238e+01 1.233126027557969806e+01
2.330111539036077772e+01 1.252994154443281616e+01
2.452880206347331438e+01 1.271764005820896415e+01
2.579548473487325211e+01 1.289536195279759667e+01
2.710317718222487215e+01 1.306405803304004465e+01
2.845395838075349459e+01 1.322459622529173551e+01
2.984997580838575004e+01 1.337782204232505023e+01
3.129344885981064195e+01 1.352448057270741799e+01
3.278667237487984210e+01 1.366526339531303691e+01
3.433202028695311014e+01 1.380078416286652576e+01
3.593194939698770440e+01 1.393163040271733699e+01
3.758900327937126207e+01 1.405830653398321139e+01
3.930581632570760320e+01 1.418125804297981851e+01
4.108511793298420400e+01 1.430074706342130852e+01
4.292973684277953339e+01 1.441704870730485410e+01
4.484260563840904723e+01 1.453045119226552906e+01
4.682676540715905134e+01 1.464139043460883727e+01
4.888537057502080785e+01 1.475035946762907813e+01
5.102169392161084005e+01 1.485792629082659388e+01
5.323913178325068429e+01 1.496456472925199854e+01
5.554120945247715468e+01 1.507063630750451111e+01
5.793158678256828154e+01 1.517616726605751865e+01
6.041406400599400683e+01 1.528103420183933459e+01
6.299258777604281079e+01 1.538509630107924764e+01
6.567125744122866138e+01 1.548853042505721511e+01
6.845433156245307771e+01 1.559158017588499412e+01
7.134623468328454976e+01 1.569453659654665678e+01
7.435156436411720904e+01 1.579759087629995662e+01
7.747509849139287041e+01 1.590107336447556285e+01
8.072180287350589367e+01 1.600536556605314686e+01
8.409683913546773226e+01 1.611071962755848475e+01
8.760557292488076087e+01 1.621731193304460206e+01
9.125358244226893589e+01 1.632548742196860658e+01
9.504666730932564178e+01 1.643505429214422620e+01
9.899085778917799416e+01 1.654545981356847761e+01
1.030924243733256134e+02 1.665665707187526223e+01
1.073578877504961895e+02 1.676947525535463157e+01
1.117940291732649314e+02 1.688415915160992142e+01
1.164079012389202745e+02 1.700065005934774476e+01
1.212068391017140954e+02 1.711887881086611785e+01
1.261984721343224436e+02 1.723865047364540004e+01
1.313907360570561877e+02 1.736072322043580130e+01
1.367918855541042547e+02 1.748559725135301335e+01
1.424105073968668762e+02 1.761273672996183493e+01
1.482555340952432914e+02 1.774211982284830924e+01
1.543362580985749730e+02 1.787355459975668026e+01
1.606623465688233523e+02 1.800695328567864095e+01
1.672438567494663744e+02 1.814346618352114859e+01
1.740912519545487953e+02 1.828397998211628206e+01
1.812154182033052336e+02 1.842616021069451904e+01
1.886276815268017231e+02 1.856912022575383503e+01
1.963398259741103686e+02 1.871482372029738528e+01
2.043641123466423721e+02 1.886449791306486290e+01
2.127132976904246675e+02 1.901731608487223468e+01
2.214006555773084415e+02 1.917237978833628986e+01
2.304399972073524339e+02 1.932859063791757137e+01
2.398456933659312824e+02 1.948845970934618776e+01
2.496326972704770526e+02 1.965233741921211674e+01
2.598165683431797675e+02 1.982023639374288493e+01
2.704134969474524155e+02 1.999168076778907022e+01
2.814403301275159492e+02 2.016492804664676441e+01
2.929145983920990943e+02 2.033874241445089481e+01
3.048545435850106742e+02 2.051628411031489563e+01
3.172791478873033384e+02 2.069842770567985824e+01
3.302081639980278851e+02 2.088172238442070849e+01
3.436621465433973981e+02 2.106646666686209457e+01
3.576624847678363039e+02 2.125491235870218176e+01
3.722314365651553203e+02 2.144807149054382833e+01
3.873921639138238788e+02 2.164085097791337375e+01
4.031687697853498094e+02 2.182911906808370972e+01
4.195863365935396700e+02 2.201262755895762169e+01
4.366709662305746065e+02 2.219395853842578958e+01
4.544498216616938180e+02 2.237021166953939755e+01
4.729511698611613042e+02 2.253478854040202961e+01
4.922044254551004201e+02 2.268267581065584437e+01
5.122401936058594174e+02 2.281494867103083024e+01
5.330903091492774593e+02 2.292860992637325168e+01
5.547878664063279075e+02 2.301953651235787746e+01
5.773672299977370130e+02 2.308772328504088733e+01
6.008640109911466425e+02 2.313677680597083608e+01
6.253149846126019611e+02 2.316892185977808083e+01
6.507579158356703601e+02 2.318728624206025657e+01
6.772312484775135317e+02 2.319718771176601990e+01
7.047736040766141059e+02 2.320182290100258982e+01
7.334230320145884434e+02 2.320354236168789086e+01
7.632159561357309485e+02 2.320418445673499974e+01
7.941857796774185090e+02 2.320453186959682057e+01
8.263611426976708572e+02 2.320471368977377224e+01
8.597638747884878967e+02 2.320489084106132793e+01
8.944067470952138592e+02 2.320502102699166258e+01
9.302911932119305902e+02 2.320515702089526044e+01
9.674052259054680007e+02 2.320532670491382277e+01
1.005721811232808477e+03 2.320548652189235739e+01
1.045197960121276765e+03 2.320561681020200240e+01
1.085774751769945397e+03 2.320572548080138375e+01
1.127378413793359186e+03 2.320588420700399368e+01
1.169922461481976597e+03 2.320605464350216351e+01
1.213310762489690205e+03 2.320623086338679286e+01
1.257441268361747234e+03 2.320642545659731937e+01
1.302210064638057702e+03 2.320664684536379596e+01
1.347515354265108954e+03 2.320684764464605720e+01
1.393261011189094461e+03 2.320710328091817587e+01
1.439359416269186340e+03 2.320738718555371705e+01
1.485733399398928668e+03 2.320768421104084922e+01
1.532317237209015957e+03 2.320796156472279392e+01
1.579056771841558657e+03 2.320826950706188185e+01
1.625908804804255851e+03 2.320857774728607126e+01
1.672839970810333625e+03 2.320891623204212451e+01
1.719825308768553668e+03 2.320924392691655314e+01
1.766846727167743666e+03 2.320960253911798077e+01
1.813891519947069582e+03 2.320996141457201034e+01
1.860951038622895112e+03 2.321035899713806927e+01
1.908019577365459782e+03 2.321074335341573658e+01
1.955093486996280262e+03 2.321113720800279978e+01
2.002170504909713600e+03 2.321149113687740950e+01
2.049249270934310971e+03 2.321184642447833824e+01
2.096328992244813890e+03 2.321219333471479018e+01
2.143409220732416543e+03 2.321258033927043840e+01
2.190489710795937754e+03 2.321293804696486518e+01
2.237570331898496988e+03 2.321331716037269643e+01
2.284651016757458365e+03 2.321374190963060258e+01
2.331731731741224849e+03 2.321423730632602300e+01
2.378812460546664170e+03 2.321469957422273112e+01
2.425893195509426732e+03 2.321516543056450388e+01
2.472973933135235711e+03 2.321561839642640734e+01
2.520054671879141097e+03 2.321607743111311351e+01
2.567135411078721972e+03 2.321647007801854556e+01
2.614216150458546508e+03 2.321686762465947851e+01
2.661296889907564946e+03 2.321727727452000778e+01
2.708377629382358464e+03 2.321775512338210135e+01
2.755458368866468390e+03 2.321825930020221662e+01
2.802539108353845677e+03 2.321881633046598736e+01
2.849619847842334366e+03 2.321932563700171670e+01
2.896700587331190036e+03 2.321978745652711851e+01
2.943781326820162576e+03 2.322018106897209222e+01
2.990862066309171951e+03 2.322060104504151568e+01
3.037942805798191785e+03 2.322102943356458837e+01
3.085023545287216166e+03 2.322150849846097387e+01
3.132104284776240547e+03 2.322199049362284029e+01
3.179185024265264474e+03 2.322250239168378272e+01
3.226265763754288855e+03 2.322299126828088234e+01
3.273346503243313236e+03 2.322348624717543686e+01
3.320427242732337618e+03 2.322392641906137811e+01
3.367507982221361999e+03 2.322437899409218076e+01
3.414588721710386380e+03 2.322484431523901094e+01
3.461669461199410762e+03 2.322538461524675313e+01
3.508750200688434688e+03 2.322592577633720978e+01
3.555830940177459070e+03 2.322647284174313143e+01
3.602911679666483451e+03 2.322697211146674690e+01
3.649992419155507832e+03 2.322748049491346833e+01
3.697073158644532214e+03 2.322796694040395593e+01
3.744153898133556595e+03 2.322848954966265822e+01
3.791234637622581431e+03 2.322899985335670436e+01
3.838315377111605812e+03 2.322951554838352095e+01
3.885396116600630194e+03 2.322995707282505862e+01
3.932476856089654575e+03 2.323039425022768967e+01
3.979557595578678956e+03 2.323084019442484305e+01
4.026638335067702883e+03 2.323136418837632533e+01
4.073719074556727264e+03 2.323191127342198570e+01
4.120799814045752100e+03 2.323249366056517218e+01
4.167880553534775572e+03 2.323304859474772854e+01
4.214961293023799954e+03 2.323360811214110910e+01
4.262042032512824335e+03 2.323409504467911546e+01
4.309122772001848716e+03 2.323457589845040516e+01
4.356203511490873098e+03 2.323506287316349983e+01
4.403284250979897479e+03 2.323561784778949146e+01
4.450364990468921860e+03 2.323614900551509876e+01
4.497445729957946241e+03 2.323667817168604799e+01
4.544526469446970623e+03 2.323716418838402475e+01
4.591607208935995004e+03 2.323766135903953867e+01
4.638687948425019385e+03 2.323813040088698756e+01
4.685768687914043767e+03 2.323864268625224483e+01
4.732849427403068148e+03 2.323918547699994619e+01
4.779930166892092529e+03 2.323978541528266106e+01
4.827010906381116911e+03 2.324034010208854539e+01
4.874091645870140383e+03 2.324087936530352039e+01
4.921172385359164764e+03 2.324137690810774615e+01
4.968253124848189145e+03 2.324189604722259261e+01
5.015333864337213527e+03 2.324239710420312122e+01
5.062414603826237908e+03 2.324294358533870053e+01
5.109495343315262289e+03 2.324347297168889526e+01
5.156576082804286671e+03 2.324399335998542071e+01
5.203656822293311052e+03 2.324446718307811821e+01
5.250737561782335433e+03 2.324497988211313881e+01
5.297818301271359815e+03 2.324553121146188772e+01
5.344899040760384196e+03 2.324613281186203650e+01
5.391979780249408577e+03 2.324667089113790652e+01
5.439060519738432959e+03 2.324719064713751493e+01
5.486141259227457340e+03 2.324768744505649920e+01
5.533221998716480812e+03 2.324823060584836298e+01
5.580302738205505193e+03 2.324876683443223868e+01
5.627383477694529574e+03 2.324931457843338123e+01
5.674464217183553956e+03 2.324981552749553870e+01
5.721544956672578337e+03 2.325033697139896915e+01
5.768625696161602718e+03 2.325085743082661338e+01
5.815706435650627100e+03 2.325141146312383356e+01
5.862787175139651481e+03 2.325194270951137554e+01
5.909867914628675862e+03 2.325248801608614002e+01
5.956948654117700244e+03 2.325301326631927878e+01
6.004029393606724625e+03 2.325356959529885970e+01
6.051110133095749006e+03 2.325409761230859829e+01
6.098190872584773388e+03 2.325463817978341297e+01
6.145271612073797769e+03 2.325515419997990563e+01
6.192352351562822150e+03 2.325569766815518591e+01
6.239433091051846532e+03 2.325621893375867444e+01
6.286513830540870913e+03 2.325676954337637170e+01
6.333594570029895294e+03 2.325730165859255649e+01
6.380675309518919676e+03 2.325785499807005863e+01
6.427756049007944057e+03 2.325837622750833589e+01
6.474836788496968438e+03 2.325892100059090239e+01
6.521917527985992820e+03 2.325944407674250414e+01
6.568998267475017201e+03 2.326000158046737099e+01
6.616079006964041582e+03 2.326053948246361713e+01
6.663159746453065964e+03 2.326109453528253113e+01
6.710240485942089435e+03 2.326161522989980668e+01
6.757321225431113817e+03 2.326214830510344100e+01
6.804401964920138198e+03 2.326266389812322188e+01
6.851482704409162579e+03 2.326321739903189822e+01
6.898563443898186961e+03 2.326376057810919562e+01
6.945644183387211342e+03 2.326433020707231947e+01
6.992724922876235723e+03 2.326487166970660425e+01
7.039805662365260105e+03 2.326543486023600593e+01
7.086886401854284486e+03 2.326594982101807929e+01
7.133967141343308867e+03 2.326648457167435424e+01
7.181047880832333249e+03 2.326699350421548473e+01
7.228128620321357630e+03 2.326755370135774825e+01
7.275209359810382011e+03 2.326810370403944006e+01
7.322290099299406393e+03 2.326867109991480476e+01
7.369370838788430774e+03 2.326921560007083301e+01
7.416451578277454246e+03 2.326976795618186244e+01
7.463532317766478627e+03 2.327028919877121282e+01
7.510613057255503008e+03 2.327077414364971020e+01
