# Columns: yplus uVDplus | Case=jet_M16_T05 | x*=-14.979769
3.991904675981458039e-01 3.891455250539101463e-01
1.169471541190774122e+00 1.169562467133457240e+00
1.942926273629050016e+00 1.950782144467882340e+00
2.720414514725944422e+00 2.728305275481975656e+00
3.502889457105048177e+00 3.495432564809325182e+00
4.291385063495408048e+00 4.244393142496845073e+00
5.087003526998008951e+00 4.967651610169998122e+00
5.890903840360523169e+00 5.658867711400495715e+00
6.704292148955031116e+00 6.313477651515013278e+00
7.528414192396867932e+00 6.928735749333538863e+00
8.364549846266525535e+00 7.503631592543245965e+00
9.214009576389074141e+00 8.038514830599094552e+00
1.007813251016456846e+01 8.534784879605608054e+00
1.095828579537266556e+01 8.994493849370282845e+00
1.185586493384525042e+01 9.420107020757329863e+00
1.277229482315781439e+01 9.814212103635069795e+00
1.370903129615329874e+01 1.017943526459100667e+01
1.466756300356401077e+01 1.051827589059893775e+01
1.564941353256213574e+01 1.083311103300391842e+01
1.665614369126243943e+01 1.112613268691858437e+01
1.768935391623842079e+01 1.139938296179535016e+01
1.875068677859656319e+01 1.165469705341321571e+01
1.984182957612888387e+01 1.189374667399652630e+01
2.096451700646264271e+01 1.211798990597743320e+01
2.212053392051234724e+01 1.232874036883387348e+01
2.331171815805398495e+01 1.252716427568079105e+01
2.453996346865562472e+01 1.271435478240960038e+01
2.580722252199612043e+01 1.289133721685487721e+01
2.711551001207428868e+01 1.305909243755307259e+01
2.846690586011699509e+01 1.321854077017300533e+01
2.986355852122339627e+01 1.337057523738706521e+01
3.130768839997947950e+01 1.351601773337963053e+01
3.280159138046392542e+01 1.365563021236628494e+01
3.434764247625361122e+01 1.379004834651074596e+01
3.594829960623038545e+01 1.391980573670113763e+01
3.760610750219122167e+01 1.404530840695530713e+01
3.932370175447405813e+01 1.416691421250986238e+01
4.110381300203105326e+01 1.428496884707077719e+01
4.294927127361037122e+01 1.439986684753800361e+01
4.486301048694856064e+01 1.451198839111353323e+01
4.684807311312585654e+01 1.462172253962276969e+01
4.890761501350024787e+01 1.472942834066197193e+01
5.104491045690976847e+01 1.483537721395689246e+01
5.326335732511977739e+01 1.493987635188167573e+01
5.556648251479020928e+01 1.504329819221175590e+01
5.795794754455174314e+01 1.514613280546617702e+01
6.044155437610405812e+01 1.524875418714227671e+01
6.302125145859164945e+01 1.535138389539239334e+01
6.570114000586579550e+01 1.545419888775165873e+01
6.848548051661218494e+01 1.555726559402082287e+01
7.137869954771095138e+01 1.566047440595389162e+01
7.438539675159618980e+01 1.576382277563446976e+01
7.751035218880394950e+01 1.586773741038316921e+01
8.075853392733340286e+01 1.597260600474671577e+01
8.413510594090379868e+01 1.607841062116668951e+01
8.764543631866219187e+01 1.618495745565346056e+01
9.129510579939579884e+01 1.629223499177549073e+01
9.508991664381505871e+01 1.640074909807413661e+01
9.903590185901356335e+01 1.651063251302025137e+01
1.031393347897691086e+02 1.662169987697113882e+01
1.074067390919355205e+02 1.673439847733135721e+01
1.118448991037791558e+02 1.684906981317861252e+01
1.164608706317503106e+02 1.696567170574629912e+01
1.212619921678353450e+02 1.708399285109368293e+01
1.262558965563237621e+02 1.720344690232599660e+01
1.314505231285381228e+02 1.732418496850132783e+01
1.368541303248179304e+02 1.744739219782378115e+01
1.424753088238245482e+02 1.757342810955075407e+01
1.483229952000406229e+02 1.770202347331301240e+01
1.544064861311752850e+02 1.783282013891254891e+01
1.607354531780640059e+02 1.796526735068506397e+01
1.673199581605586275e+02 1.809995771939648534e+01
1.741704691538532188e+02 1.823791324900347988e+01
1.812978771306761985e+02 1.837893506691860068e+01
1.887135132758073439e+02 1.852340332653090726e+01
1.964291670004454886e+02 1.867207840739849090e+01
2.044571046850664970e+02 1.882446392468047236e+01
2.128100891805694062e+02 1.897961097691485932e+01
2.215014000987136455e+02 1.913831261624089208e+01
2.305448549241046123e+02 1.930009654684130638e+01
2.399548309812931279e+02 1.946420646124488840e+01
2.497462882919129754e+02 1.963185781348255077e+01
2.599347933581989309e+02 1.980267694505579712e+01
2.705365439107075076e+02 1.997717988932297928e+01
2.815683946596145120e+02 2.015237857741593785e+01
2.930478840906019968e+02 2.032739748077702302e+01
3.049932623481127507e+02 2.050410543452176526e+01
3.174235202507113058e+02 2.068274498289412833e+01
3.303584194855707779e+02 2.086358312039497775e+01
3.438185240319298259e+02 2.104648437512930670e+01
3.578252328670168936e+02 2.123219537784941124e+01
3.724008140127105548e+02 2.141989015858817069e+01
3.875684399869360846e+02 2.160624001566323216e+01
4.033522247288397011e+02 2.179444343457872435e+01
4.197772620655445621e+02 2.198412297588777164e+01
4.368696657664443137e+02 2.216830605678872601e+01
4.546566111568134829e+02 2.234346128376305529e+01
4.731663780733116482e+02 2.250742175585280336e+01
4.924283945266765841e+02 2.265778807288738506e+01
5.124732796056040343e+02 2.279050937238920227e+01
5.333328826318218034e+02 2.290487419074556996e+01
5.550403129852993516e+02 2.299888237913509315e+01
5.776299509237862821e+02 2.307093520690867194e+01
6.011374237191220118e+02 2.312115163069856649e+01
6.255995233312793289e+02 2.315275221682998108e+01
6.510540319181208133e+02 2.317154170209773767e+01
6.775394107899991241e+02 2.318143411338287407e+01
7.050942990594568300e+02 2.318615345489030588e+01
7.337567634218203239e+02 2.318816603069152293e+01
7.635632442954214412e+02 2.318879247331232563e+01
7.945471601171999509e+02 2.318903273257481956e+01
8.267371639773361949e+02 2.318924207856512254e+01
8.601550954010068608e+02 2.318940328982136023e+01
8.948137313448438590e+02 2.318952555664847992e+01
9.307145060552608129e+02 2.318969755000611599e+01
9.678454268445059370e+02 2.318993001399407206e+01
1.006179447468235367e+03 2.319012672696759481e+01
1.045673559292343270e+03 2.319032170944476690e+01
1.086268814705015529e+03 2.319050157861985539e+01
1.127891407751954603e+03 2.319072997332191122e+01
1.170454814370254553e+03 2.319098947070049732e+01
1.213862858470454512e+03 2.319127040126404182e+01
1.258013445162425342e+03 2.319155742038829970e+01
1.302802612701607586e+03 2.319187705002989830e+01
1.348128517713508018e+03 2.319219101412787154e+01
1.393894990403829752e+03 2.319254967564260639e+01
1.440014371762177234e+03 2.319289311186402713e+01
1.486409456567178268e+03 2.319323452116312012e+01
1.533014491543250188e+03 2.319359303595302535e+01
1.579775294188911403e+03 2.319400000275929585e+01
1.626648646355137544e+03 2.319439390347989516e+01
1.673601167572860732e+03 2.319481550210507237e+01
1.720607885392731760e+03 2.319522889205126148e+01
1.767650700071350229e+03 2.319563408522719072e+01
1.814716899766210418e+03 2.319602836913706057e+01
1.861797832058333370e+03 2.319648326529778259e+01
1.908887788521620223e+03 2.319693540680918531e+01
1.955983118317092249e+03 2.319742091959378172e+01
2.003081557809547348e+03 2.319790615994354610e+01
2.050181746208613731e+03 2.319839189253669787e+01
2.097282890328272060e+03 2.319884456587852384e+01
2.144384541855812131e+03 2.319934183670894967e+01
2.191486455078296331e+03 2.319985270590235160e+01
2.238588499399445936e+03 2.320036081559615226e+01
2.285690607506008746e+03 2.320082068557731247e+01
2.332792745751084567e+03 2.320130268490303749e+01
2.379894897824121927e+03 2.320179283558983840e+01
2.426997056057285135e+03 2.320235597562756169e+01
2.474099216954705753e+03 2.320292984874119213e+01
2.521201378970732549e+03 2.320348204338199949e+01
2.568303541442641290e+03 2.320397007873813422e+01
2.615405704094876000e+03 2.320447943504546728e+01
2.662507866816335991e+03 2.320499983914798392e+01
2.709610029563582884e+03 2.320552108033714234e+01
2.756712192320150734e+03 2.320600290625486650e+01
2.803814355079986854e+03 2.320653853370325592e+01
2.850916517840935285e+03 2.320709153786837220e+01
2.898018680602250697e+03 2.320767699684099128e+01
2.945120843363682980e+03 2.320827170298742104e+01
2.992223006125152551e+03 2.320890982316347362e+01
3.039325168886632127e+03 2.320950763478561640e+01
3.086427331648116251e+03 2.321006263765671562e+01
3.133529494409600375e+03 2.321059240727871753e+01
3.180631657171084498e+03 2.321118160546621212e+01
3.227733819932568622e+03 2.321175551292027350e+01
3.274835982694052746e+03 2.321230251517294363e+01
3.321938145455537324e+03 2.321283760536683971e+01
3.369040308217021447e+03 2.321345105255027619e+01
3.416142470978505571e+03 2.321405216798956417e+01
3.463244633739989695e+03 2.321462304359224760e+01
3.510346796501473818e+03 2.321517113841101576e+01
3.557448959262957942e+03 2.321578615806311419e+01
3.604551122024442066e+03 2.321636702675960251e+01
3.651653284785926644e+03 2.321692145563364207e+01
3.698755447547410768e+03 2.321749286421692204e+01
3.745857610308894891e+03 2.321816015802095734e+01
3.792959773070379470e+03 2.321879749949544092e+01
3.840061935831864048e+03 2.321939404364910331e+01
3.887164098593348172e+03 2.321997968241936050e+01
3.934266261354832295e+03 2.322064873511344985e+01
3.981368424116316419e+03 2.322127479783782533e+01
4.028470586877800542e+03 2.322185004057066138e+01
4.075572749639284666e+03 2.322238882060654319e+01
4.122674912400769244e+03 2.322297957739585073e+01
4.169777075162252913e+03 2.322357358434966557e+01
4.216879237923737492e+03 2.322420643609556024e+01
4.263981400685221161e+03 2.322485890888874493e+01
4.311083563446705739e+03 2.322552249929681167e+01
4.358185726208189408e+03 2.322609882609567933e+01
4.405287888969673986e+03 2.322666457810770524e+01
4.452390051731158565e+03 2.322728307708770146e+01
4.499492214492642233e+03 2.322798958103077638e+01
4.546594377254126812e+03 2.322864765594368208e+01
4.593696540015610481e+03 2.322925667898702784e+01
4.640798702777095059e+03 2.322983257773230648e+01
4.687900865538578728e+03 2.323044600724271902e+01
4.735003028300063306e+03 2.323103665432372011e+01
4.782105191061547885e+03 2.323163883480595260e+01
4.829207353823031553e+03 2.323224822885628882e+01
4.876309516584516132e+03 2.323292334130334424e+01
4.923411679345999801e+03 2.323359581392917761e+01
4.970513842107484379e+03 2.323426958249295637e+01
5.017616004868968048e+03 2.323488884186972570e+01
5.064718167630452626e+03 2.323550104405724781e+01
5.111820330391937205e+03 2.323608522259742770e+01
5.158922493153420874e+03 2.323670395848260739e+01
5.206024655914905452e+03 2.323732069614025164e+01
5.253126818676389121e+03 2.323797028942442466e+01
5.300228981437873699e+03 2.323860900959476083e+01
5.347331144199357368e+03 2.323927097040279932e+01
5.394433306960841946e+03 2.323990768571727727e+01
5.441535469722326525e+03 2.324056042734062544e+01
5.488637632483810194e+03 2.324118009580415745e+01
5.535739795245294772e+03 2.324181620266770665e+01
5.582841958006778441e+03 2.324242694411006838e+01
5.629944120768263019e+03 2.324307019359249793e+01
5.677046283529746688e+03 2.324369901431274954e+01
5.724148446291231267e+03 2.324435664652568079e+01
5.771250609052714935e+03 2.324498777466161670e+01
5.818352771814199514e+03 2.324562640775491928e+01
5.865454934575684092e+03 2.324624479781091679e+01
5.912557097337167761e+03 2.324689714172475163e+01
5.959659260098652339e+03 2.324754145785065518e+01
6.006761422860136008e+03 2.324820803492024979e+01
6.053863585621621496e+03 2.324883182056395015e+01
6.100965748383105165e+03 2.324947302129700688e+01
6.148067911144589743e+03 2.325008697269744218e+01
6.195170073906073412e+03 2.325072707844754305e+01
6.242272236667557991e+03 2.325135338074901625e+01
6.289374399429041659e+03 2.325201513859747493e+01
6.336476562190526238e+03 2.325265400734255294e+01
6.383578724952010816e+03 2.325331513237038195e+01
6.430680887713494485e+03 2.325394953167767298e+01
6.477783050474979063e+03 2.325460762803433212e+01
6.524885213236462732e+03 2.325524462625474342e+01
6.571987375997947311e+03 2.325590308195305411e+01
6.619089538759430980e+03 2.325652372197869155e+01
6.666191701520915558e+03 2.325716369049096954e+01
6.713293864282400136e+03 2.325778266018197726e+01
6.760396027043883805e+03 2.325844379705735676e+01
6.807498189805368384e+03 2.325909721872251978e+01
6.854600352566852052e+03 2.325977095223319324e+01
6.901702515328336631e+03 2.326041212574261863e+01
6.948804678089820300e+03 2.326106222754825126e+01
6.995906840851304878e+03 2.326168981899223098e+01
7.043009003612788547e+03 2.326234705757903143e+01
7.090111166374273125e+03 2.326298868906190975e+01
7.137213329135757704e+03 2.326365217882574399e+01
7.184315491897241372e+03 2.326428028171648421e+01
7.231417654658725951e+03 2.326494357973999527e+01
7.278519817420209620e+03 2.326557949213614762e+01
7.325621980181694198e+03 2.326623309757880875e+01
7.372724142943177867e+03 2.326687891776423101e+01
7.419826305704662445e+03 2.326753679396447438e+01
7.466928468466147024e+03 2.326816234633159297e+01
7.514030631227630693e+03 2.326873552546787138e+01
