# Columns: yplus uVDplus | Case=jet_M16_T75 | x*=-14.979769
3.972872292011550566e-01 3.872775078458645659e-01
1.163895798977353291e+00 1.163983987495623706e+00
1.933662896402779552e+00 1.941593825461560341e+00
2.707444271745670150e+00 2.715674580972518459e+00
3.486188573050152506e+00 3.479514808709283535e+00
4.270924833374535545e+00 4.225248538772841123e+00
5.062749990844043424e+00 4.945230085532492659e+00
5.862817512424354227e+00 5.633035152683851798e+00
6.672327792893854692e+00 6.284088962874030848e+00
7.492520632498930411e+00 6.895706123608563942e+00
8.324669804699542652e+00 7.466928721417324333e+00
9.170079527353742321e+00 7.998105826744413172e+00
1.003008254324347881e+01 8.490605125105984641e+00
1.090603948193627737e+01 8.946434056250978983e+00
1.179933919186699853e+01 9.368049115288906492e+00
1.271139977706270052e+01 9.758092446635579620e+00
1.364367012932640932e+01 1.011927580114377001e+01
1.459763180188319964e+01 1.045421257988766328e+01
1.557480111782997412e+01 1.076538134699166527e+01
1.657673144374625807e+01 1.105502967127751646e+01
1.760501558573190550e+01 1.132519636443233324e+01
1.866128828353305735e+01 1.157768338761109383e+01
1.974722879033594580e+01 1.181411195869084096e+01
2.086456353317171519e+01 1.203592865429296843e+01
2.201506885324065976e+01 1.224446146497550458e+01
2.320057382796717960e+01 1.244091055052088812e+01
2.442296317800411742e+01 1.262640701395890197e+01
2.568418026319902125e+01 1.280197349442393140e+01
2.698623017200326402e+01 1.296857301466422108e+01
2.833118290910946868e+01 1.312711034251117859e+01
2.972117668633051579e+01 1.327846634012633587e+01
3.115842132192929625e+01 1.342346766154321536e+01
3.264520175379442435e+01 1.356286139018558501e+01
3.418388167204341954e+01 1.369727561276755701e+01
3.577690727682742278e+01 1.382725916204769945e+01
3.742681116731084501e+01 1.395325969186161430e+01
3.913621636800869652e+01 1.407564678571137229e+01
4.090784049888264917e+01 1.419475959577406066e+01
4.274450009582515264e+01 1.431092030610905574e+01
4.464911508840084053e+01 1.442440505500019832e+01
4.662471344196335110e+01 1.453547184222074762e+01
4.867443597152814050e+01 1.464444914574864320e+01
5.080154133505402569e+01 1.475174976861762310e+01
5.300941121407222312e+01 1.485784811941348771e+01
5.530155568989837889e+01 1.496324268921894429e+01
5.768161882397565421e+01 1.506828897642623488e+01
6.015338445121946620e+01 1.517312146748409774e+01
6.272078219557522516e+01 1.527779730760170729e+01
6.538789371735195743e+01 1.538230218024615503e+01
6.815895920226360261e+01 1.548660947994846993e+01
7.103838410249539947e+01 1.559078038014777867e+01
7.403074614051109847e+01 1.569509875369630514e+01
7.714080258673652679e+01 1.579995681800707885e+01
8.037349782268897513e+01 1.590561453514232326e+01
8.373397120157729034e+01 1.601218839259790627e+01
8.722756521886778103e+01 1.611975299016087959e+01
9.085983400580764169e+01 1.622840268205229108e+01
9.463655215940723053e+01 1.633804661599079822e+01
9.856372392292009010e+01 1.644883737046656691e+01
1.026475927314152159e+02 1.656134203016437567e+01
1.068946511376181263e+02 1.667560950029661981e+01
1.113116511337996997e+02 1.679098786230642304e+01
1.159056148861235158e+02 1.690763318615395860e+01
1.206838458985167506e+02 1.702599808680331250e+01
1.256539406238129146e+02 1.714614677392906472e+01
1.308238005406265358e+02 1.726786654390299702e+01
1.362016447151586078e+02 1.739140267987639987e+01
1.417960228679044121e+02 1.751754528525962229e+01
1.476158289660373555e+02 1.764589060846522628e+01
1.536703153630769521e+02 1.777592117651742498e+01
1.599691075083218266e+02 1.790826280210948340e+01
1.665222192494315721e+02 1.804465739526246182e+01
1.733400687524859052e+02 1.818530952008361723e+01
1.804334950648314759e+02 1.832877038173916873e+01
1.878137753470472546e+02 1.847318755912337451e+01
1.954926428014245516e+02 1.861881272891988814e+01
2.034823053254638126e+02 1.876766898891497704e+01
2.117954649200441963e+02 1.892050532136606833e+01
2.204453378831212262e+02 1.907677989400626828e+01
2.294456758210556870e+02 1.923453926506871881e+01
2.388107875109797078e+02 1.939500867900385472e+01
2.485555616489571946e+02 1.955894932795368746e+01
2.586954905201081374e+02 1.972711213342399006e+01
2.692466946283385028e+02 1.989954893047781326e+01
2.802259483248621450e+02 2.007542825592725322e+01
2.916507064763319477e+02 2.025447223763177362e+01
3.035391322151539271e+02 2.043685539767780668e+01
3.159101258165103445e+02 2.062364972514854955e+01
3.287833547488871204e+02 2.081392526050059644e+01
3.421792849477115510e+02 2.100785357249515783e+01
3.561192133653432847e+02 2.120461897937862972e+01
3.706253018554085088e+02 2.140392164162636135e+01
3.857206124551737503e+02 2.160336567227659899e+01
4.014291441346699116e+02 2.180025462794510460e+01
4.177758710800487734e+02 2.199417888915505159e+01
4.347867825569078377e+02 2.218253056401133350e+01
4.524889243254976350e+02 2.236411961799686665e+01
4.709104413914249676e+02 2.253548230666212504e+01
4.900806214601736315e+02 2.269213245293346759e+01
5.100299376364289969e+02 2.283135850835431668e+01
5.307900873924713778e+02 2.294997486473962311e+01
5.523940222511860156e+02 2.304763421766756792e+01
5.748759585540167336e+02 2.312445026679172244e+01
5.982713537110524840e+02 2.317889936370558956e+01
6.226168242675788633e+02 2.321408921951748994e+01
6.479499722457602502e+02 2.323602545398384223e+01
6.743090755822253186e+02 2.324876441446557962e+01
7.017325891680770837e+02 2.325526193826373245e+01
7.302583982063416670e+02 2.325822600480002933e+01
7.599227693767247729e+02 2.325938707075482981e+01
7.907589617855772985e+02 2.325983246277234073e+01
8.227954919124490516e+02 2.326019071536792282e+01
8.560540951572274935e+02 2.326053078394038209e+01
8.905474875592722128e+02 2.326087834162661494e+01
9.262770965268755390e+02 2.326124883169385527e+01
9.632309865503638093e+02 2.326171833541359035e+01
1.001382240334992275e+03 2.326217411725705375e+01
1.040688054300859903e+03 2.326265349251903203e+01
1.081089761883339861e+03 2.326310483706773624e+01
1.122513909016111938e+03 2.326361567808284647e+01
1.164874384160947557e+03 2.326410772063453081e+01
1.208075469771464896e+03 2.326467257174760306e+01
1.252015557719947765e+03 2.326522616806369470e+01
1.296591181924934745e+03 2.326585444800047853e+01
1.341700984575183156e+03 2.326650275510315069e+01
1.387249254389461385e+03 2.326721587316657036e+01
1.433148750293191597e+03 2.326789715067532782e+01
1.479322635159817764e+03 2.326865066061017018e+01
1.525705469208614886e+03 2.326938689111952385e+01
1.572243328266457638e+03 2.327019258151785763e+01
1.618893200237439714e+03 2.327099650933431008e+01
1.665621863802060943e+03 2.327187370182862125e+01
1.712404465573245943e+03 2.327273100657481564e+01
1.759222992102556873e+03 2.327365153819277310e+01
1.806064792154312499e+03 2.327453222303300961e+01
1.852921254562062586e+03 2.327545183414184393e+01
1.899786698116028901e+03 2.327633211060506824e+01
1.946657489383502025e+03 2.327726344026043392e+01
1.993531375521715518e+03 2.327815966847639828e+01
2.040407002228199644e+03 2.327911187337071297e+01
2.087283580098643142e+03 2.328002701355972093e+01
2.134160662957777276e+03 2.328097816646298313e+01
2.181038006264160686e+03 2.328190550414617732e+01
2.227915480044164724e+03 2.328291415479084492e+01
2.274793017305468766e+03 2.328391349361495699e+01
2.321670584561593387e+03 2.328497039274735414e+01
2.368548165579751640e+03 2.328598400840135341e+01
2.415425752728665429e+03 2.328703019743085179e+01
2.462303342529134625e+03 2.328802735299936444e+01
2.509180933442875812e+03 2.328905780265494485e+01
2.556058524810326162e+03 2.329002448905613321e+01
2.602936116357243009e+03 2.329102145798438528e+01
2.649813707973054534e+03 2.329202545684044878e+01
2.696691299614530180e+03 2.329314721192491078e+01
2.743568891265282218e+03 2.329426947802831194e+01
2.790446482919287064e+03 2.329543621342742910e+01
2.837324074574398765e+03 2.329655130362869997e+01
2.884201666229876082e+03 2.329770968002168630e+01
2.931079257885469360e+03 2.329881396859508058e+01
2.977956849541099928e+03 2.329992661769052020e+01
3.024834441196740045e+03 2.330096790177245936e+01
3.071712032852385164e+03 2.330206207586389766e+01
3.118589624508030283e+03 2.330317650251986450e+01
3.165467216163675403e+03 2.330437915870048471e+01
3.212344807819320522e+03 2.330553750332717655e+01
3.259222399474965641e+03 2.330670912279511953e+01
3.306099991130610306e+03 2.330781191212465941e+01
3.352977582786255425e+03 2.330892731767511350e+01
3.399855174441900544e+03 2.330998854161642697e+01
3.446732766097545664e+03 2.331115213383674956e+01
3.493610357753190783e+03 2.331237982736666936e+01
3.540487949408835448e+03 2.331368211696700499e+01
3.587365541064480567e+03 2.331488150035320928e+01
3.634243132720125686e+03 2.331605372891570127e+01
3.681120724375770806e+03 2.331719141255298666e+01
3.727998316031415925e+03 2.331840640234149475e+01
3.774875907687061499e+03 2.331958548123074593e+01
3.821753499342706618e+03 2.332078827163075019e+01
3.868631090998351738e+03 2.332195042925023998e+01
3.915508682653996402e+03 2.332316965997829428e+01
3.962386274309641522e+03 2.332435800039783658e+01
4.009263865965286641e+03 2.332557201993875395e+01
4.056141457620931760e+03 2.332674155600785326e+01
4.103019049276576879e+03 2.332797172267094155e+01
4.149896640932221999e+03 2.332919909816744664e+01
4.196774232587867118e+03 2.333049567543179492e+01
4.243651824243512237e+03 2.333176075443916631e+01
4.290529415899156447e+03 2.333304841825600207e+01
4.337407007554801567e+03 2.333425312178062327e+01
4.384284599210446686e+03 2.333544871994500625e+01
4.431162190866091805e+03 2.333658545419158159e+01
4.478039782521736925e+03 2.333779771392195457e+01
4.524917374177382044e+03 2.333901653617202143e+01
4.571794965833027163e+03 2.334031055966644175e+01
4.618672557488672282e+03 2.334156941730543622e+01
4.665550149144317402e+03 2.334286514860727024e+01
4.712427740799962521e+03 2.334410985286557150e+01
4.759305332455607640e+03 2.334538880586980270e+01
4.806182924111251850e+03 2.334662905551731882e+01
4.853060515766896970e+03 2.334791310644751761e+01
4.899938107422542089e+03 2.334913724690062153e+01
4.946815699078187208e+03 2.335036572403227240e+01
4.993693290733832328e+03 2.335154515883177950e+01
5.040570882389477447e+03 2.335280079997130898e+01
5.087448474045122566e+03 2.335408067327367476e+01
5.134326065700767685e+03 2.335542842457297397e+01
5.181203657356412805e+03 2.335669637605472460e+01
5.228081249012057924e+03 2.335796133440819844e+01
5.274958840667703043e+03 2.335916710607938640e+01
5.321836432323347253e+03 2.336043296640352196e+01
5.368714023978992373e+03 2.336167115040101550e+01
5.415591615634637492e+03 2.336295252881786766e+01
5.462469207290282611e+03 2.336420259201311111e+01
5.509346798945927731e+03 2.336551388527614748e+01
5.556224390601572850e+03 2.336678319549053739e+01
5.603101982257217969e+03 2.336808425423830116e+01
5.649979573912863088e+03 2.336931569450841906e+01
5.696857165568508208e+03 2.337058345072847843e+01
5.743734757224153327e+03 2.337181208943772148e+01
5.790612348879797537e+03 2.337309127753433913e+01
5.837489940535442656e+03 2.337435267133566441e+01
5.884367532191087776e+03 2.337567311469167564e+01
5.931245123846732895e+03 2.337695210550294789e+01
5.978122715502378014e+03 2.337824812322507384e+01
6.025000307158024043e+03 2.337948262836642499e+01
6.071877898813669162e+03 2.338075566281146678e+01
6.118755490469314282e+03 2.338199085482003170e+01
6.165633082124958491e+03 2.338327104505328435e+01
6.212510673780603611e+03 2.338452686222077759e+01
6.259388265436248730e+03 2.338584280150466199e+01
6.306265857091893849e+03 2.338712811979512196e+01
6.353143448747538969e+03 2.338843364303491512e+01
6.400021040403184088e+03 2.338967568813077591e+01
6.446898632058829207e+03 2.339095094473447034e+01
6.493776223714474327e+03 2.339218080654558918e+01
6.540653815370119446e+03 2.339346127619650773e+01
6.587531407025764565e+03 2.339471518118165250e+01
6.634408998681409685e+03 2.339603665308753833e+01
6.681286590337053894e+03 2.339732711269071785e+01
6.728164181992699014e+03 2.339863288734120772e+01
6.775041773648344133e+03 2.339986504610007145e+01
6.821919365303989252e+03 2.340112806214451524e+01
6.868796956959634372e+03 2.340235740172708745e+01
6.915674548615279491e+03 2.340364428417721143e+01
6.962552140270924610e+03 2.340490234721539053e+01
7.009429731926569730e+03 2.340621440673909959e+01
7.056307323582214849e+03 2.340748710115662590e+01
7.103184915237859968e+03 2.340879373199017621e+01
7.150062506893505088e+03 2.341001868566670652e+01
7.196940098549149297e+03 2.341126776765162631e+01
7.243817690204794417e+03 2.341247350110912606e+01
7.290695281860439536e+03 2.341373565316725802e+01
7.337572873516084655e+03 2.341500643075696075e+01
7.384450465171729775e+03 2.341630245310251723e+01
7.431328056827374894e+03 2.341747299854286979e+01
7.478205648483020013e+03 2.341856056877114511e+01
