# Columns: yplus uVDplus | Case=jet_M08_T75 | x*=-14.979769
3.965309531669533039e-01 3.864546843797119768e-01
1.161680206744890587e+00 1.161767262334546968e+00
1.929981975398308736e+00 1.938133994226918677e+00
2.702290380389093638e+00 2.711089301153216446e+00
3.479552263914801546e+00 3.473967086891997180e+00
4.262794700166244510e+00 4.218968615070913586e+00
5.053112539137051940e+00 4.938489620553490944e+00
5.851657052052999575e+00 5.626115405254190627e+00
6.659626348620776959e+00 6.277271336044412564e+00
7.478257869002820080e+00 6.889283548750332997e+00
8.308822961903723936e+00 7.461232014360162701e+00
9.152623362472212420e+00 7.993508540234397053e+00
1.001098927648085635e+01 8.487493065559652550e+00
1.088527874340251778e+01 8.945147139409417747e+00
1.177687796785995111e+01 9.368811497724992776e+00
1.268720235437715260e+01 9.760953953246728432e+00
1.361769803664648215e+01 1.012408852523282654e+01
1.456984374760804890e+01 1.046066914477477638e+01
1.554515292388586545e+01 1.077309584398260078e+01
1.654517597507057758e+01 1.106364194155960057e+01
1.757150267519609699e+01 1.133446039467450639e+01
1.862576465211771293e+01 1.158750688853957023e+01
1.970963796239501420e+01 1.182455160546611239e+01
2.082484574663237353e+01 1.204714332797732368e+01
2.197316096458668966e+01 1.225663447456448019e+01
2.315640921185027068e+01 1.245421519933999477e+01
2.437647162132142142e+01 1.264099241895012682e+01
2.563528785346757033e+01 1.281799426473784642e+01
2.693485917985338673e+01 1.298616192050559448e+01
2.827725166471022433e+01 1.314634733903305985e+01
2.966459944955060735e+01 1.329931348198639363e+01
3.109910814602702089e+01 1.344576404592394958e+01
3.258305834241993892e+01 1.358634145712860430e+01
3.411880922932599702e+01 1.372166096897958631e+01
3.570880235030932681e+01 1.385229794767775502e+01
3.735556548347815209e+01 1.397872870361844022e+01
3.906171666015760024e+01 1.410129071313662408e+01
4.082996832704752421e+01 1.422025963154453265e+01
4.266313165848220734e+01 1.433596204501288796e+01
4.456412102564787858e+01 1.444875701073669205e+01
4.653595862986284004e+01 1.455906673843560206e+01
4.858177930728656690e+01 1.466736185745732435e+01
5.070483551269607148e+01 1.477416268890737427e+01
5.290850249025303498e+01 1.487981638253632966e+01
5.519628363948175576e+01 1.498449316958163458e+01
5.757181608498943604e+01 1.508835874130509147e+01
6.003887645878271684e+01 1.519185515912648299e+01
6.260138690437424458e+01 1.529535928582401638e+01
6.526342131222381227e+01 1.539890598486460505e+01
6.802921179642713412e+01 1.550244928946886702e+01
7.090315542294996476e+01 1.560617230892380292e+01
7.388982120010282983e+01 1.571006043470415925e+01
7.699395734237076283e+01 1.581430295973213696e+01
8.022049881914564651e+01 1.591920289378140119e+01
8.357457520036268761e+01 1.602510716113173928e+01
8.706151881151296834e+01 1.613243980625125573e+01
9.068687321099852738e+01 1.624169776251605413e+01
9.445640200330592506e+01 1.635277881041514547e+01
9.837609800201026644e+01 1.646511292595576492e+01
1.024521927571765048e+02 1.657815119222592060e+01
1.066911664623057874e+02 1.669217707182336596e+01
1.110997582565753561e+02 1.680784848150961608e+01
1.156849769387521718e+02 1.692544172273003511e+01
1.204541121098121295e+02 1.704456424650825497e+01
1.254147457619798871e+02 1.716542454036702736e+01
1.305747643326139951e+02 1.728830991503931358e+01
1.359423712420996821e+02 1.741330754248631862e+01
1.415260999356829359e+02 1.754031789496371374e+01
1.473348274499797697e+02 1.767003469267877591e+01
1.533777885257280502e+02 1.780271169404189990e+01
1.596645902892195465e+02 1.793824492821481087e+01
1.662052275257517806e+02 1.807646038001968591e+01
1.730100985693819098e+02 1.821726932791858644e+01
1.800900218342441974e+02 1.836140293676967872e+01
1.874562530137129386e+02 1.850946222575199229e+01
1.951205029747536344e+02 1.866111565896320101e+01
2.030949563759110958e+02 1.881568358006077091e+01
2.113922910385335285e+02 1.897251410669281668e+01
2.200256981020294802e+02 1.913126726736437178e+01
2.290089029951996906e+02 1.929114340467882371e+01
2.383561872569857485e+02 1.945356531348474860e+01
2.480824112413273497e+02 1.961951388235934246e+01
2.582030377422279344e+02 1.978833767028978841e+01
2.687341565765997302e+02 1.996012038894171070e+01
2.796925101639988043e+02 2.013479174320999121e+01
2.910955201439910525e+02 2.031409139156102484e+01
3.029613150736407192e+02 2.049881995554788716e+01
3.153087592495630815e+02 2.068645512020662736e+01
3.281574827012478863e+02 2.087433058805173403e+01
3.415279124051644430e+02 2.106321601206659366e+01
3.554413047727903745e+02 2.125369159506539773e+01
3.699197794704437570e+02 2.144581545359042352e+01
3.849863546344931819e+02 2.163855672354810977e+01
4.006649835505262445e+02 2.183178850113160507e+01
4.169805928638299406e+02 2.202495179490199817e+01
4.339591223668315934e+02 2.221383886587833345e+01
4.516275663354680887e+02 2.239419928223544076e+01
4.700140161985089549e+02 2.256495887045765869e+01
4.891477039093570625e+02 2.272379740800053938e+01
5.090590445640908115e+02 2.286644590437440527e+01
5.297796752956770661e+02 2.298919138039853394e+01
5.513424849004765065e+02 2.308841410312007625e+01
5.737816245857002286e+02 2.316541870420628157e+01
5.971324842647053401e+02 2.322263751591463432e+01
6.214316107795158359e+02 2.326152636070816015e+01
6.467165345730807076e+02 2.328488942010280383e+01
6.730254607161421063e+02 2.329699583846528910e+01
7.003967708970662898e+02 2.330242676776444810e+01
7.288682782006003436e+02 2.330494363205021102e+01
7.584761802691931507e+02 2.330610895883434353e+01
7.892536728971547291e+02 2.330667050286157860e+01
8.212292182800600813e+02 2.330718628888991972e+01
8.544245104422859640e+02 2.330761507308555380e+01
8.888522412169371592e+02 2.330796556625216809e+01
9.245138352950915532e+02 2.330840738227661646e+01
9.613973798875135799e+02 2.330892065474534292e+01
9.994760089392250393e+02 2.330942129295648613e+01
1.038707000351226498e+03 2.330997391702502242e+01
1.079031799236573534e+03 2.331048765029457570e+01
1.120377091356118171e+03 2.331107438111525809e+01
1.162656929093569943e+03 2.331167152123081365e+01
1.205775777110484341e+03 2.331230593730989042e+01
1.249632220700393191e+03 2.331297700787818883e+01
1.294122990739884926e+03 2.331371249846728233e+01
1.339146922362462647e+03 2.331443310431529881e+01
1.384608486482905391e+03 2.331523287066848482e+01
1.430420608098758748e+03 2.331601267554708201e+01
1.476506596350634027e+03 2.331679918023580456e+01
1.522801136028982910e+03 2.331756038585731261e+01
1.569250405610744792e+03 2.331838847796927183e+01
1.615811474877846422e+03 2.331924062312615575e+01
1.662451185750896684e+03 2.332019246917181121e+01
1.709144732153731866e+03 2.332112601830079868e+01
1.755874134928317744e+03 2.332206919240668341e+01
1.802626766921867102e+03 2.332299339671802940e+01
1.849394033360147660e+03 2.332397174696710707e+01
1.896170263848132890e+03 2.332490193785853450e+01
1.942951831869716898e+03 2.332585897306282874e+01
1.989736488870644735e+03 2.332678992888097014e+01
2.036522883126497163e+03 2.332774066351694486e+01
2.083310226735673041e+03 2.332866223457948962e+01
2.130098074372243445e+03 2.332963392086337606e+01
2.176886181960275280e+03 2.333056570886245495e+01
2.223674419773557929e+03 2.333153114285693874e+01
2.270462720947297839e+03 2.333253476029932472e+01
2.317251052058760251e+03 2.333365829501360977e+01
2.364039396906058755e+03 2.333477610206611885e+01
2.410827747872442160e+03 2.333592410685900731e+01
2.457616101485333274e+03 2.333702841536312889e+01
2.504404456209377713e+03 2.333813291247122379e+01
2.551192811386267749e+03 2.333919193136291881e+01
2.597981166742281857e+03 2.334032015154984663e+01
2.644769522167060131e+03 2.334143541334844230e+01
2.691557877617453414e+03 2.334255549739800983e+01
2.738346233077105808e+03 2.334363558681600281e+01
2.785134588540004188e+03 2.334481518761401375e+01
2.831922944004008059e+03 2.334600212150565213e+01
2.878711299468376183e+03 2.334717881054401545e+01
2.925499654932860267e+03 2.334826768339017633e+01
2.972288010397381640e+03 2.334939130613068414e+01
3.019076365861912564e+03 2.335051549932347115e+01
3.065864721326448489e+03 2.335169181728712928e+01
3.112653076790984414e+03 2.335283223082415560e+01
3.159441432255519885e+03 2.335402092956239883e+01
3.206229787720055810e+03 2.335521083277114585e+01
3.253018143184591736e+03 2.335645376408229268e+01
3.299806498649127207e+03 2.335766277532871982e+01
3.346594854113663132e+03 2.335888730053590479e+01
3.393383209578199057e+03 2.336007968066733653e+01
3.440171565042734528e+03 2.336131747477104170e+01
3.486959920507270454e+03 2.336253137980082073e+01
3.533748275971806379e+03 2.336379742083625288e+01
3.580536631436341850e+03 2.336505205452720446e+01
3.627324986900877775e+03 2.336632519003313746e+01
3.674113342365413700e+03 2.336750677323331260e+01
3.720901697829949171e+03 2.336867310070032744e+01
3.767690053294486006e+03 2.336985111300590745e+01
3.814478408759021477e+03 2.337113809250513441e+01
3.861266764223557402e+03 2.337240043414707458e+01
3.908055119688093328e+03 2.337367015522208291e+01
3.954843475152628798e+03 2.337491324740014775e+01
4.001631830617164724e+03 2.337622285238662201e+01
4.048420186081700649e+03 2.337749442627843521e+01
4.095208541546236120e+03 2.337877319911965301e+01
4.141996897010772045e+03 2.338001866434702691e+01
4.188785252475307971e+03 2.338131364717730420e+01
4.235573607939843896e+03 2.338254627152565135e+01
4.282361963404379821e+03 2.338379867360155373e+01
4.329150318868914837e+03 2.338504037562630700e+01
4.375938674333450763e+03 2.338636254639446221e+01
4.422727029797986688e+03 2.338766633884138813e+01
4.469515385262522614e+03 2.338897721940660546e+01
4.516303740727058539e+03 2.339023786235206614e+01
4.563092096191594464e+03 2.339154615387768388e+01
4.609880451656129480e+03 2.339281790284930906e+01
4.656668807120665406e+03 2.339410517943781898e+01
4.703457162585201331e+03 2.339534197097047752e+01
4.750245518049737257e+03 2.339663868884802866e+01
4.797033873514273182e+03 2.339793834159664243e+01
4.843822228978809108e+03 2.339926815315606845e+01
4.890610584443344123e+03 2.340054961673275713e+01
4.937398939907880049e+03 2.340187712806896769e+01
4.984187295372415974e+03 2.340317297125083584e+01
5.030975650836951900e+03 2.340448444405900119e+01
5.077764006301487825e+03 2.340571945918959784e+01
5.124552361766023751e+03 2.340700449010509843e+01
5.171340717230558766e+03 2.340830051403174750e+01
5.218129072695094692e+03 2.340965100184136816e+01
5.264917428159630617e+03 2.341093639712021357e+01
5.311705783624166543e+03 2.341223477019532595e+01
5.358494139088702468e+03 2.341351250503527481e+01
5.405282494553238394e+03 2.341486297908108938e+01
5.452070850017774319e+03 2.341615755249980424e+01
5.498859205482309335e+03 2.341744969154413170e+01
5.545647560946845260e+03 2.341869741745094302e+01
5.592435916411381186e+03 2.342001234051106806e+01
5.639224271875917111e+03 2.342132158507035911e+01
5.686012627340453037e+03 2.342266009688734840e+01
5.732800982804988962e+03 2.342395637067306069e+01
5.779589338269523978e+03 2.342528707236453656e+01
5.826377693734059903e+03 2.342656423318305414e+01
5.873166049198595829e+03 2.342786777737810766e+01
5.919954404663131754e+03 2.342912845773102148e+01
5.966742760127667680e+03 2.343045008552416064e+01
6.013531115592203605e+03 2.343174637523391013e+01
6.060319471056739530e+03 2.343308412240592631e+01
6.107107826521275456e+03 2.343439298656089065e+01
6.153896181985811381e+03 2.343572562623711875e+01
6.200684537450347307e+03 2.343699461317475397e+01
6.247472892914883232e+03 2.343828585616887850e+01
6.294261248379418248e+03 2.343955224900639323e+01
6.341049603843954173e+03 2.344089553249911262e+01
6.387837959308490099e+03 2.344221014256903146e+01
6.434626314773026024e+03 2.344354918348873085e+01
6.481414670237561950e+03 2.344482593381063040e+01
6.528203025702097875e+03 2.344613232246581802e+01
6.574991381166632891e+03 2.344740567295074385e+01
6.621779736631168817e+03 2.344873436838557978e+01
6.668568092095704742e+03 2.345003089550025521e+01
6.715356447560240667e+03 2.345136308437036377e+01
6.762144803024776593e+03 2.345264510281732484e+01
6.808933158489312518e+03 2.345395997960370593e+01
6.855721513953847534e+03 2.345524330706715332e+01
6.902509869418383460e+03 2.345657757891026307e+01
6.949298224882919385e+03 2.345786249910465315e+01
6.996086580347455310e+03 2.345917563886933976e+01
7.042874935811991236e+03 2.346043088970932544e+01
7.089663291276527161e+03 2.346173946689086165e+01
7.136451646741062177e+03 2.346302648181565687e+01
7.183240002205598103e+03 2.346436462801521827e+01
7.230028357670134028e+03 2.346565000655189337e+01
7.276816713134669953e+03 2.346693406941920301e+01
7.323605068599205879e+03 2.346818212434487094e+01
7.370393424063741804e+03 2.346946705710271175e+01
7.417181779528277730e+03 2.347067224767853943e+01
7.463970134992812746e+03 2.347181016785950547e+01
