# Columns: yplus uVDplus | Case=jet_M12_T05 | x*=-14.979769
4.004998581449374928e-01 3.904673798053959199e-01
1.173307542060210151e+00 1.173400160513485169e+00
1.949299294786368986e+00 1.957009245789653296e+00
2.729337786542452182e+00 2.736772043401495935e+00
3.514379336533248743e+00 3.505916133150124292e+00
4.305461299004218922e+00 4.256561080216040516e+00
5.103689482376212894e+00 4.981081529858355061e+00
5.910226681026127693e+00 5.673090461057169520e+00
6.726282996621284482e+00 6.328031096698204294e+00
7.553108254945926525e+00 6.943231305798578390e+00
8.391986529719334342e+00 7.517753213044855443e+00
9.244232585244880340e+00 8.052006268967421221e+00
1.011118994141417282e+01 8.547442637948000410e+00
1.099423023040849046e+01 9.006143322012420072e+00
1.189475353146588077e+01 9.430599788609114853e+00
1.281418941598941252e+01 9.823420763435176895e+00
1.375399849212082515e+01 1.018725335525989983e+01
1.471567429353767764e+01 1.052461135044340779e+01
1.570074540495293292e+01 1.083788043589961170e+01
1.671077775411109911e+01 1.112922745188039642e+01
1.774737702720130983e+01 1.140068379727941839e+01
1.881219118315178918e+01 1.165408313145415420e+01
1.990691305428494928e+01 1.189114271630225339e+01
2.103328302823535978e+01 1.211339408895902814e+01
2.219309181043335855e+01 1.232225082745065237e+01
2.338818326898032041e+01 1.251895790893920868e+01
2.462045736516023098e+01 1.270467040051791408e+01
2.589187317363259311e+01 1.288042368489846901e+01
2.720445199682374948e+01 1.304719382224731739e+01
2.856028057834090106e+01 1.320583668050478288e+01
2.996151442046248903e+01 1.335714301855902697e+01
3.141038121095636981e+01 1.350180649391472976e+01
3.290918436466449037e+01 1.364050496549384306e+01
3.446030668548082332e+01 1.377385395810560986e+01
3.606621415454323909e+01 1.390243026250254488e+01
3.772945985066105123e+01 1.402675297269573385e+01
3.945268800921097352e+01 1.414731567475685203e+01
4.123863822595431827e+01 1.426457760989710799e+01
4.309014981245832843e+01 1.437906793407112893e+01
4.501016631004642932e+01 1.449128678994605224e+01
4.700174016945317135e+01 1.460159447399271571e+01
4.906803760362399203e+01 1.471018579312245755e+01
5.121234362137447960e+01 1.481723547178030387e+01
5.343806724991213741e+01 1.492291975274446436e+01
5.574874695452271567e+01 1.502744522027345653e+01
5.814805626403819616e+01 1.513100583427482171e+01
6.063980961102899414e+01 1.523382217038601461e+01
6.322796839600592733e+01 1.533613226839201538e+01
6.591664728527238992e+01 1.543819281127968424e+01
6.871012075243868367e+01 1.554017475620728206e+01
7.161282987399955857e+01 1.564221081086691889e+01
7.462938938977697489e+01 1.574454300416537045e+01
7.776459503945409324e+01 1.584720456209977435e+01
8.102343118686330570e+01 1.595037119561955308e+01
8.441107874415028789e+01 1.605455355989302291e+01
8.793292340841058774e+01 1.616004236068390298e+01
9.159456422389509100e+01 1.626675243651262903e+01
9.540182248339527860e+01 1.637455933158881649e+01
9.936075098296038277e+01 1.648353354738245358e+01
1.034776436446590537e+02 1.659422930713548894e+01
1.077590455226849571e+02 1.670728361073552648e+01
1.122117632087126111e+02 1.682223061862881153e+01
1.168428756530471873e+02 1.693807036271939026e+01
1.216597454187710099e+02 1.705469772254518190e+01
1.266700303867788051e+02 1.717272301020438974e+01
1.318816959303110252e+02 1.729291228627177901e+01
1.373030275783392824e+02 1.741545372768302613e+01
1.429426441879368497e+02 1.753950930290267252e+01
1.488095116465762828e+02 1.766580955759816973e+01
1.549129571261365470e+02 1.779574895023323222e+01
1.612626839112825792e+02 1.792912548816519802e+01
1.678687868257900959e+02 1.806424433752959047e+01
1.747417682813411659e+02 1.820158968563084656e+01
1.818925549743046872e+02 1.834224694902208697e+01
1.893325152570468788e+02 1.848510651747300670e+01
1.970734772113883650e+02 1.862916560943046917e+01
2.051277474529406959e+02 1.877496589050879550e+01
2.135081306962186147e+02 1.892432671791061338e+01
2.222279501116321399e+02 1.907737927264841815e+01
2.313010685067219470e+02 1.923329502439331407e+01
2.407419103653133732e+02 1.939150054870673401e+01
2.505654847796280364e+02 1.955250964828676885e+01
2.607874093118145993e+02 1.971854699187219140e+01
2.714239348228446715e+02 1.988844567257684659e+01
2.824919713082777548e+02 2.006214369267425113e+01
2.940091147820417632e+02 2.023915255177658779e+01
3.059936752511478062e+02 2.041866522905456804e+01
3.184647058262246446e+02 2.059921809735649845e+01
3.314420330150474001e+02 2.078086714047608652e+01
3.449462882490665834e+02 2.096548844543432466e+01
3.589989406966118395e+02 2.115189920714418648e+01
3.736223314212290347e+02 2.133812338533971342e+01
3.888397089493616932e+02 2.152590229342171213e+01
4.046752663166438424e+02 2.171623222133403530e+01
4.211541796608315167e+02 2.190538858287577995e+01
4.383026484074788982e+02 2.208989379807062647e+01
4.561479370200461858e+02 2.226733752680348033e+01
4.747184180963027416e+02 2.243293965863536243e+01
4.940436161742388776e+02 2.258350752613292656e+01
5.141542507766752124e+02 2.271605359449490535e+01
5.350822756947700327e+02 2.282794540909722869e+01
5.568609089110589139e+02 2.291982154775983105e+01
5.795246434544825433e+02 2.299070252710960105e+01
6.031092234584206153e+02 2.304182177135539433e+01
6.276515615646973174e+02 2.307600192587646148e+01
6.531895638609886419e+02 2.309592827871176368e+01
6.797618178151595885e+02 2.310594156436339119e+01
7.074070892804762707e+02 2.311047203127319349e+01
7.361635698153942258e+02 2.311222346084925761e+01
7.660678193669998564e+02 2.311294729919519853e+01
7.971533659885409406e+02 2.311326639329571364e+01
8.294489567556222482e+02 2.311343925820389700e+01
8.629765028295694265e+02 2.311352024362819790e+01
8.977488230768984749e+02 2.311362716322664923e+01
9.337673564485158977e+02 2.311379922666835185e+01
9.710200709192774866e+02 2.311398704627580258e+01
1.009479831530054298e+03 2.311416244299847023e+01
1.049103488573484583e+03 2.311432307700976452e+01
1.089831901082822469e+03 2.311447299701231728e+01
1.131591021011769726e+03 2.311470429710305652e+01
1.174294040488564633e+03 2.311494991983406422e+01
1.217844467955134860e+03 2.311520354508095565e+01
1.262139873638394647e+03 2.311543204508116744e+01
1.307075954787331511e+03 2.311567187910978660e+01
1.352550533969495746e+03 2.311593207856659049e+01
1.398467125942628400e+03 2.311622742133082653e+01
1.444737784164718960e+03 2.311653570389920631e+01
1.491285050172409456e+03 2.311689305252191318e+01
1.538042955011826962e+03 2.311724250470729558e+01
1.584957138456666826e+03 2.311760965433449400e+01
1.631984240597415464e+03 2.311797003101167647e+01
1.679090771473235918e+03 2.311833047202643598e+01
1.726251676722279399e+03 2.311864716022299859e+01
1.773448797231909566e+03 2.311901234764400570e+01
1.820669379463318364e+03 2.311942200294129890e+01
1.867904742616599833e+03 2.311986161770511927e+01
1.915149159541362224e+03 2.312028373774328216e+01
1.962398967423456043e+03 2.312072259997473367e+01
2.009651895202695869e+03 2.312114233552424736e+01
2.056906577625161390e+03 2.312157362047330622e+01
2.104162218903092253e+03 2.312199367781875381e+01
2.151418369253261062e+03 2.312244335145643248e+01
2.198674782156763285e+03 2.312288790720371168e+01
2.245931326588949105e+03 2.312337503481644063e+01
2.293187935015772382e+03 2.312387500965189346e+01
2.340444573679965742e+03 2.312439486106476494e+01
2.387701226217478506e+03 2.312487555006646645e+01
2.434957884935322909e+03 2.312535130419018969e+01
2.482214546326163600e+03 2.312583027430856220e+01
2.529471208839279370e+03 2.312636317771062267e+01
2.576727871809772751e+03 2.312690242939795482e+01
2.623984534961184181e+03 2.312744320260997455e+01
2.671241198182047356e+03 2.312793006206778657e+01
2.718497861428782016e+03 2.312841235490001068e+01
2.765754524684868102e+03 2.312887560426288758e+01
2.813011187944233370e+03 2.312938372346563298e+01
2.860267851204714589e+03 2.312989531759121675e+01
2.907524514465564152e+03 2.313040736857099944e+01
2.954781177726530586e+03 2.313089128935342842e+01
3.002037840987534764e+03 2.313139738590274774e+01
3.049294504248548492e+03 2.313190800553223525e+01
3.096551167509567222e+03 2.313246458586728949e+01
3.143807830770585952e+03 2.313303051223580198e+01
3.191064494031604681e+03 2.313362149901451303e+01
3.238321157292623411e+03 2.313416991646448650e+01
3.285577820553642141e+03 2.313472244325473071e+01
3.332834483814660871e+03 2.313528402083090896e+01
3.380091147075679601e+03 2.313587379920467413e+01
3.427347810336698331e+03 2.313641513327544175e+01
3.474604473597717060e+03 2.313694096815770607e+01
3.521861136858735790e+03 2.313745337662076551e+01
3.569117800119754065e+03 2.313800816199172061e+01
3.616374463380772795e+03 2.313855412851842175e+01
3.663631126641791525e+03 2.313912567974256262e+01
3.710887789902810255e+03 2.313968531667486062e+01
3.758144453163828985e+03 2.314024833724662500e+01
3.805401116424848624e+03 2.314078374609161060e+01
3.852657779685867354e+03 2.314133678592634880e+01
3.899914442946885629e+03 2.314189074351800102e+01
3.947171106207904359e+03 2.314247884281845558e+01
3.994427769468923088e+03 2.314306821916381907e+01
4.041684432729941818e+03 2.314370098713408552e+01
4.088941095990960548e+03 2.314430433278713295e+01
4.136197759251979733e+03 2.314488552743931038e+01
4.183454422512998462e+03 2.314542686622608159e+01
4.230711085774016283e+03 2.314599445595606753e+01
4.277967749035035013e+03 2.314656318972438243e+01
4.325224412296053742e+03 2.314715312345315468e+01
4.372481075557072472e+03 2.314772506007906472e+01
4.419737738818091202e+03 2.314831363875153514e+01
4.466994402079109932e+03 2.314888679326102050e+01
4.514251065340128662e+03 2.314945931331035922e+01
4.561507728601147392e+03 2.315000761605477919e+01
4.608764391862166121e+03 2.315058645480836574e+01
4.656021055123184851e+03 2.315119019467590178e+01
4.703277718384203581e+03 2.315184245748400826e+01
4.750534381645222311e+03 2.315245037487985869e+01
4.797791044906241041e+03 2.315302553341463465e+01
4.845047708167259771e+03 2.315357045827570204e+01
4.892304371428278500e+03 2.315418927630053147e+01
4.939561034689297230e+03 2.315482981339345159e+01
4.986817697950315960e+03 2.315545342748587032e+01
5.034074361211334690e+03 2.315600284592360936e+01
5.081331024472353420e+03 2.315653176183876383e+01
5.128587687733372150e+03 2.315707052468196636e+01
5.175844350994390879e+03 2.315766314916843172e+01
5.223101014255409609e+03 2.315827672330966891e+01
5.270357677516428339e+03 2.315893478775188541e+01
5.317614340777447069e+03 2.315955870365499791e+01
5.364871004038465799e+03 2.316016998438817609e+01
5.412127667299484528e+03 2.316074781633373902e+01
5.459384330560503258e+03 2.316136387702273680e+01
5.506640993821521988e+03 2.316196394510116008e+01
5.553897657082540718e+03 2.316254220629580018e+01
5.601154320343559448e+03 2.316308277261025239e+01
5.648410983604578178e+03 2.316366765259796878e+01
5.695667646865595998e+03 2.316427761214319503e+01
5.742924310126614728e+03 2.316491007122901635e+01
5.790180973387633458e+03 2.316550620357904577e+01
5.837437636648652187e+03 2.316611810325020926e+01
5.884694299909670917e+03 2.316673242683955181e+01
5.931950963170689647e+03 2.316737055745766938e+01
5.979207626431708377e+03 2.316796256905509210e+01
6.026464289692727107e+03 2.316854188030050565e+01
6.073720952953746746e+03 2.316908895391254575e+01
6.120977616214765476e+03 2.316969384623762807e+01
6.168234279475784206e+03 2.317031113951190235e+01
6.215490942736802936e+03 2.317094309406338581e+01
6.262747605997821665e+03 2.317153353933279902e+01
6.310004269258840395e+03 2.317214457753091139e+01
6.357260932519859125e+03 2.317275939249817895e+01
6.404517595780877855e+03 2.317339539872622822e+01
6.451774259041896585e+03 2.317399140844167604e+01
6.499030922302915315e+03 2.317458251942943193e+01
6.546287585563934044e+03 2.317515876956574061e+01
6.593544248824952774e+03 2.317576106664216695e+01
6.640800912085971504e+03 2.317634972033454233e+01
6.688057575346990234e+03 2.317697338912220673e+01
6.735314238608008054e+03 2.317759833325732188e+01
6.782570901869026784e+03 2.317824903180363805e+01
6.829827565130045514e+03 2.317885441688656556e+01
6.877084228391064244e+03 2.317945370487434431e+01
6.924340891652082973e+03 2.318002677713894144e+01
6.971597554913101703e+03 2.318064053040133388e+01
7.018854218174120433e+03 2.318123783274237226e+01
7.066110881435139163e+03 2.318185531713900716e+01
7.113367544696157893e+03 2.318246328583512295e+01
7.160624207957176623e+03 2.318310817907238075e+01
7.207880871218195352e+03 2.318372545640055193e+01
7.255137534479214082e+03 2.318434438099124506e+01
7.302394197740232812e+03 2.318492789228718820e+01
7.349650861001251542e+03 2.318551897972068332e+01
7.396907524262270272e+03 2.318611833921845999e+01
7.444164187523289002e+03 2.318672879600732628e+01
7.491420850784307731e+03 2.318731781274117765e+01
7.538677514045326461e+03 2.318787527614371768e+01
