# Columns: yplus uVDplus | Case=jet_M12_T75 | x*=-14.979769
3.965801053854401403e-01 3.864373651744142935e-01
1.161824203471697681e+00 1.161911545174112659e+00
1.930221207405224515e+00 1.938621539570782204e+00
2.702625344320990664e+00 2.711960935627113933e+00
3.479983573782912121e+00 3.475135223225270575e+00
4.263323097293362451e+00 4.220271350850007153e+00
5.053738900558722769e+00 4.939761581452786210e+00
5.852382397511242118e+00 5.627237706462314470e+00
6.660451846369977780e+00 6.278166111063133492e+00
7.479184840684959923e+00 6.889888518933009465e+00
8.309852886751531997e+00 7.461496465709745785e+00
9.153757881075732072e+00 7.993408076795019745e+00
1.001223019431654215e+01 8.487039460942265023e+00
1.088662803428337433e+01 8.944393279012180287e+00
1.177833777742675991e+01 9.367850172310985712e+00
1.268877500371796252e+01 9.759916783996237299e+00
1.361938602610566207e+01 1.012313582238556364e+01
1.457164976082714603e+01 1.045994440253457114e+01
1.554707983210531985e+01 1.077267903903099722e+01
1.654722684171272817e+01 1.106350811574124471e+01
1.757368076074461172e+01 1.133447336563197361e+01
1.862807341930562544e+01 1.158745873831695050e+01
1.971208108171189366e+01 1.182424965581666498e+01
2.082742710216065518e+01 1.204648505165698857e+01
2.197588466017703723e+01 1.225565259154378062e+01
2.315927957764608180e+01 1.245303328737917603e+01
2.437949322064298485e+01 1.263973240385941388e+01
2.563846549006688846e+01 1.281669849734913669e+01
2.693819790555120619e+01 1.298476486030112831e+01
2.828075678742745325e+01 1.314467178035233275e+01
2.966827654174687368e+01 1.329712092912902222e+01
3.110296305355978674e+01 1.344281769785869152e+01
3.258709719383828229e+01 1.358251783481568253e+01
3.412303844561379407e+01 1.371699116489417491e+01
3.571322865509336708e+01 1.384696501094429166e+01
3.736019591371739779e+01 1.397307385939614655e+01
3.906655857733056081e+01 1.409582579081411424e+01
4.083502942885557019e+01 1.421564005629420357e+01
4.266841999108741845e+01 1.433283463802104762e+01
4.456964499646485933e+01 1.444762578942869702e+01
4.654172702092487413e+01 1.456018381689355756e+01
4.858780128920732011e+01 1.467071553543933682e+01
5.071112065924907597e+01 1.477943237311575153e+01
5.291506079359213288e+01 1.488649636423821043e+01
5.520312552602665335e+01 1.499221784125285417e+01
5.757895243200167101e+01 1.509703574226873890e+01
6.004631861165839268e+01 1.520126656973442891e+01
6.260914669468096605e+01 1.530514171454007766e+01
6.527151107651059192e+01 1.540899970316180578e+01
6.803764439583707713e+01 1.551306134201000830e+01
7.091194426366698167e+01 1.561742226785193921e+01
7.389898025466482068e+01 1.572220445284086310e+01
7.700350117188327204e+01 1.582749041750397012e+01
8.023044259643110365e+01 1.593315695677216404e+01
8.358493473408226748e+01 1.603909169653224609e+01
8.707231057129928331e+01 1.614546243517211010e+01
9.069811435363911301e+01 1.625272406839120620e+01
9.446811040001912829e+01 1.636146227288870136e+01
9.838829226685706431e+01 1.647175924869593899e+01
1.024648922766532024e+02 1.658344373650832182e+01
1.067043914261646762e+02 1.669610693527089396e+01
1.111135296899226006e+02 1.680970993877120279e+01
1.156993167354735164e+02 1.692489187968911324e+01
1.204690430673799284e+02 1.704235534124444840e+01
1.254302916176966392e+02 1.716203540213146894e+01
1.305909498013499785e+02 1.728392568092840520e+01
1.359592220555848314e+02 1.740822779181958779e+01
1.415436428834151741e+02 1.753478919912962297e+01
1.473530904218151250e+02 1.766397117214717127e+01
1.533968005562200574e+02 1.779609242298742799e+01
1.596843816037785189e+02 1.793150949737540500e+01
1.662258295886973087e+02 1.807036208881918782e+01
1.730315441339648999e+02 1.821144506793688223e+01
1.801123449947182849e+02 1.835382846859102202e+01
1.874794892595375302e+02 1.849773904081249043e+01
1.951446892470152932e+02 1.864615579687947999e+01
2.031201311260526268e+02 1.879986987531807330e+01
2.114184942894842152e+02 1.895696526513661340e+01
2.200529715118338174e+02 1.911678861623497028e+01
2.290372899232453960e+02 1.927974784301680344e+01
2.383857328329368102e+02 1.944516921935355214e+01
2.481131624368713062e+02 1.961097905365497951e+01
2.582350434457517281e+02 1.977779896135971427e+01
2.687674676709125947e+02 1.994631612754480443e+01
2.797271796072261623e+02 2.011723596610225329e+01
2.911316030537673782e+02 2.029353130963104590e+01
3.029988688147361131e+02 2.047430383205130155e+01
3.153478435250822258e+02 2.065799778240601725e+01
3.281981596475467313e+02 2.084580157245479271e+01
3.415702466906365089e+02 2.103796814913802748e+01
3.554853637006796134e+02 2.123239936610571021e+01
3.699656330858498450e+02 2.142697040885990489e+01
3.850340758357419304e+02 2.162305644352636946e+01
4.007146482050865188e+02 2.182179711092465979e+01
4.170322799289670002e+02 2.201873360839097060e+01
4.340129140151923366e+02 2.221066395532729842e+01
4.516835480857902212e+02 2.239707572523390056e+01
4.700722770516190394e+02 2.257065403825462369e+01
4.892083364895449336e+02 2.272676416197750981e+01
5.091221452657668465e+02 2.286509414063708689e+01
5.298453444348501762e+02 2.298407363318013097e+01
5.514108268699052360e+02 2.308387368203657886e+01
5.738527480113751835e+02 2.316100899998896168e+01
5.972065021593936081e+02 2.321599105866199864e+01
6.215086406861693149e+02 2.325319202085284331e+01
6.467966986867583046e+02 2.327520934249441709e+01
6.731088859676341372e+02 2.328726888445547161e+01
7.004835889747865849e+02 2.329292283428010180e+01
7.289586254801055247e+02 2.329496292915053246e+01
7.585701976129386139e+02 2.329574095511651421e+01
7.893515052823995575e+02 2.329618746843347310e+01
8.213310142121109720e+02 2.329657708855427600e+01
8.545304211155444136e+02 2.329701835843487956e+01
8.889624193990282492e+02 2.329737263484953402e+01
9.246284339302386570e+02 2.329777602017751903e+01
9.615165504432834496e+02 2.329826518888100750e+01
9.995998995529876083e+02 2.329878763813994524e+01
1.038835753864709659e+03 2.329926355326047016e+01
1.079165551233300903e+03 2.329976314894760137e+01
1.120515968331905697e+03 2.330034786007814773e+01
1.162801046890547923e+03 2.330095631420652680e+01
1.205925239728646602e+03 2.330157489004584903e+01
1.249787119568815569e+03 2.330224455431481090e+01
1.294283404486861400e+03 2.330297043332483042e+01
1.339312917076338408e+03 2.330373553101952666e+01
1.384780116410664505e+03 2.330454167141234478e+01
1.430597916693953721e+03 2.330533383871049580e+01
1.476689617560558190e+03 2.330612612903723146e+01
1.522989895704746459e+03 2.330692043992451090e+01
1.569444922931980500e+03 2.330776350104220995e+01
1.616011763702747430e+03 2.330859475984342311e+01
1.662657255827527706e+03 2.330943278276321706e+01
1.709356590155306321e+03 2.331027909828427980e+01
1.756091785299432559e+03 2.331117290150277910e+01
1.802850212541913379e+03 2.331203904130667226e+01
1.849623276043146234e+03 2.331293532894106235e+01
1.896405304705227536e+03 2.331385613578830984e+01
1.943192671562524538e+03 2.331482754851326789e+01
1.989983127782061501e+03 2.331577263523451293e+01
2.036775321471865482e+03 2.331674686385903428e+01
2.083568464632670839e+03 2.331772205212629956e+01
2.130362111883347097e+03 2.331873919072802082e+01
2.177156019117707729e+03 2.331974948532918290e+01
2.223950056593461341e+03 2.332080122852066850e+01
2.270744157437526155e+03 2.332184232683984604e+01
2.317538288223024210e+03 2.332291977066620348e+01
2.364332432746060931e+03 2.332397486314325619e+01
2.411126583388941071e+03 2.332503667710256678e+01
2.457920736678657249e+03 2.332607058156299118e+01
2.504714891079664540e+03 2.332716114352265180e+01
2.551509045933572907e+03 2.332825686930952003e+01
2.598303200966628083e+03 2.332938074966900999e+01
2.645097356068455611e+03 2.333048129257824854e+01
2.691891511195901785e+03 2.333162161516693445e+01
2.738685666332607525e+03 2.333269956306214610e+01
2.785479821472560616e+03 2.333376038349358694e+01
2.832273976613618288e+03 2.333481455166098684e+01
2.879068131755040667e+03 2.333595366268229654e+01
2.925862286896579462e+03 2.333709098559213047e+01
2.972656442038155092e+03 2.333827942678365375e+01
3.019450597179740271e+03 2.333948994117202247e+01
3.066244752321330452e+03 2.334074053707069751e+01
3.113038907462920633e+03 2.334189871272148764e+01
3.159833062604510815e+03 2.334304622900087978e+01
3.206627217746100996e+03 2.334418986045669442e+01
3.253421372887691177e+03 2.334539739274703507e+01
3.300215528029281359e+03 2.334658626608215926e+01
3.347009683170871540e+03 2.334781912512150726e+01
3.393803838312461721e+03 2.334901471080780766e+01
3.440597993454051903e+03 2.335019936677885966e+01
3.487392148595642084e+03 2.335133987184251225e+01
3.534186303737232265e+03 2.335255426782936183e+01
3.580980458878822446e+03 2.335376529311019667e+01
3.627774614020412628e+03 2.335498925693599048e+01
3.674568769162002809e+03 2.335621236995279304e+01
3.721362924303592990e+03 2.335752742479213140e+01
3.768157079445183626e+03 2.335880463338281743e+01
3.814951234586773808e+03 2.336005819796988092e+01
3.861745389728363989e+03 2.336127610777907648e+01
3.908539544869954170e+03 2.336254790218905697e+01
3.955333700011544352e+03 2.336374464454874200e+01
4.002127855153134533e+03 2.336492867048187705e+01
4.048922010294724714e+03 2.336613850594682518e+01
4.095716165436314441e+03 2.336745853193305678e+01
4.142510320577905077e+03 2.336872611815344314e+01
4.189304475719494803e+03 2.336996571125707334e+01
4.236098630861085439e+03 2.337120623338544689e+01
4.282892786002675166e+03 2.337256033355845375e+01
4.329686941144265802e+03 2.337386891651937404e+01
4.376481096285855529e+03 2.337513649805653060e+01
4.423275251427446165e+03 2.337634308290034824e+01
4.470069406569035891e+03 2.337762083379996625e+01
4.516863561710625618e+03 2.337888502143027125e+01
4.563657716852216254e+03 2.338016522992537105e+01
4.610451871993805980e+03 2.338141581569252025e+01
4.657246027135396616e+03 2.338272852915988764e+01
4.704040182276986343e+03 2.338400682565879407e+01
4.750834337418576979e+03 2.338530395833742759e+01
4.797628492560166706e+03 2.338656728330991896e+01
4.844422647701757342e+03 2.338788661062489282e+01
4.891216802843347068e+03 2.338916185958206029e+01
4.938010957984937704e+03 2.339044916819985787e+01
4.984805113126527431e+03 2.339169642974911412e+01
5.031599268268118067e+03 2.339300437952730505e+01
5.078393423409707793e+03 2.339430719959025851e+01
5.125187578551298429e+03 2.339565656894022538e+01
5.171981733692888156e+03 2.339695392103159577e+01
5.218775888834477882e+03 2.339823279641552745e+01
5.265570043976068519e+03 2.339945150955510300e+01
5.312364199117658245e+03 2.340072855358969406e+01
5.359158354259248881e+03 2.340200868414466839e+01
5.405952509400838608e+03 2.340334987029717340e+01
5.452746664542429244e+03 2.340463844389236669e+01
5.499540819684018970e+03 2.340597923303182171e+01
5.546334974825609606e+03 2.340728432888685617e+01
5.593129129967199333e+03 2.340860479930075755e+01
5.639923285108789969e+03 2.340986935107086353e+01
5.686717440250379695e+03 2.341115501923587416e+01
5.733511595391970332e+03 2.341241487288010958e+01
5.780305750533560058e+03 2.341371747932777225e+01
5.827099905675150694e+03 2.341499072348882748e+01
5.873894060816740421e+03 2.341633648516420152e+01
5.920688215958331057e+03 2.341765610036982181e+01
5.967482371099920783e+03 2.341901040282800395e+01
6.014276526241511419e+03 2.342028417308532795e+01
6.061070681383102055e+03 2.342157012776257830e+01
6.107864836524691782e+03 2.342282093400602605e+01
6.154658991666282418e+03 2.342412727739756306e+01
6.201453146807872145e+03 2.342541663060899992e+01
6.248247301949462781e+03 2.342674914832170785e+01
6.295041457091052507e+03 2.342804862216801709e+01
6.341835612232642234e+03 2.342939147991105386e+01
6.388629767374232870e+03 2.343068466052278254e+01
6.435423922515822596e+03 2.343199467494865473e+01
6.482218077657413232e+03 2.343324610318093448e+01
6.529012232799002959e+03 2.343454230148416073e+01
6.575806387940593595e+03 2.343581208741247934e+01
6.622600543082183322e+03 2.343714573033975768e+01
6.669394698223773958e+03 2.343845533194986430e+01
6.716188853365363684e+03 2.343981602688224797e+01
6.762983008506954320e+03 2.344111353718873758e+01
6.809777163648544047e+03 2.344240425964347807e+01
6.856571318790134683e+03 2.344363458677975487e+01
6.903365473931724409e+03 2.344491580665270902e+01
6.950159629073315045e+03 2.344619971447040996e+01
6.996953784214904772e+03 2.344756263677373553e+01
7.043747939356495408e+03 2.344888474065907502e+01
7.090542094498085135e+03 2.345022500841157509e+01
7.137336249639674861e+03 2.345146966798558452e+01
7.184130404781265497e+03 2.345273472819594573e+01
7.230924559922855224e+03 2.345396247767458320e+01
7.277718715064445860e+03 2.345525377819807034e+01
7.324512870206035586e+03 2.345655021546318153e+01
7.371307025347626222e+03 2.345789203233894327e+01
7.418101180489215949e+03 2.345910855023616648e+01
7.464895335630806585e+03 2.346021260391227514e+01
