# Columns: yplus T_rms_plus | Case=jet_M12_T05 | x*=-14.979769
4.004998581449374928e-01 2.713503098241637712e+00
1.173307542060210151e+00 2.717046190980825227e+00
1.949299294786368986e+00 2.748771820020917467e+00
2.729337786542452182e+00 2.848170533566121154e+00
3.514379336533248743e+00 3.049007415642516872e+00
4.305461299004218922e+00 3.359170166892240683e+00
5.103689482376212894e+00 3.758907424122670982e+00
5.910226681026127693e+00 4.215181761442811315e+00
6.726282996621284482e+00 4.695952815971233818e+00
7.553108254945926525e+00 5.176474239785743947e+00
8.391986529719334342e+00 5.639860677627055452e+00
9.244232585244880340e+00 6.075298356795072685e+00
1.011118994141417282e+01 6.476538469974486567e+00
1.099423023040849046e+01 6.840438298733184652e+00
1.189475353146588077e+01 7.166276256652999166e+00
1.281418941598941252e+01 7.454695537511767611e+00
1.375399849212082515e+01 7.707380550135519925e+00
1.471567429353767764e+01 7.926497798942895301e+00
1.570074540495293292e+01 8.114424429635500147e+00
1.671077775411109911e+01 8.273581160072977170e+00
1.774737702720130983e+01 8.406456387792617946e+00
1.881219118315178918e+01 8.515526438404002363e+00
1.990691305428494928e+01 8.603332053411833158e+00
2.103328302823535978e+01 8.672301912030537352e+00
2.219309181043335855e+01 8.724561596794506713e+00
2.338818326898032041e+01 8.761979561452967857e+00
2.462045736516023098e+01 8.786197782684929791e+00
2.589187317363259311e+01 8.798583287358921368e+00
2.720445199682374948e+01 8.800396458529977650e+00
2.856028057834090106e+01 8.792736650841431967e+00
2.996151442046248903e+01 8.776787954419415172e+00
3.141038121095636981e+01 8.753763339681714939e+00
3.290918436466449037e+01 8.724989508348039990e+00
3.446030668548082332e+01 8.691427328903236216e+00
3.606621415454323909e+01 8.654043252115098284e+00
3.772945985066105123e+01 8.613217045795845905e+00
3.945268800921097352e+01 8.569943937948812263e+00
4.123863822595431827e+01 8.525188241535177625e+00
4.309014981245832843e+01 8.480644702949819091e+00
4.501016631004642932e+01 8.437383890623749494e+00
4.700174016945317135e+01 8.396796956368644871e+00
4.906803760362399203e+01 8.358298605959397776e+00
5.121234362137447960e+01 8.321632468686134487e+00
5.343806724991213741e+01 8.286227184994691797e+00
5.574874695452271567e+01 8.252166497136704137e+00
5.814805626403819616e+01 8.217863683347760073e+00
6.063980961102899414e+01 8.181968376517248842e+00
6.322796839600592733e+01 8.144277300084928228e+00
6.591664728527238992e+01 8.107390109963120040e+00
6.871012075243868367e+01 8.072923353930706369e+00
7.161282987399955857e+01 8.041156796576723664e+00
7.462938938977697489e+01 8.010549311250994009e+00
7.776459503945409324e+01 7.980400565791477163e+00
8.102343118686330570e+01 7.951198839795614148e+00
8.441107874415028789e+01 7.924415773001932450e+00
8.793292340841058774e+01 7.898080251374941518e+00
9.159456422389509100e+01 7.873137881446344188e+00
9.540182248339527860e+01 7.853391083678686435e+00
9.936075098296038277e+01 7.836563183958102918e+00
1.034776436446590537e+02 7.818696693578066181e+00
1.077590455226849571e+02 7.799404410326837400e+00
1.122117632087126111e+02 7.778905950295619043e+00
1.168428756530471873e+02 7.756336324944321348e+00
1.216597454187710099e+02 7.733051635544794244e+00
1.266700303867788051e+02 7.710780681854592977e+00
1.318816959303110252e+02 7.691321681421382728e+00
1.373030275783392824e+02 7.671402416056791296e+00
1.429426441879368497e+02 7.649483289678277842e+00
1.488095116465762828e+02 7.625171414871980247e+00
1.549129571261365470e+02 7.608160512448104207e+00
1.612626839112825792e+02 7.602398085882790646e+00
1.678687868257900959e+02 7.597091560295909041e+00
1.747417682813411659e+02 7.585636989816534559e+00
1.818925549743046872e+02 7.572645435723041274e+00
1.893325152570468788e+02 7.553247418579196903e+00
1.970734772113883650e+02 7.528020407872787700e+00
2.051277474529406959e+02 7.499421392977152045e+00
2.135081306962186147e+02 7.481535194189561366e+00
2.222279501116321399e+02 7.472651585919901862e+00
2.313010685067219470e+02 7.475172127763262786e+00
2.407419103653133732e+02 7.480294380795210252e+00
2.505654847796280364e+02 7.471537441835938154e+00
2.607874093118145993e+02 7.439936592009197547e+00
2.714239348228446715e+02 7.386329008260996254e+00
2.824919713082777548e+02 7.326250099234511204e+00
2.940091147820417632e+02 7.266680368338077400e+00
3.059936752511478062e+02 7.212719256208375285e+00
3.184647058262246446e+02 7.143581409235614466e+00
3.314420330150474001e+02 7.083620152633409717e+00
3.449462882490665834e+02 7.032036200722667552e+00
3.589989406966118395e+02 6.945014669123685813e+00
3.736223314212290347e+02 6.837408823960608117e+00
3.888397089493616932e+02 6.719064591534929853e+00
4.046752663166438424e+02 6.592554544525687454e+00
4.211541796608315167e+02 6.434456279760943254e+00
4.383026484074788982e+02 6.259684642182746117e+00
4.561479370200461858e+02 6.032814606383741562e+00
4.747184180963027416e+02 5.760969445426072255e+00
4.940436161742388776e+02 5.443697281033295532e+00
5.141542507766752124e+02 5.051148046214880338e+00
5.350822756947700327e+02 4.603852132274623088e+00
5.568609089110589139e+02 4.099663845431678943e+00
5.795246434544825433e+02 3.567755508956484523e+00
6.031092234584206153e+02 2.983301732745157420e+00
6.276515615646973174e+02 2.414151261086759703e+00
6.531895638609886419e+02 1.868168383851335212e+00
6.797618178151595885e+02 1.387358042198538310e+00
7.074070892804762707e+02 9.862055948100265645e-01
7.361635698153942258e+02 6.858698524653051853e-01
7.660678193669998564e+02 5.013883273689717646e-01
7.971533659885409406e+02 3.945970192317492797e-01
8.294489567556222482e+02 3.277291064156407363e-01
8.629765028295694265e+02 2.983500654853243339e-01
8.977488230768984749e+02 2.821963264699597906e-01
9.337673564485158977e+02 2.767982795056934120e-01
9.710200709192774866e+02 2.726810968505664623e-01
1.009479831530054298e+03 2.694327200168287195e-01
1.049103488573484583e+03 2.667757985580621605e-01
1.089831901082822469e+03 2.648418345672785001e-01
1.131591021011769726e+03 2.635323687859806308e-01
1.174294040488564633e+03 2.628149193058402222e-01
1.217844467955134860e+03 2.619323969887406567e-01
1.262139873638394647e+03 2.615762331577717870e-01
1.307075954787331511e+03 2.617399277401555313e-01
1.352550533969495746e+03 2.617797842057546509e-01
1.398467125942628400e+03 2.623918880979068113e-01
1.444737784164718960e+03 2.632739600404799263e-01
1.491285050172409456e+03 2.638623704764849753e-01
1.538042955011826962e+03 2.648282745377890102e-01
1.584957138456666826e+03 2.653810924716821784e-01
1.631984240597415464e+03 2.667333402870959991e-01
1.679090771473235918e+03 2.675579854806142133e-01
1.726251676722279399e+03 2.685249359860037432e-01
1.773448797231909566e+03 2.697981301784821984e-01
1.820669379463318364e+03 2.706333926005362600e-01
1.867904742616599833e+03 2.713046814632106285e-01
1.915149159541362224e+03 2.725670182229633642e-01
1.962398967423456043e+03 2.734587659567986329e-01
2.009651895202695869e+03 2.744899333841431255e-01
2.056906577625161390e+03 2.758159105427414604e-01
2.104162218903092253e+03 2.772469230862478762e-01
2.151418369253261062e+03 2.786096455653832016e-01
2.198674782156763285e+03 2.803099530185051980e-01
2.245931326588949105e+03 2.817211334551691926e-01
2.293187935015772382e+03 2.824725636688228403e-01
2.340444573679965742e+03 2.838190345688956229e-01
2.387701226217478506e+03 2.847445205149940484e-01
2.434957884935322909e+03 2.851741305193832288e-01
2.482214546326163600e+03 2.853980411856008592e-01
2.529471208839279370e+03 2.859200632999676639e-01
2.576727871809772751e+03 2.871016648343739930e-01
2.623984534961184181e+03 2.882220070828006020e-01
2.671241198182047356e+03 2.901525986257776912e-01
2.718497861428782016e+03 2.920987137428027181e-01
2.765754524684868102e+03 2.937054328889491805e-01
2.813011187944233370e+03 2.951062179888105930e-01
2.860267851204714589e+03 2.957033138911604464e-01
2.907524514465564152e+03 2.964113205823098451e-01
2.954781177726530586e+03 2.965165105585438332e-01
3.002037840987534764e+03 2.964903410177806009e-01
3.049294504248548492e+03 2.962958219632244039e-01
3.096551167509567222e+03 2.960427931447688343e-01
3.143807830770585952e+03 2.961300993672863480e-01
3.191064494031604681e+03 2.965190353316250471e-01
3.238321157292623411e+03 2.968833785717687190e-01
3.285577820553642141e+03 2.979570137897947779e-01
3.332834483814660871e+03 2.992998441172933233e-01
3.380091147075679601e+03 3.005852253768899196e-01
3.427347810336698331e+03 3.018436806783618698e-01
3.474604473597717060e+03 3.025496025956579960e-01
3.521861136858735790e+03 3.034188066011864193e-01
3.569117800119754065e+03 3.041075109238919882e-01
3.616374463380772795e+03 3.046746882111868171e-01
3.663631126641791525e+03 3.053990605105722511e-01
3.710887789902810255e+03 3.063028738755071423e-01
3.758144453163828985e+03 3.069756983964703756e-01
3.805401116424848624e+03 3.077211561501413395e-01
3.852657779685867354e+03 3.081151127784880761e-01
3.899914442946885629e+03 3.066814372786406673e-01
3.947171106207904359e+03 3.066164424565053781e-01
3.994427769468923088e+03 3.077651334644251335e-01
4.041684432729941818e+03 3.080728650403474767e-01
4.088941095990960548e+03 3.073976821909860102e-01
4.136197759251979733e+03 3.072428251369728192e-01
4.183454422512998462e+03 3.086323273477982188e-01
4.230711085774016283e+03 3.097245451446014042e-01
4.277967749035035013e+03 3.101100297309002940e-01
4.325224412296053742e+03 3.098013459948666393e-01
4.372481075557072472e+03 3.096716875915218603e-01
4.419737738818091202e+03 3.104241034912265107e-01
4.466994402079109932e+03 3.120839817012595052e-01
4.514251065340128662e+03 3.125724855932426882e-01
4.561507728601147392e+03 3.122844074824177030e-01
4.608764391862166121e+03 3.120815485421367108e-01
4.656021055123184851e+03 3.106694570661447941e-01
4.703277718384203581e+03 3.096819237632476018e-01
4.750534381645222311e+03 3.093763412001343527e-01
4.797791044906241041e+03 3.101973264811663245e-01
4.845047708167259771e+03 3.110411016052898048e-01
4.892304371428278500e+03 3.105241401424416181e-01
4.939561034689297230e+03 3.102138245600456479e-01
4.986817697950315960e+03 3.103237935919300750e-01
5.034074361211334690e+03 3.102882667991466725e-01
5.081331024472353420e+03 3.106526632583969660e-01
5.128587687733372150e+03 3.105336542442656556e-01
5.175844350994390879e+03 3.103455060439800350e-01
5.223101014255409609e+03 3.099940423090621344e-01
5.270357677516428339e+03 3.087684310079872319e-01
5.317614340777447069e+03 3.082236458445347105e-01
5.364871004038465799e+03 3.084030829920385020e-01
5.412127667299484528e+03 3.082461611992549644e-01
5.459384330560503258e+03 3.080651778456922063e-01
5.506640993821521988e+03 3.088172516470902851e-01
5.553897657082540718e+03 3.093652640413298016e-01
5.601154320343559448e+03 3.098179594842937479e-01
5.648410983604578178e+03 3.106659374396569251e-01
5.695667646865595998e+03 3.101620955876489005e-01
5.742924310126614728e+03 3.095553975449658601e-01
5.790180973387633458e+03 3.091097441004195812e-01
5.837437636648652187e+03 3.090775514604336971e-01
5.884694299909670917e+03 3.083882146643927569e-01
5.931950963170689647e+03 3.081576242370623331e-01
5.979207626431708377e+03 3.071382624458610655e-01
6.026464289692727107e+03 3.076162123241851787e-01
6.073720952953746746e+03 3.089137486537923971e-01
6.120977616214765476e+03 3.103519844865768040e-01
6.168234279475784206e+03 3.103786986951906357e-01
6.215490942736802936e+03 3.096426800601110862e-01
6.262747605997821665e+03 3.092577208014308798e-01
6.310004269258840395e+03 3.090396172461556956e-01
6.357260932519859125e+03 3.080305539768579681e-01
6.404517595780877855e+03 3.074219543374502872e-01
6.451774259041896585e+03 3.069936406000680629e-01
6.499030922302915315e+03 3.079439847864632873e-01
6.546287585563934044e+03 3.087781390575031759e-01
6.593544248824952774e+03 3.092157326366291592e-01
6.640800912085971504e+03 3.093121184015958924e-01
6.688057575346990234e+03 3.090002934278730518e-01
6.735314238608008054e+03 3.074041296240722088e-01
6.782570901869026784e+03 3.077975391500898938e-01
6.829827565130045514e+03 3.079271908365751043e-01
6.877084228391064244e+03 3.082628926146341319e-01
6.924340891652082973e+03 3.097016682225033346e-01
6.971597554913101703e+03 3.099145768951797608e-01
7.018854218174120433e+03 3.109705989050692287e-01
7.066110881435139163e+03 3.107985583006151464e-01
7.113367544696157893e+03 3.129931492524831715e-01
7.160624207957176623e+03 3.122438230223233968e-01
7.207880871218195352e+03 3.131504455471764703e-01
7.255137534479214082e+03 3.090812553953395381e-01
7.302394197740232812e+03 3.075941083315633096e-01
7.349650861001251542e+03 2.991245342767813731e-01
7.396907524262270272e+03 2.983727783784472787e-01
7.444164187523289002e+03 2.799048419119146147e-01
7.491420850784307731e+03 2.643365216313097732e-01
7.538677514045326461e+03 2.338087853247775294e-01
