# Columns: yplus T_rms_plus | Case=jet_M12_T75 | x*=-14.979769
3.965801053854401403e-01 2.840460413141601137e+00
1.161824203471697681e+00 2.843567467323454778e+00
1.930221207405224515e+00 2.873593638260610650e+00
2.702625344320990664e+00 2.968871459458114259e+00
3.479983573782912121e+00 3.162862238492933464e+00
4.263323097293362451e+00 3.464677001088087405e+00
5.053738900558722769e+00 3.856592030709888874e+00
5.852382397511242118e+00 4.306929429844272406e+00
6.660451846369977780e+00 4.783749854677035174e+00
7.479184840684959923e+00 5.261210424542342778e+00
8.309852886751531997e+00 5.721283404929159211e+00
9.153757881075732072e+00 6.152564630322299166e+00
1.001223019431654215e+01 6.548715620787711522e+00
1.088662803428337433e+01 6.906852386700398583e+00
1.177833777742675991e+01 7.226437046160559596e+00
1.268877500371796252e+01 7.508364600220995833e+00
1.361938602610566207e+01 7.754463101295755223e+00
1.457164976082714603e+01 7.967116889132614510e+00
1.554707983210531985e+01 8.149135082558949250e+00
1.654722684171272817e+01 8.303449656837420534e+00
1.757368076074461172e+01 8.433015814642672581e+00
1.862807341930562544e+01 8.540576711097353169e+00
1.971208108171189366e+01 8.628470084170290377e+00
2.082742710216065518e+01 8.698655869993423551e+00
2.197588466017703723e+01 8.752991050512436644e+00
2.315927957764608180e+01 8.793394173834933270e+00
2.437949322064298485e+01 8.821797524637872812e+00
2.563846549006688846e+01 8.839988032146782970e+00
2.693819790555120619e+01 8.849513033402043760e+00
2.828075678742745325e+01 8.851458035986281558e+00
2.966827654174687368e+01 8.846258313390235273e+00
3.110296305355978674e+01 8.833830409080935198e+00
3.258709719383828229e+01 8.814454401321567545e+00
3.412303844561379407e+01 8.789188306469970513e+00
3.571322865509336708e+01 8.759585815049161894e+00
3.736019591371739779e+01 8.726910872385090556e+00
3.906655857733056081e+01 8.692141313084459142e+00
4.083502942885557019e+01 8.656396603277777047e+00
4.266841999108741845e+01 8.621185604750651876e+00
4.456964499646485933e+01 8.587358773572280057e+00
4.654172702092487413e+01 8.554764044053026595e+00
4.858780128920732011e+01 8.521810184313805436e+00
5.071112065924907597e+01 8.487146660942796572e+00
5.291506079359213288e+01 8.450657934199014676e+00
5.520312552602665335e+01 8.413597134435310210e+00
5.757895243200167101e+01 8.376880175193381461e+00
6.004631861165839268e+01 8.341264323077966836e+00
6.260914669468096605e+01 8.307111797284042254e+00
6.527151107651059192e+01 8.275923937004638020e+00
6.803764439583707713e+01 8.246596805872858482e+00
7.091194426366698167e+01 8.216375163652161362e+00
7.389898025466482068e+01 8.185413239309051292e+00
7.700350117188327204e+01 8.155809167829172424e+00
8.023044259643110365e+01 8.127182000143292839e+00
8.358493473408226748e+01 8.101017691921061470e+00
8.707231057129928331e+01 8.077048427436178457e+00
9.069811435363911301e+01 8.055043276616439485e+00
9.446811040001912829e+01 8.035375386775326589e+00
9.838829226685706431e+01 8.021413826030991956e+00
1.024648922766532024e+02 8.009288960744740393e+00
1.067043914261646762e+02 7.997409252278703029e+00
1.111135296899226006e+02 7.983944182500418485e+00
1.156993167354735164e+02 7.970435973180704181e+00
1.204690430673799284e+02 7.957602415306213040e+00
1.254302916176966392e+02 7.942549357738245774e+00
1.305909498013499785e+02 7.929072335222584478e+00
1.359592220555848314e+02 7.919845868139845813e+00
1.415436428834151741e+02 7.906885292011074817e+00
1.473530904218151250e+02 7.897152639644856364e+00
1.533968005562200574e+02 7.887253301326731858e+00
1.596843816037785189e+02 7.876659668223952693e+00
1.662258295886973087e+02 7.866572547870167575e+00
1.730315441339648999e+02 7.854599837717606725e+00
1.801123449947182849e+02 7.846411593128070905e+00
1.874794892595375302e+02 7.837251897221690022e+00
1.951446892470152932e+02 7.819603339949511067e+00
2.031201311260526268e+02 7.795875421868740496e+00
2.114184942894842152e+02 7.767739269797139912e+00
2.200529715118338174e+02 7.738954615938357762e+00
2.290372899232453960e+02 7.723478124721785854e+00
2.383857328329368102e+02 7.697813429804347685e+00
2.481131624368713062e+02 7.660212524216476027e+00
2.582350434457517281e+02 7.612295385061949915e+00
2.687674676709125947e+02 7.566295394356335358e+00
2.797271796072261623e+02 7.524555273915304099e+00
2.911316030537673782e+02 7.493204965184580679e+00
3.029988688147361131e+02 7.445199561433927471e+00
3.153478435250822258e+02 7.386977430091913988e+00
3.281981596475467313e+02 7.313686713406575279e+00
3.415702466906365089e+02 7.230065223028163679e+00
3.554853637006796134e+02 7.168154684226202278e+00
3.699656330858498450e+02 7.075282502231392989e+00
3.850340758357419304e+02 6.948143734229530466e+00
4.007146482050865188e+02 6.808545839319300796e+00
4.170322799289670002e+02 6.650761510794660047e+00
4.340129140151923366e+02 6.458959463134804402e+00
4.516835480857902212e+02 6.244271840910372795e+00
4.700722770516190394e+02 5.970556758735765968e+00
4.892083364895449336e+02 5.656663816313941773e+00
5.091221452657668465e+02 5.266734934046962913e+00
5.298453444348501762e+02 4.814341025580398004e+00
5.514108268699052360e+02 4.302012695370760476e+00
5.738527480113751835e+02 3.718519982855494010e+00
5.972065021593936081e+02 3.113911385505983453e+00
6.215086406861693149e+02 2.534813548302821129e+00
6.467966986867583046e+02 1.991399221706191103e+00
6.731088859676341372e+02 1.511705999613148999e+00
7.004835889747865849e+02 1.094833435880401051e+00
7.289586254801055247e+02 7.627758587572280868e-01
7.585701976129386139e+02 5.540296279818126557e-01
7.893515052823995575e+02 4.235369920509430841e-01
8.213310142121109720e+02 3.580074799472569569e-01
8.545304211155444136e+02 3.216695858358484261e-01
8.889624193990282492e+02 2.985655163743891616e-01
9.246284339302386570e+02 2.927861823110656236e-01
9.615165504432834496e+02 2.894693665291846463e-01
9.995998995529876083e+02 2.862624438461033871e-01
1.038835753864709659e+03 2.835262413116503288e-01
1.079165551233300903e+03 2.818106573748464516e-01
1.120515968331905697e+03 2.801235998662075510e-01
1.162801046890547923e+03 2.788320949873867027e-01
1.205925239728646602e+03 2.783723038571901398e-01
1.249787119568815569e+03 2.779960231510977264e-01
1.294283404486861400e+03 2.787640237170420088e-01
1.339312917076338408e+03 2.793535590228113930e-01
1.384780116410664505e+03 2.798613115566276899e-01
1.430597916693953721e+03 2.803711767811356004e-01
1.476689617560558190e+03 2.813320366351567681e-01
1.522989895704746459e+03 2.830120782371094434e-01
1.569444922931980500e+03 2.848468833854301829e-01
1.616011763702747430e+03 2.862459726991796183e-01
1.662657255827527706e+03 2.874258425288830909e-01
1.709356590155306321e+03 2.880028066166339107e-01
1.756091785299432559e+03 2.894108753595800998e-01
1.802850212541913379e+03 2.901031280892076847e-01
1.849623276043146234e+03 2.910643237072522149e-01
1.896405304705227536e+03 2.927200102647304902e-01
1.943192671562524538e+03 2.939408759665282922e-01
1.989983127782061501e+03 2.951125945945873852e-01
2.036775321471865482e+03 2.969829061712203067e-01
2.083568464632670839e+03 2.983063952017369069e-01
2.130362111883347097e+03 2.999557353222141454e-01
2.177156019117707729e+03 3.017503186051884723e-01
2.223950056593461341e+03 3.033195386683550376e-01
2.270744157437526155e+03 3.046174170118004509e-01
2.317538288223024210e+03 3.063945837785230775e-01
2.364332432746060931e+03 3.077338323679729704e-01
2.411126583388941071e+03 3.081681251724014969e-01
2.457920736678657249e+03 3.086846765042106644e-01
2.504714891079664540e+03 3.089954676971683467e-01
2.551509045933572907e+03 3.092250957310302417e-01
2.598303200966628083e+03 3.092872904825959557e-01
2.645097356068455611e+03 3.093090423547479872e-01
2.691891511195901785e+03 3.095704196785013518e-01
2.738685666332607525e+03 3.100598133920832167e-01
2.785479821472560616e+03 3.099849750546987970e-01
2.832273976613618288e+03 3.106627596189916463e-01
2.879068131755040667e+03 3.118645458539616167e-01
2.925862286896579462e+03 3.136038115644830260e-01
2.972656442038155092e+03 3.152498132635871420e-01
3.019450597179740271e+03 3.169099225223067640e-01
3.066244752321330452e+03 3.189104544555866338e-01
3.113038907462920633e+03 3.206119538203214270e-01
3.159833062604510815e+03 3.214736995332332925e-01
3.206627217746100996e+03 3.223742015707770081e-01
3.253421372887691177e+03 3.224165998216143580e-01
3.300215528029281359e+03 3.230100974004286862e-01
3.347009683170871540e+03 3.232207882148129263e-01
3.393803838312461721e+03 3.228270304517775746e-01
3.440597993454051903e+03 3.228865765998443771e-01
3.487392148595642084e+03 3.231080880547484435e-01
3.534186303737232265e+03 3.233545878492217196e-01
3.580980458878822446e+03 3.235608189666497325e-01
3.627774614020412628e+03 3.238401213828696057e-01
3.674568769162002809e+03 3.244208700870203632e-01
3.721362924303592990e+03 3.250836964028850362e-01
3.768157079445183626e+03 3.263593485922575144e-01
3.814951234586773808e+03 3.270881907253885834e-01
3.861745389728363989e+03 3.271931576928326368e-01
3.908539544869954170e+03 3.278842343573648010e-01
3.955333700011544352e+03 3.289527549034036991e-01
4.002127855153134533e+03 3.294961601970216591e-01
4.048922010294724714e+03 3.288965845145091493e-01
4.095716165436314441e+03 3.283095281798056320e-01
4.142510320577905077e+03 3.285913459100745504e-01
4.189304475719494803e+03 3.278057217417368885e-01
4.236098630861085439e+03 3.280888775033807270e-01
4.282892786002675166e+03 3.293925334909930114e-01
4.329686941144265802e+03 3.298815802781321915e-01
4.376481096285855529e+03 3.294334800391762186e-01
4.423275251427446165e+03 3.300322805362151946e-01
4.470069406569035891e+03 3.302273092840671831e-01
4.516863561710625618e+03 3.312153933875878753e-01
4.563657716852216254e+03 3.311935490428342121e-01
4.610451871993805980e+03 3.307446340742657420e-01
4.657246027135396616e+03 3.302525074774775860e-01
4.704040182276986343e+03 3.298371845872136165e-01
4.750834337418576979e+03 3.302319810263686373e-01
4.797628492560166706e+03 3.304324712673462061e-01
4.844422647701757342e+03 3.296859122856530822e-01
4.891216802843347068e+03 3.298228603343744680e-01
4.938010957984937704e+03 3.299545011687548546e-01
4.984805113126527431e+03 3.298306639590875555e-01
5.031599268268118067e+03 3.306207641165818112e-01
5.078393423409707793e+03 3.313704704667507772e-01
5.125187578551298429e+03 3.318263839357131206e-01
5.171981733692888156e+03 3.314021156533511481e-01
5.218775888834477882e+03 3.301129211878486291e-01
5.265570043976068519e+03 3.303739975766453729e-01
5.312364199117658245e+03 3.302927539441937732e-01
5.359158354259248881e+03 3.291698377335129377e-01
5.405952509400838608e+03 3.288010672740241946e-01
5.452746664542429244e+03 3.289276032499413027e-01
5.499540819684018970e+03 3.298742075066860568e-01
5.546334974825609606e+03 3.296374043853999569e-01
5.593129129967199333e+03 3.287896748921389500e-01
5.639923285108789969e+03 3.287219949365639549e-01
5.686717440250379695e+03 3.287669858139689039e-01
5.733511595391970332e+03 3.271746149745055066e-01
5.780305750533560058e+03 3.255455934296447862e-01
5.827099905675150694e+03 3.253812766489870834e-01
5.873894060816740421e+03 3.252078123122125186e-01
5.920688215958331057e+03 3.250388436961336724e-01
5.967482371099920783e+03 3.255891496957229458e-01
6.014276526241511419e+03 3.258986933322670643e-01
6.061070681383102055e+03 3.263250607788433233e-01
6.107864836524691782e+03 3.265323577342394978e-01
6.154658991666282418e+03 3.253663866969402907e-01
6.201453146807872145e+03 3.244364043759105920e-01
6.248247301949462781e+03 3.238794331009458571e-01
6.295041457091052507e+03 3.227722215803327521e-01
6.341835612232642234e+03 3.223097523606467951e-01
6.388629767374232870e+03 3.233676979858586265e-01
6.435423922515822596e+03 3.246785451910068065e-01
6.482218077657413232e+03 3.254178082182015430e-01
6.529012232799002959e+03 3.247121380987119110e-01
6.575806387940593595e+03 3.233629663175875968e-01
6.622600543082183322e+03 3.217444313497262454e-01
6.669394698223773958e+03 3.206689542344755561e-01
6.716188853365363684e+03 3.220155469225868816e-01
6.762983008506954320e+03 3.235929563316645718e-01
6.809777163648544047e+03 3.247596927641585585e-01
6.856571318790134683e+03 3.259832583584207910e-01
6.903365473931724409e+03 3.239276144375787814e-01
6.950159629073315045e+03 3.238912134253441044e-01
6.996953784214904772e+03 3.232244612069496426e-01
7.043747939356495408e+03 3.244453088706000243e-01
7.090542094498085135e+03 3.238367823673793944e-01
7.137336249639674861e+03 3.256856651391058510e-01
7.184130404781265497e+03 3.233117730914819021e-01
7.230924559922855224e+03 3.222260993327135115e-01
7.277718715064445860e+03 3.120327673452516493e-01
7.324512870206035586e+03 3.083006675119496776e-01
7.371307025347626222e+03 2.892367468579574719e-01
7.418101180489215949e+03 2.751803716814417711e-01
7.464895335630806585e+03 2.439837323956204895e-01
