# Columns: yplus T_rms_plus | Case=jet_M16_T75 | x*=-14.979769
3.972872292011550566e-01 2.776980450724767735e+00
1.163895798977353291e+00 2.779527849862138300e+00
1.933662896402779552e+00 2.809213474337191041e+00
2.707444271745670150e+00 2.905597638531012272e+00
3.486188573050152506e+00 3.103079064298715384e+00
4.270924833374535545e+00 3.410746793664457321e+00
5.062749990844043424e+00 3.809716434522563144e+00
5.862817512424354227e+00 4.266705696932894476e+00
6.672327792893854692e+00 4.748675037332788840e+00
7.492520632498930411e+00 5.229708484997634521e+00
8.324669804699542652e+00 5.692095672246444416e+00
9.170079527353742321e+00 6.124672555308420030e+00
1.003008254324347881e+01 6.521327093378305406e+00
1.090603948193627737e+01 6.879407720249650637e+00
1.179933919186699853e+01 7.198679172191870812e+00
1.271139977706270052e+01 7.480486981232914445e+00
1.364367012932640932e+01 7.727051276055915352e+00
1.459763180188319964e+01 7.941120617828543615e+00
1.557480111782997412e+01 8.125539662961243081e+00
1.657673144374625807e+01 8.283018742051654115e+00
1.760501558573190550e+01 8.416027598897967366e+00
1.866128828353305735e+01 8.526859636770863560e+00
1.974722879033594580e+01 8.617452880124711001e+00
2.086456353317171519e+01 8.689677347086956161e+00
2.201506885324065976e+01 8.745228864260177204e+00
2.320057382796717960e+01 8.785996876854127891e+00
2.442296317800411742e+01 8.813863619905099256e+00
2.568418026319902125e+01 8.830619896730931728e+00
2.698623017200326402e+01 8.837661531174614282e+00
2.833118290910946868e+01 8.836333890278387670e+00
2.972117668633051579e+01 8.827811682082934652e+00
3.115842132192929625e+01 8.813157450044014851e+00
3.264520175379442435e+01 8.793282083552881545e+00
3.418388167204341954e+01 8.769174070659325082e+00
3.577690727682742278e+01 8.742045319438721762e+00
3.742681116731084501e+01 8.713085217957518225e+00
3.913621636800869652e+01 8.683093076602220961e+00
4.090784049888264917e+01 8.652181048192856494e+00
4.274450009582515264e+01 8.620106093250605284e+00
4.464911508840084053e+01 8.586775577380693747e+00
4.662471344196335110e+01 8.552075660336456053e+00
4.867443597152814050e+01 8.515562374093276432e+00
5.080154133505402569e+01 8.476847907189670295e+00
5.300941121407222312e+01 8.436067504731719069e+00
5.530155568989837889e+01 8.393652408577656487e+00
5.768161882397565421e+01 8.348921872555447266e+00
6.015338445121946620e+01 8.302744352636240777e+00
6.272078219557522516e+01 8.257144726870043527e+00
6.538789371735195743e+01 8.215492672707270572e+00
6.815895920226360261e+01 8.179177014223922626e+00
7.103838410249539947e+01 8.148691227604228260e+00
7.403074614051109847e+01 8.123671346603648757e+00
7.714080258673652679e+01 8.104031016862622394e+00
8.037349782268897513e+01 8.086729276637669273e+00
8.373397120157729034e+01 8.067886838581097564e+00
8.722756521886778103e+01 8.046478125739870535e+00
9.085983400580764169e+01 8.021781866535237171e+00
9.463655215940723053e+01 7.995413622186206659e+00
9.856372392292009010e+01 7.969421155723181549e+00
1.026475927314152159e+02 7.945174938258007025e+00
1.068946511376181263e+02 7.921653811993411232e+00
1.113116511337996997e+02 7.899314637265769434e+00
1.159056148861235158e+02 7.875417227081989324e+00
1.206838458985167506e+02 7.856478466759225121e+00
1.256539406238129146e+02 7.841701838549260728e+00
1.308238005406265358e+02 7.830300690525031193e+00
1.362016447151586078e+02 7.825140519218244606e+00
1.417960228679044121e+02 7.818624360487697267e+00
1.476158289660373555e+02 7.810361832380769975e+00
1.536703153630769521e+02 7.802641290190310386e+00
1.599691075083218266e+02 7.793492862483237360e+00
1.665222192494315721e+02 7.785086686398027922e+00
1.733400687524859052e+02 7.773375161151478530e+00
1.804334950648314759e+02 7.757844270737713543e+00
1.878137753470472546e+02 7.742929537075258217e+00
1.954926428014245516e+02 7.734714081276656827e+00
2.034823053254638126e+02 7.728322484988238372e+00
2.117954649200441963e+02 7.720074854418399468e+00
2.204453378831212262e+02 7.707525407389570482e+00
2.294456758210556870e+02 7.688170261978426012e+00
2.388107875109797078e+02 7.665681399818962127e+00
2.485555616489571946e+02 7.644016034924890235e+00
2.586954905201081374e+02 7.613492386772559684e+00
2.692466946283385028e+02 7.582339045039370617e+00
2.802259483248621450e+02 7.547660744992383819e+00
2.916507064763319477e+02 7.505904085701471828e+00
3.035391322151539271e+02 7.449497349499367260e+00
3.159101258165103445e+02 7.380238952981694744e+00
3.287833547488871204e+02 7.306978417101725576e+00
3.421792849477115510e+02 7.232176164235752935e+00
3.561192133653432847e+02 7.155782687543968734e+00
3.706253018554085088e+02 7.055620829880295375e+00
3.857206124551737503e+02 6.953790154527538014e+00
4.014291441346699116e+02 6.830238993936585068e+00
4.177758710800487734e+02 6.674176966731375948e+00
4.347867825569078377e+02 6.492235247120643038e+00
4.524889243254976350e+02 6.268034305342962575e+00
4.709104413914249676e+02 6.001273677258655681e+00
4.900806214601736315e+02 5.666113434001635696e+00
5.100299376364289969e+02 5.262793852096558922e+00
5.307900873924713778e+02 4.820149517673576689e+00
5.523940222511860156e+02 4.311437712135975708e+00
5.748759585540167336e+02 3.707677585869777914e+00
5.982713537110524840e+02 3.114247499950038467e+00
6.226168242675788633e+02 2.554388426919251831e+00
6.479499722457602502e+02 2.037188492146464025e+00
6.743090755822253186e+02 1.561106809710097743e+00
7.017325891680770837e+02 1.126823464134062203e+00
7.302583982063416670e+02 7.633756035025798248e-01
7.599227693767247729e+02 5.205621681866462458e-01
7.907589617855772985e+02 3.944005426374847523e-01
8.227954919124490516e+02 3.294235188581267626e-01
8.560540951572274935e+02 3.058150697075181501e-01
8.905474875592722128e+02 2.959388641987137913e-01
9.262770965268755390e+02 2.903454788579460932e-01
9.632309865503638093e+02 2.859878625893443882e-01
1.001382240334992275e+03 2.819459460200459122e-01
1.040688054300859903e+03 2.789699070494526256e-01
1.081089761883339861e+03 2.765642550445945314e-01
1.122513909016111938e+03 2.747331313555277377e-01
1.164874384160947557e+03 2.733299217571447670e-01
1.208075469771464896e+03 2.720550577701320583e-01
1.252015557719947765e+03 2.719013735523428954e-01
1.296591181924934745e+03 2.718093570054196384e-01
1.341700984575183156e+03 2.716881746984311508e-01
1.387249254389461385e+03 2.724040616106344070e-01
1.433148750293191597e+03 2.725476811443011682e-01
1.479322635159817764e+03 2.734296230532760608e-01
1.525705469208614886e+03 2.749181504439481283e-01
1.572243328266457638e+03 2.764552150149791054e-01
1.618893200237439714e+03 2.784029248112317445e-01
1.665621863802060943e+03 2.797986516693692360e-01
1.712404465573245943e+03 2.811255861242503151e-01
1.759222992102556873e+03 2.827636215642801432e-01
1.806064792154312499e+03 2.841307944258775198e-01
1.852921254562062586e+03 2.862488262293239605e-01
1.899786698116028901e+03 2.880539530464825138e-01
1.946657489383502025e+03 2.891247496929944538e-01
1.993531375521715518e+03 2.903220094941613150e-01
2.040407002228199644e+03 2.905850020893480656e-01
2.087283580098643142e+03 2.905615085644752682e-01
2.134160662957777276e+03 2.909451036024934822e-01
2.181038006264160686e+03 2.916602363348784754e-01
2.227915480044164724e+03 2.926210014413196947e-01
2.274793017305468766e+03 2.941979314465426043e-01
2.321670584561593387e+03 2.960625861521122282e-01
2.368548165579751640e+03 2.975417392671821371e-01
2.415425752728665429e+03 2.986620603901289916e-01
2.462303342529134625e+03 2.996974401270969812e-01
2.509180933442875812e+03 2.998208225523375514e-01
2.556058524810326162e+03 3.000485166201505849e-01
2.602936116357243009e+03 3.010169781138805623e-01
2.649813707973054534e+03 3.021736383520612912e-01
2.696691299614530180e+03 3.027448582361205176e-01
2.743568891265282218e+03 3.038190720634953990e-01
2.790446482919287064e+03 3.050135003209336615e-01
2.837324074574398765e+03 3.057024953698689873e-01
2.884201666229876082e+03 3.070369903280469881e-01
2.931079257885469360e+03 3.079592210913391637e-01
2.977956849541099928e+03 3.085697813033114745e-01
3.024834441196740045e+03 3.095212844337323355e-01
3.071712032852385164e+03 3.100780296017819349e-01
3.118589624508030283e+03 3.103848133532297049e-01
3.165467216163675403e+03 3.105752607423907796e-01
3.212344807819320522e+03 3.119062687992195659e-01
3.259222399474965641e+03 3.132289254490486230e-01
3.306099991130610306e+03 3.133585724881774448e-01
3.352977582786255425e+03 3.133087987297571986e-01
3.399855174441900544e+03 3.134584303688507934e-01
3.446732766097545664e+03 3.133596653483968208e-01
3.493610357753190783e+03 3.135636670303274531e-01
3.540487949408835448e+03 3.147134900765984344e-01
3.587365541064480567e+03 3.156636431847959501e-01
3.634243132720125686e+03 3.163053336214680100e-01
3.681120724375770806e+03 3.171220376842547317e-01
3.727998316031415925e+03 3.169671388434754378e-01
3.774875907687061499e+03 3.167794930726353098e-01
3.821753499342706618e+03 3.178901685876545091e-01
3.868631090998351738e+03 3.188645555266259035e-01
3.915508682653996402e+03 3.183502350227562783e-01
3.962386274309641522e+03 3.185366594317917133e-01
4.009263865965286641e+03 3.181897242277937909e-01
4.056141457620931760e+03 3.183096324034280222e-01
4.103019049276576879e+03 3.188568632261796765e-01
4.149896640932221999e+03 3.200367805148451872e-01
4.196774232587867118e+03 3.213393849074696607e-01
4.243651824243512237e+03 3.222626786667860399e-01
4.290529415899156447e+03 3.228153291117880630e-01
4.337407007554801567e+03 3.226569341405686742e-01
4.384284599210446686e+03 3.230932719057487135e-01
4.431162190866091805e+03 3.235627782425553045e-01
4.478039782521736925e+03 3.232405949466211625e-01
4.524917374177382044e+03 3.221817794427119797e-01
4.571794965833027163e+03 3.209745156759790663e-01
4.618672557488672282e+03 3.212627534701317789e-01
4.665550149144317402e+03 3.224844054358604328e-01
4.712427740799962521e+03 3.224454694184590298e-01
4.759305332455607640e+03 3.224629279868360121e-01
4.806182924111251850e+03 3.249979036318185743e-01
4.853060515766896970e+03 3.270371898231606012e-01
4.899938107422542089e+03 3.265149004861838677e-01
4.946815699078187208e+03 3.252683022945619951e-01
4.993693290733832328e+03 3.252434924205121480e-01
5.040570882389477447e+03 3.248667867740657189e-01
5.087448474045122566e+03 3.239978455517585898e-01
5.134326065700767685e+03 3.237755038649760553e-01
5.181203657356412805e+03 3.237076872226696267e-01
5.228081249012057924e+03 3.241670119690229224e-01
5.274958840667703043e+03 3.257787411780630471e-01
5.321836432323347253e+03 3.261925169063141228e-01
5.368714023978992373e+03 3.253010354478227395e-01
5.415591615634637492e+03 3.258517423537861668e-01
5.462469207290282611e+03 3.258831758710563076e-01
5.509346798945927731e+03 3.249460063155150680e-01
5.556224390601572850e+03 3.235556858415299941e-01
5.603101982257217969e+03 3.228185316716443154e-01
5.649979573912863088e+03 3.226396025278359669e-01
5.696857165568508208e+03 3.229770565800390569e-01
5.743734757224153327e+03 3.230271919190167429e-01
5.790612348879797537e+03 3.237271131225326615e-01
5.837489940535442656e+03 3.230814673518032643e-01
5.884367532191087776e+03 3.221859868816627226e-01
5.931245123846732895e+03 3.224894109950741661e-01
5.978122715502378014e+03 3.226259797723843858e-01
6.025000307158024043e+03 3.225463271004602173e-01
6.071877898813669162e+03 3.220663881087537650e-01
6.118755490469314282e+03 3.216540463082907531e-01
6.165633082124958491e+03 3.217176773302516390e-01
6.212510673780603611e+03 3.222414954952616539e-01
6.259388265436248730e+03 3.212499571513674490e-01
6.306265857091893849e+03 3.207736527434861262e-01
6.353143448747538969e+03 3.211320121941749206e-01
6.400021040403184088e+03 3.211521455397485236e-01
6.446898632058829207e+03 3.205296087755594159e-01
6.493776223714474327e+03 3.211392860627915180e-01
6.540653815370119446e+03 3.219126118660953217e-01
6.587531407025764565e+03 3.216408293096731930e-01
6.634408998681409685e+03 3.206052038943660865e-01
6.681286590337053894e+03 3.198949559089360184e-01
6.728164181992699014e+03 3.206295851100295358e-01
6.775041773648344133e+03 3.215383153104250380e-01
6.821919365303989252e+03 3.221834669381839489e-01
6.868796956959634372e+03 3.229810533500150349e-01
6.915674548615279491e+03 3.224035584808926380e-01
6.962552140270924610e+03 3.231437737976505797e-01
7.009429731926569730e+03 3.220984884922282188e-01
7.056307323582214849e+03 3.234358828842424649e-01
7.103184915237859968e+03 3.231570863530953686e-01
7.150062506893505088e+03 3.251853938348356343e-01
7.196940098549149297e+03 3.215049644391482220e-01
7.243817690204794417e+03 3.194887852148490803e-01
7.290695281860439536e+03 3.099917469734638775e-01
7.337572873516084655e+03 3.070146136164756956e-01
7.384450465171729775e+03 2.875163762262031852e-01
7.431328056827374894e+03 2.721915992572200849e-01
7.478205648483020013e+03 2.408563970776309571e-01
