# Columns: yplus T_rms_plus | Case=jet_M08_T05 | x*=-14.979769
3.990089055286068498e-01 2.698440808373346655e+00
1.168939635520372944e+00 2.701545992328200363e+00
1.942042580896294446e+00 2.732378558043246031e+00
2.719177200387580484e+00 2.830767013894261996e+00
3.501296253081353171e+00 3.031531489719969663e+00
4.289433231433873672e+00 3.343609908220332549e+00
5.084689827240419291e+00 3.747462590528668258e+00
5.888224506109016154e+00 4.209230524641431437e+00
6.701242864825872836e+00 4.695548650781175226e+00
7.524990076411978812e+00 5.180462577471722341e+00
8.360745434327563785e+00 5.646400747833646427e+00
9.209818808364209630e+00 6.082403050410573719e+00
1.007354871685246067e+01 6.482509860386555189e+00
1.095330168575807761e+01 6.844273058068098159e+00
1.185047258220289912e+01 7.167662495011636103e+00
1.276648565568243221e+01 7.453990824594750819e+00
1.370279607688947188e+01 7.705427353289089787e+00
1.466089181947977238e+01 7.924225121838577302e+00
1.564229577765897261e+01 8.112397962454860334e+00
1.664856804964624715e+01 8.271929164202667550e+00
1.768130834409546992e+01 8.404984991835757313e+00
1.874215848502962700e+01 8.514078340857057725e+00
1.983280500281439984e+01 8.601919906517494496e+00
2.095498180609205363e+01 8.671172374950899098e+00
2.211047293398108238e+01 8.724221700273472990e+00
2.330111539036077772e+01 8.763118942135619704e+00
2.452880206347331438e+01 8.789491028228482605e+00
2.579548473487325211e+01 8.804785141253628211e+00
2.710317718222487215e+01 8.810395239572914150e+00
2.845395838075349459e+01 8.807671268785211893e+00
2.984997580838575004e+01 8.797517370573954665e+00
3.129344885981064195e+01 8.780856324972139859e+00
3.278667237487984210e+01 8.758352175462494671e+00
3.433202028695311014e+01 8.730867812559873542e+00
3.593194939698770440e+01 8.699237415659618833e+00
3.758900327937126207e+01 8.664796505310549790e+00
3.930581632570760320e+01 8.628404095536154728e+00
4.108511793298420400e+01 8.591058037197932151e+00
4.292973684277953339e+01 8.552656690125077787e+00
4.484260563840904723e+01 8.513209247246232181e+00
4.682676540715905134e+01 8.471826151173720731e+00
4.888537057502080785e+01 8.428692957735687941e+00
5.102169392161084005e+01 8.383867801005306930e+00
5.323913178325068429e+01 8.339537971411184358e+00
5.554120945247715468e+01 8.297571158406928049e+00
5.793158678256828154e+01 8.259197050875084045e+00
6.041406400599400683e+01 8.223255940074952974e+00
6.299258777604281079e+01 8.188622564534057346e+00
6.567125744122866138e+01 8.153733028335135913e+00
6.845433156245307771e+01 8.119091790608544912e+00
7.134623468328454976e+01 8.085091335808114010e+00
7.435156436411720904e+01 8.052458465320661674e+00
7.747509849139287041e+01 8.021855485846499434e+00
8.072180287350589367e+01 7.993355850159023390e+00
8.409683913546773226e+01 7.966379655453714292e+00
8.760557292488076087e+01 7.940631714184535284e+00
9.125358244226893589e+01 7.914859348458044508e+00
9.504666730932564178e+01 7.888734250899045009e+00
9.899085778917799416e+01 7.865568197564538622e+00
1.030924243733256134e+02 7.847607963410711207e+00
1.073578877504961895e+02 7.832407703529540299e+00
1.117940291732649314e+02 7.817331743797129029e+00
1.164079012389202745e+02 7.800807095043424511e+00
1.212068391017140954e+02 7.782866194237759494e+00
1.261984721343224436e+02 7.766335724639035654e+00
1.313907360570561877e+02 7.750051846337880690e+00
1.367918855541042547e+02 7.738149688075832699e+00
1.424105073968668762e+02 7.728540059851225941e+00
1.482555340952432914e+02 7.714838868540671690e+00
1.543362580985749730e+02 7.696896672205918222e+00
1.606623465688233523e+02 7.678863892004617497e+00
1.672438567494663744e+02 7.669259030621870643e+00
1.740912519545487953e+02 7.664407874197062931e+00
1.812154182033052336e+02 7.654940559820437862e+00
1.886276815268017231e+02 7.640894357621495381e+00
1.963398259741103686e+02 7.629400225386210543e+00
2.043641123466423721e+02 7.604375820943579001e+00
2.127132976904246675e+02 7.571897402901837104e+00
2.214006555773084415e+02 7.545635076584066958e+00
2.304399972073524339e+02 7.536460077905842603e+00
2.398456933659312824e+02 7.525012376022674587e+00
2.496326972704770526e+02 7.496974872334789985e+00
2.598165683431797675e+02 7.459287756629158217e+00
2.704134969474524155e+02 7.412860372059898673e+00
2.814403301275159492e+02 7.372777489085487801e+00
2.929145983920990943e+02 7.324879460806310583e+00
3.048545435850106742e+02 7.259146820391438659e+00
3.172791478873033384e+02 7.195601265087747223e+00
3.302081639980278851e+02 7.122263273085148505e+00
3.436621465433973981e+02 7.033788325940300901e+00
3.576624847678363039e+02 6.942217051694461460e+00
3.722314365651553203e+02 6.860068851063394924e+00
3.873921639138238788e+02 6.755733621102841369e+00
4.031687697853498094e+02 6.590145066719793832e+00
4.195863365935396700e+02 6.430631887340341635e+00
4.366709662305746065e+02 6.249094957434385478e+00
4.544498216616938180e+02 6.030988223379424973e+00
4.729511698611613042e+02 5.768309673631074830e+00
4.922044254551004201e+02 5.447183813079742976e+00
5.122401936058594174e+02 5.056298897077457610e+00
5.330903091492774593e+02 4.585189400980074659e+00
5.547878664063279075e+02 4.042466850847916682e+00
5.773672299977370130e+02 3.481440244662676431e+00
6.008640109911466425e+02 2.914870705619459823e+00
6.253149846126019611e+02 2.332069185612186679e+00
6.507579158356703601e+02 1.842239313440962700e+00
6.772312484775135317e+02 1.416918207891441961e+00
7.047736040766141059e+02 1.004674104243005184e+00
7.334230320145884434e+02 7.018795698243029957e-01
7.632159561357309485e+02 5.173845864806290162e-01
7.941857796774185090e+02 4.251920980135023842e-01
8.263611426976708572e+02 3.683967988432357288e-01
8.597638747884878967e+02 3.256559771256934965e-01
8.944067470952138592e+02 2.897528741969668253e-01
9.302911932119305902e+02 2.797941601224188113e-01
9.674052259054680007e+02 2.754959915309716512e-01
1.005721811232808477e+03 2.721921985114494347e-01
1.045197960121276765e+03 2.696850358780598089e-01
1.085774751769945397e+03 2.676705742526808707e-01
1.127378413793359186e+03 2.659959806266261606e-01
1.169922461481976597e+03 2.644061337662962363e-01
1.213310762489690205e+03 2.635593973917965127e-01
1.257441268361747234e+03 2.627037673757279812e-01
1.302210064638057702e+03 2.623120743305521474e-01
1.347515354265108954e+03 2.626374760592648516e-01
1.393261011189094461e+03 2.625253165793650090e-01
1.439359416269186340e+03 2.629264427986452990e-01
1.485733399398928668e+03 2.636372284873972349e-01
1.532317237209015957e+03 2.646825898084592121e-01
1.579056771841558657e+03 2.657187254661538267e-01
1.625908804804255851e+03 2.666704986141176792e-01
1.672839970810333625e+03 2.677034443304646683e-01
1.719825308768553668e+03 2.690177289169857211e-01
1.766846727167743666e+03 2.697664268856583281e-01
1.813891519947069582e+03 2.710652317020578739e-01
1.860951038622895112e+03 2.723140208639575066e-01
1.908019577365459782e+03 2.736866702288376918e-01
1.955093486996280262e+03 2.751256778222672672e-01
2.002170504909713600e+03 2.770560709371214236e-01
2.049249270934310971e+03 2.789956337736557712e-01
2.096328992244813890e+03 2.805227134261936706e-01
2.143409220732416543e+03 2.818842477164872906e-01
2.190489710795937754e+03 2.832042031953976302e-01
2.237570331898496988e+03 2.841075559729999700e-01
2.284651016757458365e+03 2.850906113773972184e-01
2.331731731741224849e+03 2.863872471387229890e-01
2.378812460546664170e+03 2.868568331607576627e-01
2.425893195509426732e+03 2.870589109309198417e-01
2.472973933135235711e+03 2.874423347728150557e-01
2.520054671879141097e+03 2.880295107846636005e-01
2.567135411078721972e+03 2.883597898317338259e-01
2.614216150458546508e+03 2.893268672946644471e-01
2.661296889907564946e+03 2.911992969552810728e-01
2.708377629382358464e+03 2.923814844207160424e-01
2.755458368866468390e+03 2.934915374898344198e-01
2.802539108353845677e+03 2.946499794149692320e-01
2.849619847842334366e+03 2.950083796596949526e-01
2.896700587331190036e+03 2.956667666603056688e-01
2.943781326820162576e+03 2.959475444245239784e-01
2.990862066309171951e+03 2.966934253163420743e-01
3.037942805798191785e+03 2.975860634047481357e-01
3.085023545287216166e+03 2.988395148392800071e-01
3.132104284776240547e+03 3.003475006075489451e-01
3.179185024265264474e+03 3.014035688041069583e-01
3.226265763754288855e+03 3.029066772336683200e-01
3.273346503243313236e+03 3.041262660163429055e-01
3.320427242732337618e+03 3.045430703400597294e-01
3.367507982221361999e+03 3.048987914782396169e-01
3.414588721710386380e+03 3.051775789618404455e-01
3.461669461199410762e+03 3.048186890147582817e-01
3.508750200688434688e+03 3.047783762704644461e-01
3.555830940177459070e+03 3.045103847032682998e-01
3.602911679666483451e+03 3.047589226791813100e-01
3.649992419155507832e+03 3.059064732956187083e-01
3.697073158644532214e+03 3.073272440414986373e-01
3.744153898133556595e+03 3.080536719785244570e-01
3.791234637622581431e+03 3.082951174008368711e-01
3.838315377111605812e+03 3.081118074110835159e-01
3.885396116600630194e+03 3.085508520322813864e-01
3.932476856089654575e+03 3.096170064060443372e-01
3.979557595578678956e+03 3.104827668521584760e-01
4.026638335067702883e+03 3.119010265852023567e-01
4.073719074556727264e+03 3.129165427143459355e-01
4.120799814045752100e+03 3.124714513036765395e-01
4.167880553534775572e+03 3.116758756962357824e-01
4.214961293023799954e+03 3.113663016453337984e-01
4.262042032512824335e+03 3.106945887480573876e-01
4.309122772001848716e+03 3.095221639710321604e-01
4.356203511490873098e+03 3.096570843171632670e-01
4.403284250979897479e+03 3.113027913917092437e-01
4.450364990468921860e+03 3.119329340090706282e-01
4.497445729957946241e+03 3.109545460810607120e-01
4.544526469446970623e+03 3.107298367942177286e-01
4.591607208935995004e+03 3.110114757105869598e-01
4.638687948425019385e+03 3.106605698279581995e-01
4.685768687914043767e+03 3.112442366064565591e-01
4.732849427403068148e+03 3.127361805739730105e-01
4.779930166892092529e+03 3.135236353790884500e-01
4.827010906381116911e+03 3.123206025426116805e-01
4.874091645870140383e+03 3.117688934871338802e-01
4.921172385359164764e+03 3.118139643055957699e-01
4.968253124848189145e+03 3.115119184244062867e-01
5.015333864337213527e+03 3.119964748871775218e-01
5.062414603826237908e+03 3.125574825239733068e-01
5.109495343315262289e+03 3.124796142054570569e-01
5.156576082804286671e+03 3.112372116608769779e-01
5.203656822293311052e+03 3.102405207448201696e-01
5.250737561782335433e+03 3.093246586492406358e-01
5.297818301271359815e+03 3.094202268366805786e-01
5.344899040760384196e+03 3.104936782957548602e-01
5.391979780249408577e+03 3.101988076548338191e-01
5.439060519738432959e+03 3.100614108034959182e-01
5.486141259227457340e+03 3.096851563580922395e-01
5.533221998716480812e+03 3.084592949927853489e-01
5.580302738205505193e+03 3.089935355602909661e-01
5.627383477694529574e+03 3.114258835945512005e-01
5.674464217183553956e+03 3.118853455366881744e-01
5.721544956672578337e+03 3.110366427573814652e-01
5.768625696161602718e+03 3.102740354416591573e-01
5.815706435650627100e+03 3.109194786678027844e-01
5.862787175139651481e+03 3.118379550990938998e-01
5.909867914628675862e+03 3.118000656030825990e-01
5.956948654117700244e+03 3.114251762048353411e-01
6.004029393606724625e+03 3.095141072601982901e-01
6.051110133095749006e+03 3.095638450620857296e-01
6.098190872584773388e+03 3.101238624291793866e-01
6.145271612073797769e+03 3.108055177965634019e-01
6.192352351562822150e+03 3.116705978592794746e-01
6.239433091051846532e+03 3.112466072730304956e-01
6.286513830540870913e+03 3.115138665829017550e-01
6.333594570029895294e+03 3.120164917188207321e-01
6.380675309518919676e+03 3.122256763444503647e-01
6.427756049007944057e+03 3.115759225877550165e-01
6.474836788496968438e+03 3.106599980233449854e-01
6.521917527985992820e+03 3.101941249240103282e-01
6.568998267475017201e+03 3.092500808085432706e-01
6.616079006964041582e+03 3.093847772341313251e-01
6.663159746453065964e+03 3.098825275350319264e-01
6.710240485942089435e+03 3.101248076557598932e-01
6.757321225431113817e+03 3.107050328530447381e-01
6.804401964920138198e+03 3.112338369323928156e-01
6.851482704409162579e+03 3.106687278703791355e-01
6.898563443898186961e+03 3.115925348271439410e-01
6.945644183387211342e+03 3.129375207108701651e-01
6.992724922876235723e+03 3.143088365060073830e-01
7.039805662365260105e+03 3.145817153333930194e-01
7.086886401854284486e+03 3.154672149277041315e-01
7.133967141343308867e+03 3.133288899355169410e-01
7.181047880832333249e+03 3.130181238204160499e-01
7.228128620321357630e+03 3.098331450971967826e-01
7.275209359810382011e+03 3.104727967151540979e-01
7.322290099299406393e+03 3.023539417752063030e-01
7.369370838788430774e+03 2.999706470973070305e-01
7.416451578277454246e+03 2.822159796488329375e-01
7.463532317766478627e+03 2.694804564614643461e-01
7.510613057255503008e+03 2.381213469773572899e-01
