# Columns: yplus T_rms_plus | Case=jet_M08_T75 | x*=-14.979769
3.965309531669533039e-01 2.807853851228089948e+00
1.161680206744890587e+00 2.810668136340629619e+00
1.929981975398308736e+00 2.840129675433850753e+00
2.702290380389093638e+00 2.934651002350622040e+00
3.479552263914801546e+00 3.127816279435119640e+00
4.262794700166244510e+00 3.428996530703314338e+00
5.053112539137051940e+00 3.820420011862299514e+00
5.851657052052999575e+00 4.269911391751418428e+00
6.659626348620776959e+00 4.745088272354997194e+00
7.478257869002820080e+00 5.220444513986432611e+00
8.308822961903723936e+00 5.678521801668434676e+00
9.152623362472212420e+00 6.108267319914993720e+00
1.001098927648085635e+01 6.503447382784209196e+00
1.088527874340251778e+01 6.861113038574064404e+00
1.177687796785995111e+01 7.180669192679922652e+00
1.268720235437715260e+01 7.463097859579738369e+00
1.361769803664648215e+01 7.710285958585888721e+00
1.456984374760804890e+01 7.924529441094934512e+00
1.554515292388586545e+01 8.108393175502083494e+00
1.654517597507057758e+01 8.264579121111983895e+00
1.757150267519609699e+01 8.395800667763655412e+00
1.862576465211771293e+01 8.504718119721148994e+00
1.970963796239501420e+01 8.593878586247807760e+00
2.082484574663237353e+01 8.665575679719381696e+00
2.197316096458668966e+01 8.721748257083310918e+00
2.315640921185027068e+01 8.763963574738495410e+00
2.437647162132142142e+01 8.793699400803067334e+00
2.563528785346757033e+01 8.812364268087245378e+00
2.693485917985338673e+01 8.821495745330167892e+00
2.827725166471022433e+01 8.822497139288213219e+00
2.966459944955060735e+01 8.816573074363917684e+00
3.109910814602702089e+01 8.804443778937075749e+00
3.258305834241993892e+01 8.787012047244461499e+00
3.411880922932599702e+01 8.765204540246836373e+00
3.570880235030932681e+01 8.740035326166578855e+00
3.735556548347815209e+01 8.712561091731767959e+00
3.906171666015760024e+01 8.683539325619749505e+00
4.082996832704752421e+01 8.653377876247112965e+00
4.266313165848220734e+01 8.622174576627061882e+00
4.456412102564787858e+01 8.590029087095238935e+00
4.653595862986284004e+01 8.556694897714866244e+00
4.858177930728656690e+01 8.522103469532648745e+00
5.070483551269607148e+01 8.485886032471427143e+00
5.290850249025303498e+01 8.448927931251596135e+00
5.519628363948175576e+01 8.411899354336005885e+00
5.757181608498943604e+01 8.374797062353602328e+00
6.003887645878271684e+01 8.337124979078303966e+00
6.260138690437424458e+01 8.299682088262724022e+00
6.526342131222381227e+01 8.263280893721701048e+00
6.802921179642713412e+01 8.228801048840185928e+00
7.090315542294996476e+01 8.195830831104593983e+00
7.388982120010282983e+01 8.165280655695033474e+00
7.699395734237076283e+01 8.137122665191995452e+00
8.022049881914564651e+01 8.110629250768850440e+00
8.357457520036268761e+01 8.084431770087887159e+00
8.706151881151296834e+01 8.059346517383671582e+00
9.068687321099852738e+01 8.036188932794329887e+00
9.445640200330592506e+01 8.017210143551549706e+00
9.837609800201026644e+01 7.999528269944023329e+00
1.024521927571765048e+02 7.979724347339482549e+00
1.066911664623057874e+02 7.958474541722673656e+00
1.110997582565753561e+02 7.937050337089425867e+00
1.156849769387521718e+02 7.914238545722263041e+00
1.204541121098121295e+02 7.893432770578031388e+00
1.254147457619798871e+02 7.875307673885633797e+00
1.305747643326139951e+02 7.863171188838574466e+00
1.359423712420996821e+02 7.857605896964781067e+00
1.415260999356829359e+02 7.848523096243146924e+00
1.473348274499797697e+02 7.842306020634434383e+00
1.533777885257280502e+02 7.839420486983620151e+00
1.596645902892195465e+02 7.837382710601322522e+00
1.662052275257517806e+02 7.836261466454343960e+00
1.730100985693819098e+02 7.828429591325288150e+00
1.800900218342441974e+02 7.815344322448470216e+00
1.874562530137129386e+02 7.797984046174339490e+00
1.951205029747536344e+02 7.787029948128426859e+00
2.030949563759110958e+02 7.776948422441573250e+00
2.113922910385335285e+02 7.771285668841403371e+00
2.200256981020294802e+02 7.765348945963501670e+00
2.290089029951996906e+02 7.743710123643052334e+00
2.383561872569857485e+02 7.710972274390497816e+00
2.480824112413273497e+02 7.684987048553133526e+00
2.582030377422279344e+02 7.661357261036268795e+00
2.687341565765997302e+02 7.620017501677329719e+00
2.796925101639988043e+02 7.571901249667996936e+00
2.910955201439910525e+02 7.521644656674896012e+00
3.029613150736407192e+02 7.471446153655118216e+00
3.153087592495630815e+02 7.410888357029903339e+00
3.281574827012478863e+02 7.356730230461656639e+00
3.415279124051644430e+02 7.285354950913842664e+00
3.554413047727903745e+02 7.192034451302282250e+00
3.699197794704437570e+02 7.093536777603484111e+00
3.849863546344931819e+02 6.979274303232887000e+00
4.006649835505262445e+02 6.853974810250014649e+00
4.169805928638299406e+02 6.710720184332291893e+00
4.339591223668315934e+02 6.526444406040619484e+00
4.516275663354680887e+02 6.314447989828061658e+00
4.700140161985089549e+02 6.072999325678369864e+00
4.891477039093570625e+02 5.792574385695171024e+00
5.090590445640908115e+02 5.423102315815516938e+00
5.297796752956770661e+02 4.948304874547300614e+00
5.513424849004765065e+02 4.394814589554743023e+00
5.737816245857002286e+02 3.815066373093290775e+00
5.971324842647053401e+02 3.213839720713738135e+00
6.214316107795158359e+02 2.602608521130710617e+00
6.467165345730807076e+02 2.004713939336149053e+00
6.730254607161421063e+02 1.463723665461464485e+00
7.003967708970662898e+02 1.038632993401777282e+00
7.288682782006003436e+02 6.901327478844699881e-01
7.584761802691931507e+02 5.062878137329119843e-01
7.892536728971547291e+02 4.119627414486813910e-01
8.212292182800600813e+02 3.281495092869456398e-01
8.544245104422859640e+02 3.033324043939789605e-01
8.888522412169371592e+02 2.963317963224210705e-01
9.245138352950915532e+02 2.913132655112460334e-01
9.613973798875135799e+02 2.870679584608885615e-01
9.994760089392250393e+02 2.833995806110471971e-01
1.038707000351226498e+03 2.800851052099577743e-01
1.079031799236573534e+03 2.776471921792730835e-01
1.120377091356118171e+03 2.761448498750853631e-01
1.162656929093569943e+03 2.747378856263972824e-01
1.205775777110484341e+03 2.740289083682253546e-01
1.249632220700393191e+03 2.735167167873464034e-01
1.294122990739884926e+03 2.738832702840043876e-01
1.339146922362462647e+03 2.743182794432527105e-01
1.384608486482905391e+03 2.749832289515811157e-01
1.430420608098758748e+03 2.761471146579465574e-01
1.476506596350634027e+03 2.773823731841777995e-01
1.522801136028982910e+03 2.783454488104059599e-01
1.569250405610744792e+03 2.796833273755103821e-01
1.615811474877846422e+03 2.806140324500738248e-01
1.662451185750896684e+03 2.819977809031746219e-01
1.709144732153731866e+03 2.834811672149203932e-01
1.755874134928317744e+03 2.847231848126406395e-01
1.802626766921867102e+03 2.864988685186980466e-01
1.849394033360147660e+03 2.882746144265932453e-01
1.896170263848132890e+03 2.898929354673905889e-01
1.942951831869716898e+03 2.911753493240447077e-01
1.989736488870644735e+03 2.923224342390303154e-01
2.036522883126497163e+03 2.939223304307227447e-01
2.083310226735673041e+03 2.955209274256644369e-01
2.130098074372243445e+03 2.970554381015987344e-01
2.176886181960275280e+03 2.983812312563432489e-01
2.223674419773557929e+03 2.985770812046864564e-01
2.270462720947297839e+03 2.991220834126528394e-01
2.317251052058760251e+03 2.998448216974538005e-01
2.364039396906058755e+03 3.005760333302822662e-01
2.410827747872442160e+03 3.014210873926264078e-01
2.457616101485333274e+03 3.023081853879625025e-01
2.504404456209377713e+03 3.028193496627564207e-01
2.551192811386267749e+03 3.036635913999520264e-01
2.597981166742281857e+03 3.050760792308231384e-01
2.644769522167060131e+03 3.067326589836178452e-01
2.691557877617453414e+03 3.070406883558591815e-01
2.738346233077105808e+03 3.081056505302215975e-01
2.785134588540004188e+03 3.090867335904381452e-01
2.831922944004008059e+03 3.100892980922919651e-01
2.878711299468376183e+03 3.123592809374145518e-01
2.925499654932860267e+03 3.145264097714525198e-01
2.972288010397381640e+03 3.162468341280427198e-01
3.019076365861912564e+03 3.165303404896221973e-01
3.065864721326448489e+03 3.163420037968587839e-01
3.112653076790984414e+03 3.160930292564262389e-01
3.159441432255519885e+03 3.162164624690159132e-01
3.206229787720055810e+03 3.163828457197381261e-01
3.253018143184591736e+03 3.172912984782265133e-01
3.299806498649127207e+03 3.169340843560097820e-01
3.346594854113663132e+03 3.171843746706908829e-01
3.393383209578199057e+03 3.179667755760705039e-01
3.440171565042734528e+03 3.173153744081648742e-01
3.486959920507270454e+03 3.171282192506318931e-01
3.533748275971806379e+03 3.179376290232898694e-01
3.580536631436341850e+03 3.181496700197297689e-01
3.627324986900877775e+03 3.185429848776695216e-01
3.674113342365413700e+03 3.213625137839103418e-01
3.720901697829949171e+03 3.236038276623496301e-01
3.767690053294486006e+03 3.238448099175354478e-01
3.814478408759021477e+03 3.233142712318368139e-01
3.861266764223557402e+03 3.232640982316871137e-01
3.908055119688093328e+03 3.230337332792289629e-01
3.954843475152628798e+03 3.231363555680862865e-01
4.001631830617164724e+03 3.233013899103751587e-01
4.048420186081700649e+03 3.239930258086898274e-01
4.095208541546236120e+03 3.237998686412628113e-01
4.141996897010772045e+03 3.231525388866765547e-01
4.188785252475307971e+03 3.223113492820171011e-01
4.235573607939843896e+03 3.228166863276261123e-01
4.282361963404379821e+03 3.247892034794119254e-01
4.329150318868914837e+03 3.266478596760318820e-01
4.375938674333450763e+03 3.274965462009518657e-01
4.422727029797986688e+03 3.278293807587238651e-01
4.469515385262522614e+03 3.277184077203459389e-01
4.516303740727058539e+03 3.273250274527060855e-01
4.563092096191594464e+03 3.274286893942903176e-01
4.609880451656129480e+03 3.273930354064250592e-01
4.656668807120665406e+03 3.263647211585215535e-01
4.703457162585201331e+03 3.256407165392362635e-01
4.750245518049737257e+03 3.250794810346199215e-01
4.797033873514273182e+03 3.259028046198125250e-01
4.843822228978809108e+03 3.275910502607363717e-01
4.890610584443344123e+03 3.288186058708212345e-01
4.937398939907880049e+03 3.292642100819069828e-01
4.984187295372415974e+03 3.288312591665865647e-01
5.030975650836951900e+03 3.291848294779550210e-01
5.077764006301487825e+03 3.296441839830098197e-01
5.124552361766023751e+03 3.286674433422845931e-01
5.171340717230558766e+03 3.269172906574302484e-01
5.218129072695094692e+03 3.260112807624104825e-01
5.264917428159630617e+03 3.260379096300969337e-01
5.311705783624166543e+03 3.279238583227058190e-01
5.358494139088702468e+03 3.274261074263700722e-01
5.405282494553238394e+03 3.258723818522602511e-01
5.452070850017774319e+03 3.258394511875110089e-01
5.498859205482309335e+03 3.255722845970510648e-01
5.545647560946845260e+03 3.244153239076211781e-01
5.592435916411381186e+03 3.238388901795500319e-01
5.639224271875917111e+03 3.226784687355118142e-01
5.686012627340453037e+03 3.214352729263116326e-01
5.732800982804988962e+03 3.221154702419778970e-01
5.779589338269523978e+03 3.240309031235227288e-01
5.826377693734059903e+03 3.256440616164050783e-01
5.873166049198595829e+03 3.257527478420968459e-01
5.919954404663131754e+03 3.244172377561645448e-01
5.966742760127667680e+03 3.237523910053554110e-01
6.013531115592203605e+03 3.232935700422396863e-01
6.060319471056739530e+03 3.217510149463018165e-01
6.107107826521275456e+03 3.216532979224087097e-01
6.153896181985811381e+03 3.234662982811687959e-01
6.200684537450347307e+03 3.240254689381143471e-01
6.247472892914883232e+03 3.244875965131077677e-01
6.294261248379418248e+03 3.236995887242094527e-01
6.341049603843954173e+03 3.222802156866637069e-01
6.387837959308490099e+03 3.212610322707666888e-01
6.434626314773026024e+03 3.199328201890867529e-01
6.481414670237561950e+03 3.191723330989972851e-01
6.528203025702097875e+03 3.201657745238130071e-01
6.574991381166632891e+03 3.217049230758597944e-01
6.621779736631168817e+03 3.225337879305743560e-01
6.668568092095704742e+03 3.225741753903538234e-01
6.715356447560240667e+03 3.217976769486716182e-01
6.762144803024776593e+03 3.205263082858718637e-01
6.808933158489312518e+03 3.206050851173748995e-01
6.855721513953847534e+03 3.211310620204819166e-01
6.902509869418383460e+03 3.219361590949352814e-01
6.949298224882919385e+03 3.243946898655246658e-01
6.996086580347455310e+03 3.249865672546488060e-01
7.042874935811991236e+03 3.270118708072508595e-01
7.089663291276527161e+03 3.252540466884765724e-01
7.136451646741062177e+03 3.247227982079023967e-01
7.183240002205598103e+03 3.204870883055221387e-01
7.230028357670134028e+03 3.194025240059741866e-01
7.276816713134669953e+03 3.117484287871427062e-01
7.323605068599205879e+03 3.107041346880676236e-01
7.370393424063741804e+03 2.924895048452018642e-01
7.417181779528277730e+03 2.776735494225615053e-01
7.463970134992812746e+03 2.441566217892893742e-01
