# Columns: yplus T_rms_plus | Case=jet_M16_T05 | x*=-14.979769
3.991904675981458039e-01 2.707941887193875186e+00
1.169471541190774122e+00 2.709744207436348695e+00
1.942926273629050016e+00 2.737705423396981530e+00
2.720414514725944422e+00 2.831183441227502318e+00
3.502889457105048177e+00 3.024551207619020410e+00
4.291385063495408048e+00 3.327070678244567592e+00
5.087003526998008951e+00 3.720295650594069858e+00
5.890903840360523169e+00 4.171612175367281239e+00
6.704292148955031116e+00 4.648433831653338899e+00
7.528414192396867932e+00 5.125020897097254391e+00
8.364549846266525535e+00 5.583981497508202274e+00
9.214009576389074141e+00 6.014593809168411909e+00
1.007813251016456846e+01 6.410839737904155733e+00
1.095828579537266556e+01 6.769836081847408593e+00
1.185586493384525042e+01 7.090765256555815021e+00
1.277229482315781439e+01 7.374173826615223248e+00
1.370903129615329874e+01 7.621735038752704305e+00
1.466756300356401077e+01 7.835765410346452242e+00
1.564941353256213574e+01 8.018938685837140312e+00
1.665614369126243943e+01 8.174029976420319699e+00
1.768935391623842079e+01 8.303951764311934269e+00
1.875068677859656319e+01 8.411650787388637696e+00
1.984182957612888387e+01 8.500012241645615418e+00
2.096451700646264271e+01 8.571588205400036742e+00
2.212053392051234724e+01 8.628623181520206131e+00
2.331171815805398495e+01 8.672814068216707639e+00
2.453996346865562472e+01 8.705413420026458127e+00
2.580722252199612043e+01 8.727262207108841707e+00
2.711551001207428868e+01 8.739237372420058492e+00
2.846690586011699509e+01 8.742270421193218510e+00
2.986355852122339627e+01 8.737485416254054726e+00
3.130768839997947950e+01 8.725619092636476282e+00
3.280159138046392542e+01 8.707257841386939035e+00
3.434764247625361122e+01 8.682868887905597077e+00
3.594829960623038545e+01 8.653654723403816362e+00
3.760610750219122167e+01 8.620897180879120825e+00
3.932370175447405813e+01 8.585718447032634870e+00
4.110381300203105326e+01 8.548629034146506100e+00
4.294927127361037122e+01 8.509865388001900399e+00
4.486301048694856064e+01 8.469634759395576751e+00
4.684807311312585654e+01 8.428266624171570243e+00
4.890761501350024787e+01 8.386652082277732845e+00
5.104491045690976847e+01 8.345589469638483138e+00
5.326335732511977739e+01 8.306245802784214760e+00
5.556648251479020928e+01 8.269114947652090208e+00
5.795794754455174314e+01 8.234082486515331922e+00
6.044155437610405812e+01 8.199546854710041188e+00
6.302125145859164945e+01 8.164771655260430805e+00
6.570114000586579550e+01 8.128389288055394957e+00
6.848548051661218494e+01 8.090822406676297263e+00
7.137869954771095138e+01 8.052678199109317703e+00
7.438539675159618980e+01 8.015152722461476031e+00
7.751035218880394950e+01 7.980181176661818476e+00
8.075853392733340286e+01 7.949300464436767300e+00
8.413510594090379868e+01 7.921011897626913267e+00
8.764543631866219187e+01 7.896132252092154857e+00
9.129510579939579884e+01 7.874329729857349136e+00
9.508991664381505871e+01 7.854457554907610550e+00
9.903590185901356335e+01 7.837450558812544266e+00
1.031393347897691086e+02 7.819213413502088983e+00
1.074067390919355205e+02 7.796018623021354621e+00
1.118448991037791558e+02 7.772187033854336846e+00
1.164608706317503106e+02 7.752175989208164530e+00
1.212619921678353450e+02 7.737381237640564180e+00
1.262558965563237621e+02 7.725080876666587493e+00
1.314505231285381228e+02 7.712394482779058258e+00
1.368541303248179304e+02 7.700482835001312587e+00
1.424753088238245482e+02 7.691671667922481248e+00
1.483229952000406229e+02 7.686376995198179962e+00
1.544064861311752850e+02 7.678408375582196577e+00
1.607354531780640059e+02 7.669277243973046332e+00
1.673199581605586275e+02 7.659414749734243522e+00
1.741704691538532188e+02 7.642373582805636723e+00
1.812978771306761985e+02 7.619703962898412897e+00
1.887135132758073439e+02 7.598631713216955852e+00
1.964291670004454886e+02 7.583042078830475319e+00
2.044571046850664970e+02 7.577328145087503408e+00
2.128100891805694062e+02 7.564941372475491477e+00
2.215014000987136455e+02 7.538662278776477876e+00
2.305448549241046123e+02 7.518266490052166517e+00
2.399548309812931279e+02 7.511586902985819769e+00
2.497462882919129754e+02 7.494225862444700681e+00
2.599347933581989309e+02 7.469205798786598294e+00
2.705365439107075076e+02 7.440804477531000494e+00
2.815683946596145120e+02 7.394940098330139655e+00
2.930478840906019968e+02 7.339605070027306333e+00
3.049932623481127507e+02 7.282251930882926771e+00
3.174235202507113058e+02 7.221903155640270633e+00
3.303584194855707779e+02 7.143071758495130652e+00
3.438185240319298259e+02 7.060890906527539812e+00
3.578252328670168936e+02 6.954737970728339214e+00
3.724008140127105548e+02 6.853654203469967676e+00
3.875684399869360846e+02 6.760285195687194992e+00
4.033522247288397011e+02 6.618744957050082256e+00
4.197772620655445621e+02 6.443041240181561768e+00
4.368696657664443137e+02 6.263107542930437255e+00
4.546566111568134829e+02 6.048961276882414140e+00
4.731663780733116482e+02 5.768519792843776806e+00
4.924283945266765841e+02 5.433443387493359644e+00
5.124732796056040343e+02 5.055769278461457183e+00
5.333328826318218034e+02 4.608442849740312930e+00
5.550403129852993516e+02 4.085030918551801449e+00
5.776299509237862821e+02 3.516198169189991951e+00
6.011374237191220118e+02 2.935387097055638606e+00
6.255995233312793289e+02 2.397440544870798718e+00
6.510540319181208133e+02 1.890984479276614838e+00
6.775394107899991241e+02 1.417900631149758395e+00
7.050942990594568300e+02 1.013836937581382269e+00
7.337567634218203239e+02 6.669264868247054556e-01
7.635632442954214412e+02 4.833588614747476586e-01
7.945471601171999509e+02 4.046737308142844824e-01
8.267371639773361949e+02 3.499160933074111357e-01
8.601550954010068608e+02 3.010720947798284919e-01
8.948137313448438590e+02 2.840015632207259499e-01
9.307145060552608129e+02 2.784219997329801521e-01
9.678454268445059370e+02 2.741069457558048539e-01
1.006179447468235367e+03 2.707970015118862928e-01
1.045673559292343270e+03 2.682589591109776350e-01
1.086268814705015529e+03 2.661854369486646998e-01
1.127891407751954603e+03 2.648411282788205034e-01
1.170454814370254553e+03 2.641158935047524525e-01
1.213862858470454512e+03 2.635597543850627944e-01
1.258013445162425342e+03 2.626396297529491330e-01
1.302802612701607586e+03 2.620291438790857685e-01
1.348128517713508018e+03 2.624262031773916815e-01
1.393894990403829752e+03 2.630748511939411394e-01
1.440014371762177234e+03 2.644056106260694317e-01
1.486409456567178268e+03 2.650438632475894951e-01
1.533014491543250188e+03 2.665111335503664858e-01
1.579775294188911403e+03 2.677162863522820069e-01
1.626648646355137544e+03 2.687419849752958889e-01
1.673601167572860732e+03 2.694054312699974418e-01
1.720607885392731760e+03 2.697382967280923527e-01
1.767650700071350229e+03 2.703565486001596185e-01
1.814716899766210418e+03 2.714703656807421206e-01
1.861797832058333370e+03 2.721267766308969605e-01
1.908887788521620223e+03 2.735816786565726799e-01
1.955983118317092249e+03 2.751295257503860725e-01
2.003081557809547348e+03 2.766483049492693969e-01
2.050181746208613731e+03 2.780506843371498005e-01
2.097282890328272060e+03 2.796494422946098068e-01
2.144384541855812131e+03 2.811116250825923535e-01
2.191486455078296331e+03 2.822499208342389432e-01
2.238588499399445936e+03 2.827524196421071223e-01
2.285690607506008746e+03 2.839408068991458034e-01
2.332792745751084567e+03 2.849829988403294045e-01
2.379894897824121927e+03 2.859241766211648161e-01
2.426997056057285135e+03 2.876857076199110241e-01
2.474099216954705753e+03 2.895838670895369282e-01
2.521201378970732549e+03 2.913024919792988610e-01
2.568303541442641290e+03 2.924650004769306921e-01
2.615405704094876000e+03 2.936121988228138080e-01
2.662507866816335991e+03 2.942947228528892123e-01
2.709610029563582884e+03 2.947474121225928667e-01
2.756712192320150734e+03 2.957358755140488960e-01
2.803814355079986854e+03 2.966549613348068992e-01
2.850916517840935285e+03 2.967617902242125627e-01
2.898018680602250697e+03 2.968034871826205623e-01
2.945120843363682980e+03 2.968344264888014838e-01
2.992223006125152551e+03 2.974060989868744231e-01
3.039325168886632127e+03 2.982242924923648730e-01
3.086427331648116251e+03 2.989630731349496306e-01
3.133529494409600375e+03 2.997103796798677999e-01
3.180631657171084498e+03 3.008949227613380573e-01
3.227733819932568622e+03 3.021112980693020922e-01
3.274835982694052746e+03 3.024788586896262621e-01
3.321938145455537324e+03 3.029391513618224785e-01
3.369040308217021447e+03 3.037078084894728747e-01
3.416142470978505571e+03 3.045789215369034686e-01
3.463244633739989695e+03 3.050923357070516873e-01
3.510346796501473818e+03 3.066425201027453973e-01
3.557448959262957942e+03 3.083106838826172313e-01
3.604551122024442066e+03 3.084682042029960325e-01
3.651653284785926644e+03 3.091187472206681774e-01
3.698755447547410768e+03 3.092433327342529181e-01
3.745857610308894891e+03 3.087924972305223226e-01
3.792959773070379470e+03 3.095289463811521924e-01
3.840061935831864048e+03 3.097680772124498105e-01
3.887164098593348172e+03 3.096100595307109127e-01
3.934266261354832295e+03 3.099159070208671318e-01
3.981368424116316419e+03 3.109940346355526408e-01
4.028470586877800542e+03 3.111907001571915243e-01
4.075572749639284666e+03 3.110065886384729694e-01
4.122674912400769244e+03 3.111042267997389255e-01
4.169777075162252913e+03 3.120953364590144385e-01
4.216879237923737492e+03 3.120706065761594816e-01
4.263981400685221161e+03 3.115079950002856424e-01
4.311083563446705739e+03 3.126508521179859335e-01
4.358185726208189408e+03 3.136906149695947166e-01
4.405287888969673986e+03 3.148937385285129342e-01
4.452390051731158565e+03 3.147217348681701221e-01
4.499492214492642233e+03 3.131580918376185019e-01
4.546594377254126812e+03 3.116686803749420531e-01
4.593696540015610481e+03 3.116676650507500534e-01
4.640798702777095059e+03 3.129040344686475628e-01
4.687900865538578728e+03 3.126730093893899110e-01
4.735003028300063306e+03 3.118128322351797488e-01
4.782105191061547885e+03 3.116916966433768699e-01
4.829207353823031553e+03 3.130169654414233782e-01
4.876309516584516132e+03 3.144515282151080227e-01
4.923411679345999801e+03 3.144092714317905934e-01
4.970513842107484379e+03 3.153144987183514325e-01
5.017616004868968048e+03 3.161629520906616420e-01
5.064718167630452626e+03 3.152066555202843734e-01
5.111820330391937205e+03 3.138062497312021915e-01
5.158922493153420874e+03 3.130746331351724199e-01
5.206024655914905452e+03 3.126239895257062473e-01
5.253126818676389121e+03 3.117398458271068429e-01
5.300228981437873699e+03 3.114383912814582267e-01
5.347331144199357368e+03 3.120131448214836234e-01
5.394433306960841946e+03 3.125158399510457596e-01
5.441535469722326525e+03 3.121119798429748404e-01
5.488637632483810194e+03 3.121158362772707973e-01
5.535739795245294772e+03 3.132707991894396193e-01
5.582841958006778441e+03 3.132228666324526900e-01
5.629944120768263019e+03 3.131167583834147949e-01
5.677046283529746688e+03 3.121933501911436371e-01
5.724148446291231267e+03 3.117218291203559533e-01
5.771250609052714935e+03 3.116702139187450538e-01
5.818352771814199514e+03 3.121917203473661417e-01
5.865454934575684092e+03 3.125517288920846015e-01
5.912557097337167761e+03 3.129344704724103532e-01
5.959659260098652339e+03 3.127275886814171457e-01
6.006761422860136008e+03 3.117757418926199731e-01
6.053863585621621496e+03 3.117670045828109249e-01
6.100965748383105165e+03 3.136152632930654938e-01
6.148067911144589743e+03 3.129794456082173881e-01
6.195170073906073412e+03 3.106322657695642642e-01
6.242272236667557991e+03 3.104380597979701228e-01
6.289374399429041659e+03 3.114913981108548557e-01
6.336476562190526238e+03 3.111334127392153537e-01
6.383578724952010816e+03 3.115715401188408618e-01
6.430680887713494485e+03 3.118265761903897260e-01
6.477783050474979063e+03 3.123879510734500764e-01
6.524885213236462732e+03 3.123323982633502971e-01
6.571987375997947311e+03 3.108934701601085426e-01
6.619089538759430980e+03 3.100258461298205925e-01
6.666191701520915558e+03 3.096793143368500312e-01
6.713293864282400136e+03 3.102865077651001946e-01
6.760396027043883805e+03 3.115477103546658855e-01
6.807498189805368384e+03 3.137209006766004116e-01
6.854600352566852052e+03 3.145703862890610880e-01
6.901702515328336631e+03 3.139665066023782369e-01
6.948804678089820300e+03 3.131762421120390383e-01
6.995906840851304878e+03 3.137730450425111339e-01
7.043009003612788547e+03 3.133102210683674227e-01
7.090111166374273125e+03 3.135904544667343918e-01
7.137213329135757704e+03 3.129042637508018809e-01
7.184315491897241372e+03 3.155063744553437965e-01
7.231417654658725951e+03 3.135954214415552221e-01
7.278519817420209620e+03 3.136733229065057360e-01
7.325621980181694198e+03 3.033711071764672029e-01
7.372724142943177867e+03 2.999922845444880082e-01
7.419826305704662445e+03 2.814765243346294410e-01
7.466928468466147024e+03 2.665445162028005077e-01
7.514030631227630693e+03 2.351027703213634246e-01
