# Columns: yplus Trms_plus | Inflow reference | x*=-15.00
3.990089055286068498e-01 2.698440808359918286e+00
1.168939635520372944e+00 2.701545992331170432e+00
1.942042580896294446e+00 2.732378558063514262e+00
2.719177200387580484e+00 2.830767013905945095e+00
3.501296253081353171e+00 3.031531489707853133e+00
4.289433231433873672e+00 3.343609908223805771e+00
5.084689827240419291e+00 3.747462590534664351e+00
5.888224506109016154e+00 4.209230524650519278e+00
6.701242864825872836e+00 4.695548650782316535e+00
7.524990076411978812e+00 5.180462577478807340e+00
8.360745434327563785e+00 5.646400747821302524e+00
9.209818808364209630e+00 6.082403050413815571e+00
1.007354871685246067e+01 6.482509860384201517e+00
1.095330168575807761e+01 6.844273058069954452e+00
1.185047258220289912e+01 7.167662495008033652e+00
1.276648565568243221e+01 7.453990824598546894e+00
1.370279607688947188e+01 7.705427353286464331e+00
1.466089181947977238e+01 7.924225121845347886e+00
1.564229577765897261e+01 8.112397962451005640e+00
1.664856804964624715e+01 8.271929164204768981e+00
1.768130834409546992e+01 8.404984991829747898e+00
1.874215848502962700e+01 8.514078340858839411e+00
1.983280500281439984e+01 8.601919906516306114e+00
2.095498180609205363e+01 8.671172374954178252e+00
2.211047293398108238e+01 8.724221700270264890e+00
2.330111539036077772e+01 8.763118942133866440e+00
2.452880206347331438e+01 8.789491028232982117e+00
2.579548473487325211e+01 8.804785141254269476e+00
2.710317718222487215e+01 8.810395239583623805e+00
2.845395838075349459e+01 8.807671268783277441e+00
2.984997580838575004e+01 8.797517370568829875e+00
3.129344885981064195e+01 8.780856324965148119e+00
3.278667237487984210e+01 8.758352175468553824e+00
3.433202028695311014e+01 8.730867812558619434e+00
3.593194939698770440e+01 8.699237415657341543e+00
3.758900327937126207e+01 8.664796505300135010e+00
3.930581632570760320e+01 8.628404095538158458e+00
4.108511793298420400e+01 8.591058037191801944e+00
4.292973684277953339e+01 8.552656690127742323e+00
4.484260563840904723e+01 8.513209247248457956e+00
4.682676540715905134e+01 8.471826151174477459e+00
4.888537057502080785e+01 8.428692957729300161e+00
5.102169392161084005e+01 8.383867801006962495e+00
5.323913178325068429e+01 8.339537971416424611e+00
5.554120945247715468e+01 8.297571158409494885e+00
5.793158678256828154e+01 8.259197050873714474e+00
6.041406400599400683e+01 8.223255940083879167e+00
6.299258777604281079e+01 8.188622564531829795e+00
6.567125744122866138e+01 8.153733028336446864e+00
6.845433156245307771e+01 8.119091790615502902e+00
7.134623468328454976e+01 8.085091335811695146e+00
7.435156436411720904e+01 8.052458465315957881e+00
7.747509849139287041e+01 8.021855485842703359e+00
8.072180287350589367e+01 7.993355850158094356e+00
8.409683913546773226e+01 7.966379655450628761e+00
8.760557292488076087e+01 7.940631714182249112e+00
9.125358244226893589e+01 7.914859348460961286e+00
9.504666730932564178e+01 7.888734250900776068e+00
9.899085778917799416e+01 7.865568197571782605e+00
1.030924243733256134e+02 7.847607963408607112e+00
1.073578877504961895e+02 7.832407703533475818e+00
1.117940291732649314e+02 7.817331743798955124e+00
1.164079012389202745e+02 7.800807095049317574e+00
1.212068391017140954e+02 7.782866194236163437e+00
1.261984721343224436e+02 7.766335724641821869e+00
1.313907360570561877e+02 7.750051846346152296e+00
1.367918855541042547e+02 7.738149688074273058e+00
1.424105073968668762e+02 7.728540059852000432e+00
1.482555340952432914e+02 7.714838868538728356e+00
1.543362580985749730e+02 7.696896672203068945e+00
1.606623465688233523e+02 7.678863891997617763e+00
1.672438567494663744e+02 7.669259030621709883e+00
1.740912519545487953e+02 7.664407874188705172e+00
1.812154182033052336e+02 7.654940559812792422e+00
1.886276815268017231e+02 7.640894357624977928e+00
1.963398259741103686e+02 7.629400225386889112e+00
2.043641123466423721e+02 7.604375820945851849e+00
2.127132976904246675e+02 7.571897402908938091e+00
2.214006555773084415e+02 7.545635076583793399e+00
2.304399972073524339e+02 7.536460077905603683e+00
2.398456933659312824e+02 7.525012376018593407e+00
2.496326972704770526e+02 7.496974872329479567e+00
2.598165683431797675e+02 7.459287756625842647e+00
2.704134969474524155e+02 7.412860372057058278e+00
2.814403301275159492e+02 7.372777489082394275e+00
2.929145983920990943e+02 7.324879460799530229e+00
3.048545435850106742e+02 7.259146820389653421e+00
3.172791478873033384e+02 7.195601265091661425e+00
3.302081639980278851e+02 7.122263273080475798e+00
3.436621465433973981e+02 7.033788325938077790e+00
3.576624847678363039e+02 6.942217051700625419e+00
3.722314365651553203e+02 6.860068851062611550e+00
3.873921639138238788e+02 6.755733621108481302e+00
4.031687697853498094e+02 6.590145066714550914e+00
4.195863365935396700e+02 6.430631887338124741e+00
4.366709662305746065e+02 6.249094957437180575e+00
4.544498216616938180e+02 6.030988223373902279e+00
4.729511698611613042e+02 5.768309673626262679e+00
4.922044254551004201e+02 5.447183813082980386e+00
5.122401936058594174e+02 5.056298897082749377e+00
5.330903091492774593e+02 4.585189400970778095e+00
5.547878664063279075e+02 4.042466850838829728e+00
5.773672299977370130e+02 3.481440244664743222e+00
6.008640109911466425e+02 2.914870705637811366e+00
6.253149846126019611e+02 2.332069185624866314e+00
6.507579158356703601e+02 1.842239313422575187e+00
6.772312484775135317e+02 1.416918207878350877e+00
7.047736040766141059e+02 1.004674104232605503e+00
7.334230320145884434e+02 7.018795698662753102e-01
7.632159561357309485e+02 5.173845864139489104e-01
7.941857796774185090e+02 4.251920980206685408e-01
8.263611426976708572e+02 3.683967989601583115e-01
8.597638747884878967e+02 3.256559771803190784e-01
8.944067470952138592e+02 2.897528742551050418e-01
9.302911932119305902e+02 2.797941599826237469e-01
9.674052259054680007e+02 2.754959915259397873e-01
1.005721811232808477e+03 2.721921986161927043e-01
1.045197960121276765e+03 2.696850357919731711e-01
1.085774751769945397e+03 2.676705743881876987e-01
1.127378413793359186e+03 2.659959804058995569e-01
1.169922461481976597e+03 2.644061338538977179e-01
1.213310762489690205e+03 2.635593972816825947e-01
1.257441268361747234e+03 2.627037674785525079e-01
1.302210064638057702e+03 2.623120742377397785e-01
1.347515354265108954e+03 2.626374761452355266e-01
1.393261011189094461e+03 2.625253165463006799e-01
1.439359416269186340e+03 2.629264427314129682e-01
1.485733399398928668e+03 2.636372282827632585e-01
1.532317237209015957e+03 2.646825897460411414e-01
1.579056771841558657e+03 2.657187255514807944e-01
1.625908804804255851e+03 2.666704984484881136e-01
1.672839970810333625e+03 2.677034444551668058e-01
1.719825308768553668e+03 2.690177288468523775e-01
1.766846727167743666e+03 2.697664268381377850e-01
1.813891519947069582e+03 2.710652317819979840e-01
1.860951038622895112e+03 2.723140208379016824e-01
1.908019577365459782e+03 2.736866703737108608e-01
1.955093486996280262e+03 2.751256779138755992e-01
2.002170504909713600e+03 2.770560709766241025e-01
2.049249270934310971e+03 2.789956336195935638e-01
2.096328992244813890e+03 2.805227133372135695e-01
2.143409220732416543e+03 2.818842475267794301e-01
2.190489710795937754e+03 2.832042031302533514e-01
2.237570331898496988e+03 2.841075558851944849e-01
2.284651016757458365e+03 2.850906114349714415e-01
2.331731731741224849e+03 2.863872471671038977e-01
2.378812460546664170e+03 2.868568332368988116e-01
2.425893195509426732e+03 2.870589108832252156e-01
2.472973933135235711e+03 2.874423346132662926e-01
2.520054671879141097e+03 2.880295106956960449e-01
2.567135411078721972e+03 2.883597897724416992e-01
2.614216150458546508e+03 2.893268673055766071e-01
2.661296889907564946e+03 2.911992970062803887e-01
2.708377629382358464e+03 2.923814843811382569e-01
2.755458368866468390e+03 2.934915373551116313e-01
2.802539108353845677e+03 2.946499795337181316e-01
2.849619847842334366e+03 2.950083797551395492e-01
2.896700587331190036e+03 2.956667666161357233e-01
2.943781326820162576e+03 2.959475443884014290e-01
2.990862066309171951e+03 2.966934253448793024e-01
3.037942805798191785e+03 2.975860632560388130e-01
3.085023545287216166e+03 2.988395149421160801e-01
3.132104284776240547e+03 3.003475006063016095e-01
3.179185024265264474e+03 3.014035687671774433e-01
3.226265763754288855e+03 3.029066773173691995e-01
3.273346503243313236e+03 3.041262660289183462e-01
3.320427242732337618e+03 3.045430704821340262e-01
3.367507982221361999e+03 3.048987913189029619e-01
3.414588721710386380e+03 3.051775787730355294e-01
3.461669461199410762e+03 3.048186890175356711e-01
3.508750200688434688e+03 3.047783761038547201e-01
3.555830940177459070e+03 3.045103846873300490e-01
3.602911679666483451e+03 3.047589226981194943e-01
3.649992419155507832e+03 3.059064732573578138e-01
3.697073158644532214e+03 3.073272439943867118e-01
3.744153898133556595e+03 3.080536719929898859e-01
3.791234637622581431e+03 3.082951173833777814e-01
3.838315377111605812e+03 3.081118075205535600e-01
3.885396116600630194e+03 3.085508519767511393e-01
3.932476856089654575e+03 3.096170063673378547e-01
3.979557595578678956e+03 3.104827667867761098e-01
4.026638335067702883e+03 3.119010264678737099e-01
4.073719074556727264e+03 3.129165427394690613e-01
4.120799814045752100e+03 3.124714512578058989e-01
4.167880553534775572e+03 3.116758758147114006e-01
4.214961293023799954e+03 3.113663016646620596e-01
4.262042032512824335e+03 3.106945887014301855e-01
4.309122772001848716e+03 3.095221638414991094e-01
4.356203511490873098e+03 3.096570842351759056e-01
4.403284250979897479e+03 3.113027912606954328e-01
4.450364990468921860e+03 3.119329339589189676e-01
4.497445729957946241e+03 3.109545460692155205e-01
4.544526469446970623e+03 3.107298367619252266e-01
4.591607208935995004e+03 3.110114758994363404e-01
4.638687948425019385e+03 3.106605699539933818e-01
4.685768687914043767e+03 3.112442365656594712e-01
4.732849427403068148e+03 3.127361804675436452e-01
4.779930166892092529e+03 3.135236353981399327e-01
4.827010906381116911e+03 3.123206024830902372e-01
4.874091645870140383e+03 3.117688935812997220e-01
4.921172385359164764e+03 3.118139643640890357e-01
4.968253124848189145e+03 3.115119183211668696e-01
5.015333864337213527e+03 3.119964748321037984e-01
5.062414603826237908e+03 3.125574824960087317e-01
5.109495343315262289e+03 3.124796143680813598e-01
5.156576082804286671e+03 3.112372115141011086e-01
5.203656822293311052e+03 3.102405207697798151e-01
5.250737561782335433e+03 3.093246586571533063e-01
5.297818301271359815e+03 3.094202265728464019e-01
5.344899040760384196e+03 3.104936782799408435e-01
5.391979780249408577e+03 3.101988074265483175e-01
5.439060519738432959e+03 3.100614107135654662e-01
5.486141259227457340e+03 3.096851564760416675e-01
5.533221998716480812e+03 3.084592950016092350e-01
5.580302738205505193e+03 3.089935356370734909e-01
5.627383477694529574e+03 3.114258837283099823e-01
5.674464217183553956e+03 3.118853457353749081e-01
5.721544956672578337e+03 3.110366430610415622e-01
5.768625696161602718e+03 3.102740353819446462e-01
5.815706435650627100e+03 3.109194787583600128e-01
5.862787175139651481e+03 3.118379548792156730e-01
5.909867914628675862e+03 3.118000654469634259e-01
5.956948654117700244e+03 3.114251761634875271e-01
6.004029393606724625e+03 3.095141073351974637e-01
6.051110133095749006e+03 3.095638450601611580e-01
6.098190872584773388e+03 3.101238623758674762e-01
6.145271612073797769e+03 3.108055177076144981e-01
6.192352351562822150e+03 3.116705979648518032e-01
6.239433091051846532e+03 3.112466071383733768e-01
6.286513830540870913e+03 3.115138663976781963e-01
6.333594570029895294e+03 3.120164916780700515e-01
6.380675309518919676e+03 3.122256764570515153e-01
6.427756049007944057e+03 3.115759224652560055e-01
6.474836788496968438e+03 3.106599980856055154e-01
6.521917527985992820e+03 3.101941249844183957e-01
6.568998267475017201e+03 3.092500809072215029e-01
6.616079006964041582e+03 3.093847773361437792e-01
6.663159746453065964e+03 3.098825276138639784e-01
6.710240485942089435e+03 3.101248077404000769e-01
6.757321225431113817e+03 3.107050327647735144e-01
6.804401964920138198e+03 3.112338369300737262e-01
6.851482704409162579e+03 3.106687278836385291e-01
6.898563443898186961e+03 3.115925348804166606e-01
6.945644183387211342e+03 3.129375207869652398e-01
6.992724922876235723e+03 3.143088366067680051e-01
7.039805662365260105e+03 3.145817154442221431e-01
7.086886401854284486e+03 3.154672147754673528e-01
7.133967141343308867e+03 3.133288898191607941e-01
7.181047880832333249e+03 3.130181239160197415e-01
7.228128620321357630e+03 3.098331451282042015e-01
7.275209359810382011e+03 3.104727969523437547e-01
7.322290099299406393e+03 3.023539420341878059e-01
7.369370838788430774e+03 2.999706470391191870e-01
7.416451578277454246e+03 2.822159795926283965e-01
7.463532317766478627e+03 2.694804562418837701e-01
7.510613057255503008e+03 2.381213469869717658e-01
