# Columns: yplus Trms_plus | Case=jet_M12_T75 | x*=5.00
3.759867558081249062e-01 4.176189753001914085e+01
1.101493764186991964e+00 4.183463757237680625e+01
1.829989956402327866e+00 4.195884538152582621e+01
2.562285201847072535e+00 4.211355226829010689e+01
3.299277286994837688e+00 4.227077981832254494e+01
4.041940073507349851e+00 4.240538041740561681e+01
4.791311687397002750e+00 4.250339950279617796e+01
5.548483752734443719e+00 4.256151148911456517e+01
6.314592305377967563e+00 4.258320320148164484e+01
7.090810673937773423e+00 4.257461038487570448e+01
7.878344338770750355e+00 4.254160414823049052e+01
8.678427592361714460e+00 4.248970526824074767e+01
9.492321722761426273e+00 4.242553304678339288e+01
1.032131440966193026e+01 4.235528790682741374e+01
1.116672003867381413e+01 4.228400239046103337e+01
1.202988068246728126e+01 4.221347231527252575e+01
1.291216755080820455e+01 4.214342895284708845e+01
1.381498276374905210e+01 4.207412903685167294e+01
1.473976134703456964e+01 4.200667635347766549e+01
1.568797338381338768e+01 4.194248201858311376e+01
1.666112628221267045e+01 4.188296733295312180e+01
1.766076713574201662e+01 4.182847842982474162e+01
1.868848516477213906e+01 4.177937376421967741e+01
1.974591423430263504e+01 4.173450475440832719e+01
2.083473544736430583e+01 4.169522494798196988e+01
2.195667981577019745e+01 4.166299450868738319e+01
2.311353101126151799e+01 4.163624866697045945e+01
2.430712820084576364e+01 4.161251133631689214e+01
2.553936897056781419e+01 4.158988227648708857e+01
2.681221234224282313e+01 4.156783177787921346e+01
2.812768188789542023e+01 4.154841528367938253e+01
2.948786894683510695e+01 4.153017550093478150e+01
3.089493595047375862e+01 4.150945760106680638e+01
3.235111986016755026e+01 4.148757067091734996e+01
3.385873572354771710e+01 4.147127852040538443e+01
3.542018035499337714e+01 4.146886434913223241e+01
3.703793614609760709e+01 4.148199672882759614e+01
3.871457501218464614e+01 4.151110301720972728e+01
4.045276248115215623e+01 4.155155930119602203e+01
4.225526193113942242e+01 4.159734554061287781e+01
4.412493898375806367e+01 4.164473518154860443e+01
4.606476605986999573e+01 4.169537015711355110e+01
4.807782710515525082e+01 4.174949804826318456e+01
5.016732249298262758e+01 4.180286583986057991e+01
5.233657411237720680e+01 4.185105031300370371e+01
5.458903064917451786e+01 4.189356273979932865e+01
5.692827306875625482e+01 4.194112802997857870e+01
5.935802030908514837e+01 4.200836322772771325e+01
6.188213519308904864e+01 4.209968613006192584e+01
6.450463056979361909e+01 4.220891038019561847e+01
6.722967569396782039e+01 4.232474013306135419e+01
7.006160285442345526e+01 4.244123102203413822e+01
7.300491426150716734e+01 4.255979264266849782e+01
7.606428920473429400e+01 4.267622435841536088e+01
7.924459149194436236e+01 4.279184949911196867e+01
8.255087718180391221e+01 4.291490570633464330e+01
8.598840262195128048e+01 4.305657304191480250e+01
8.956263280556129303e+01 4.321943364150406808e+01
9.327925005961569127e+01 4.337502204953867135e+01
9.714416307869143452e+01 4.353149250865444486e+01
1.011635163186299451e+02 4.369403060545580075e+01
1.053436997650199203e+02 4.388240860902128304e+01
1.096913590920248680e+02 4.408950846348170671e+01
1.142134062277053204e+02 4.430530741365763703e+01
1.189170303426325574e+02 4.451593310895003697e+01
1.238097092792641263e+02 4.468280608972975187e+01
1.288992214402506988e+02 4.485754385475159722e+01
1.341936581545749334e+02 4.500994192111601677e+01
1.397014365411825452e+02 4.513456787138808579e+01
1.454313128905548353e+02 4.526867995615887708e+01
1.513923965854984317e+02 4.541277844248777029e+01
1.575941645832823781e+02 4.554904869402235335e+01
1.640464764821466872e+02 4.568374213407854967e+01
1.707595901961352638e+02 4.583959373020151418e+01
1.777441782631732679e+02 4.602816900029088742e+01
1.850113448123152011e+02 4.618577304458575128e+01
1.925726432171382783e+02 4.630725748888774973e+01
2.004400944633470658e+02 4.640062854941497505e+01
2.086262062597901092e+02 4.648270818792297376e+01
2.171439929232707300e+02 4.654787049537860355e+01
2.260069960687668527e+02 4.658797593454502106e+01
2.352293061379535004e+02 4.668290250220093185e+01
2.448255848002581274e+02 4.684164325038010190e+01
2.548110882620728148e+02 4.697819893391918100e+01
2.652016915212079766e+02 4.706267866957778523e+01
2.760139136052171693e+02 4.723774363104406149e+01
2.872649438338840469e+02 4.762023992712642695e+01
2.989726691480093450e+02 4.802075684682937151e+01
3.111557025487858255e+02 4.834340740710131712e+01
3.238334126947062828e+02 4.880036736828751032e+01
3.370259547063929517e+02 4.929373222010553945e+01
3.507543022342307495e+02 4.973515713469567601e+01
3.650402808490833308e+02 5.009231079802317055e+01
3.799066028211205435e+02 5.056835893995689446e+01
3.953769033506206370e+02 5.097097043722145315e+01
4.114757782940311017e+02 5.137329600512669003e+01
4.282288233587079844e+02 5.179711671140451301e+01
4.456626745615492950e+02 5.214452922036979743e+01
4.638050493537099328e+02 5.252765934641094248e+01
4.826847870306113464e+02 5.291341402718273201e+01
5.023318856110519732e+02 5.322701264266868293e+01
5.227775299287690132e+02 5.328234276670089997e+01
5.440541018230707095e+02 5.304842589349681958e+01
5.661951576622684570e+02 5.270587258651102047e+01
5.892353508030752209e+02 5.198164372247426002e+01
6.132102672429411996e+02 5.097748018678925064e+01
6.381561326547655426e+02 4.941797200822507818e+01
6.641093401785439028e+02 4.760830516304886828e+01
6.911057438099043111e+02 4.543564109970650833e+01
7.191796657979509746e+02 4.233540800454359498e+01
7.483625820688620252e+02 3.797956430852922693e+01
7.786814801969792370e+02 3.292426098765563580e+01
8.101569302431784081e+02 2.714296959394770070e+01
8.428009664789741464e+02 2.076470052059286431e+01
8.766149397824558491e+02 1.512130711125585236e+01
9.115875545638554058e+02 1.058827311877699806e+01
9.476933366936707444e+02 7.042956349544309269e+00
9.848917774971670269e+02 3.749672802218935175e+00
1.023127355805559887e+03 2.289032782057188076e+00
1.062330555777244626e+03 1.472878522692569137e+00
1.102419882726471087e+03 1.010337874014084925e+00
1.143304750983495751e+03 9.150416210843623777e-01
1.184889000119550474e+03 8.411465536169568935e-01
1.227074711365932671e+03 7.815046471347888435e-01
1.269765961189681775e+03 7.291208629832806043e-01
1.312872169850299542e+03 6.884276610168523769e-01
1.356310773685546337e+03 6.502719277862236691e-01
1.400009055175663207e+03 6.218282467559764770e-01
1.443905083080360782e+03 5.952246017095631503e-01
1.487947824360007189e+03 5.725667638000088155e-01
1.532096573003405183e+03 5.525763712604199185e-01
1.576319888845293463e+03 5.370028535890530863e-01
1.620594251007851653e+03 5.208966604486845453e-01
1.664902611829989837e+03 5.088294165964480920e-01
1.709232998369435336e+03 4.978783950859577700e-01
1.753577261145662760e+03 4.876219219032095764e-01
1.797930023545791983e+03 4.788720200301030405e-01
1.842287846942864462e+03 4.702309776957748211e-01
1.886648599279816381e+03 4.613681744796315765e-01
1.931010998864827798e+03 4.545475297385873636e-01
1.975374298617337899e+03 4.471182780771257859e-01
2.019738076283673536e+03 4.421295881767495772e-01
2.064102100433432497e+03 4.364084046411956241e-01
2.108466248061495207e+03 4.301540509604264706e-01
2.152830455767321382e+03 4.270562211245536033e-01
2.197194691859801878e+03 4.229962883371269911e-01
2.241558940976467511e+03 4.208264183982710072e-01
2.285923195895189565e+03 4.171874197826217490e-01
2.330287453323303907e+03 4.158011044579201232e-01
2.374651711805003288e+03 4.139025959423766610e-01
2.419015970716085576e+03 4.108132656023926743e-01
2.463380229797012362e+03 4.090352985929677221e-01
2.507744488943140368e+03 4.068260043071607601e-01
2.552108748113556430e+03 4.052695509491588965e-01
2.596473007292751390e+03 4.026587395995712693e-01
2.640837266475024535e+03 4.016178835904426481e-01
2.685201525658345872e+03 3.982040125695355259e-01
2.729565784842012363e+03 3.972824178054814581e-01
2.773930044025789357e+03 3.949199651427021118e-01
2.818294303209601367e+03 3.938120874241569092e-01
2.862658562393422471e+03 3.916045018555599500e-01
2.907022821577248124e+03 3.907091394703359200e-01
2.951387080761073776e+03 3.886105523351806035e-01
2.995751339944899428e+03 3.868778912601789632e-01
3.040115599128725080e+03 3.851672706149218972e-01
3.084479858312550732e+03 3.855600292040844979e-01
3.128844117496376384e+03 3.841453949129501333e-01
3.173208376680202036e+03 3.839525676563973478e-01
3.217572635864027689e+03 3.824691337780363742e-01
3.261936895047853795e+03 3.813203819783144155e-01
3.306301154231679448e+03 3.803192545292048976e-01
3.350665413415505100e+03 3.794144071707948873e-01
3.395029672599330752e+03 3.774881034296134197e-01
3.439393931783156404e+03 3.764713566104654907e-01
3.483758190966982056e+03 3.746745288055561840e-01
3.528122450150807708e+03 3.739821161785907844e-01
3.572486709334633815e+03 3.730189332328285312e-01
3.616850968518459467e+03 3.725263316881318731e-01
3.661215227702285574e+03 3.711230320443785757e-01
3.705579486886111226e+03 3.700635089110849152e-01
3.749943746069936878e+03 3.694350765814216064e-01
3.794308005253762531e+03 3.683145015147605283e-01
3.838672264437588183e+03 3.672864893333121494e-01
3.883036523621413835e+03 3.662590092316769241e-01
3.927400782805239487e+03 3.657152812099461747e-01
3.971765041989065139e+03 3.649543948176159347e-01
4.016129301172890791e+03 3.659366058888623985e-01
4.060493560356716443e+03 3.649754901976225985e-01
4.104857819540542550e+03 3.654329808439775173e-01
4.149222078724367748e+03 3.639828619326746506e-01
4.193586337908193855e+03 3.636300352134388958e-01
4.237950597092019052e+03 3.610629532551597465e-01
4.282314856275845159e+03 3.594408607954145962e-01
4.326679115459670356e+03 3.573855257317252732e-01
4.371043374643496463e+03 3.561269569714953787e-01
4.415407633827321661e+03 3.541320072005476605e-01
4.459771893011147768e+03 3.538949363176887020e-01
4.504136152194972965e+03 3.533169301926220029e-01
4.548500411378799072e+03 3.542703228890577982e-01
4.592864670562624269e+03 3.541316986875456818e-01
4.637228929746450376e+03 3.547113571626595574e-01
4.681593188930276483e+03 3.544358115009200172e-01
4.725957448114101680e+03 3.556599133758259201e-01
4.770321707297927787e+03 3.551190320906097431e-01
4.814685966481752985e+03 3.543987620975625474e-01
4.859050225665579092e+03 3.540756677884732140e-01
4.903414484849404289e+03 3.531204694606331351e-01
4.947778744033230396e+03 3.527901987597168998e-01
4.992143003217055593e+03 3.518999694431868552e-01
5.036507262400881700e+03 3.512786649855222931e-01
5.080871521584706898e+03 3.514163411783904900e-01
5.125235780768533004e+03 3.501891425210060249e-01
5.169600039952358202e+03 3.493952702774485997e-01
5.213964299136184309e+03 3.490656732688935948e-01
5.258328558320009506e+03 3.499760339114876828e-01
5.302692817503835613e+03 3.496091183161268434e-01
5.347057076687661720e+03 3.494682280595043933e-01
5.391421335871486917e+03 3.495173168238838723e-01
5.435785595055313024e+03 3.504905874589847037e-01
5.480149854239138222e+03 3.506598212541460757e-01
5.524514113422964328e+03 3.508494056293143815e-01
5.568878372606789526e+03 3.507218053076909259e-01
5.613242631790615633e+03 3.508605419613706200e-01
5.657606890974440830e+03 3.502367774753537000e-01
5.701971150158266937e+03 3.489603490707695599e-01
5.746335409342093044e+03 3.485480208348444853e-01
5.790699668525919151e+03 3.479578763912729578e-01
5.835063927709744348e+03 3.476955807217703698e-01
5.879428186893570455e+03 3.483719933581909123e-01
5.923792446077395653e+03 3.489601126937367237e-01
5.968156705261221759e+03 3.492715129918972927e-01
6.012520964445046957e+03 3.497272040674576643e-01
6.056885223628873064e+03 3.495601308946597041e-01
6.101249482812698261e+03 3.499063523199890668e-01
6.145613741996524368e+03 3.500355053937248551e-01
6.189978001180349565e+03 3.515565896696463133e-01
6.234342260364175672e+03 3.526655822554899955e-01
6.278706519548000870e+03 3.541060345138606902e-01
6.323070778731826977e+03 3.542180085824307434e-01
6.367435037915652174e+03 3.545877159948303547e-01
6.411799297099478281e+03 3.545068609720963271e-01
6.456163556283304388e+03 3.540493587855080837e-01
6.500527815467129585e+03 3.547198654897033010e-01
6.544892074650955692e+03 3.532434418718806146e-01
6.589256333834780889e+03 3.534192849713446161e-01
6.633620593018606996e+03 3.508867069541217187e-01
6.677984852202432194e+03 3.509101378098167801e-01
6.722349111386258301e+03 3.457293279927188823e-01
6.766713370570083498e+03 3.426576570358603191e-01
6.811077629753909605e+03 3.320991251261344868e-01
6.855441888937734802e+03 3.265399257081482709e-01
6.899806148121560909e+03 3.124210370645264523e-01
6.944170407305386107e+03 3.040131610782256244e-01
6.988534666489212213e+03 2.798644957804370947e-01
7.032898925673038320e+03 2.560823483990303795e-01
7.077263184856863518e+03 2.160351200990593135e-01
