# Columns: yplus Trms_plus | Case=jet_M16_T05 | x*=20.00
4.203156966492162527e-01 3.585297247946735411e+01
1.231360178775261049e+00 3.588859706155471230e+01
2.045746270325652372e+00 3.596038251128081242e+01
2.864379324515178293e+00 3.606855569676962858e+01
3.688262977087036543e+00 3.620988048989009656e+01
4.518485908257924955e+00 3.637688890071621017e+01
5.356208639379643976e+00 3.655924539190490208e+01
6.202651497297872574e+00 3.674638508177282858e+01
7.059084456807791064e+00 3.692920262660841502e+01
7.926819182282082821e+00 3.710086068710842966e+01
8.807203280539807722e+00 3.725670607097001152e+01
9.701616567485674025e+00 3.739410696875533091e+01
1.061146903737490810e+01 3.751178197925980839e+01
1.153820018768571209e+01 3.760961488108245732e+01
1.248327937044989433e+01 3.768825377922380682e+01
1.344820688907074313e+01 3.774898308309820294e+01
1.443451561931872718e+01 3.779315473048068696e+01
1.544377299158211159e+01 3.782246076994394457e+01
1.647758322153151411e+01 3.783849864978758148e+01
1.753758971551889800e+01 3.784294116426892174e+01
1.862547760549988851e+01 3.783715376494860294e+01
1.974297638772993224e+01 3.782271589587727334e+01
2.089186265209398030e+01 3.780093345170043051e+01
2.207396289671977385e+01 3.777309736053198463e+01
2.329115642714298318e+01 3.774005130767309169e+01
2.454537834194054113e+01 3.770287463212801526e+01
2.583862260823739376e+01 3.766232570902239019e+01
2.717294523133179140e+01 3.761933579729664245e+01
2.855046752317975844e+01 3.757431174183713551e+01
2.997337947480163933e+01 3.752759488785549280e+01
3.144394323791452095e+01 3.747889993616641391e+01
3.296449672130167841e+01 3.742820678992218575e+01
3.453745730762700816e+01 3.737555945592551154e+01
3.616532569659938900e+01 3.732124019703746853e+01
3.785068988059587269e+01 3.726481868304890810e+01
3.959622925906320035e+01 3.720615173404177511e+01
4.140471889823890450e+01 3.714474612311017410e+01
4.327903394296393458e+01 3.708093481141736447e+01
4.522215418760056593e+01 3.701496346102500468e+01
4.723716881332281048e+01 3.694785526381753726e+01
4.932728129931020078e+01 3.688034420536085634e+01
5.149581451565330070e+01 3.681318902584435193e+01
5.374621600606715077e+01 3.674625018636536566e+01
5.608206346881176074e+01 3.667958531375899867e+01
5.850707044453239547e+01 3.661288534318237708e+01
6.102509222006320044e+01 3.654710774606900969e+01
6.364013195757900121e+01 3.648108529937392319e+01
6.635634705884051243e+01 3.641230039213523639e+01
6.917805577465009037e+01 3.633816465479403490e+01
7.210974407002569819e+01 3.626029603350254860e+01
7.515607275600831372e+01 3.618048809024940482e+01
7.832188489943973764e+01 3.610012165307221466e+01
8.161221352249184235e+01 3.601904377613435315e+01
8.503228960418736904e+01 3.593715062780373160e+01
8.858755039663391528e+01 3.585444923418300789e+01
9.228364806919086050e+01 3.577452161626539606e+01
9.612645869431374024e+01 3.569864584160475118e+01
1.001220915893600818e+02 3.562137011552415089e+01
1.042768990292093036e+02 3.553426026401637472e+01
1.085974863451371561e+02 3.543861185864847130e+01
1.130907224260010935e+02 3.534064682072836661e+01
1.177637506384298263e+02 3.524426492152062451e+01
1.226240001833795077e+02 3.514739610540456738e+01
1.276791979071102077e+02 3.505264049650271119e+01
1.329373805853602164e+02 3.496077638660985087e+01
1.384069077002480412e+02 3.486530912731570453e+01
1.440964747302138846e+02 3.476261943007121147e+01
1.500151269741296858e+02 3.465809561425674445e+01
1.561722739315557078e+02 3.456103611078502524e+01
1.625777042620041470e+02 3.445806781981563205e+01
1.692416013469938605e+02 3.433638550605100903e+01
1.761745594796352066e+02 3.422169763894672201e+01
1.833876007074841255e+02 3.411937991563220152e+01
1.908921923554422619e+02 3.400015054362898326e+01
1.987002652565607548e+02 3.385954368850454443e+01
2.068242327197318673e+02 3.372567459835831016e+01
2.152770102644220458e+02 3.359995571429531225e+01
2.240720361538220970e+02 3.350998974686378062e+01
2.332232927590579834e+02 3.343225394432429454e+01
2.427453287884262920e+02 3.334450943339714257e+01
2.526532824169963476e+02 3.328275023013242162e+01
2.629629053533516299e+02 3.319717366394517910e+01
2.736905878817356097e+02 3.305856756620861603e+01
2.848533849194261052e+02 3.289863834984782898e+01
2.964690431307960807e+02 3.276525920589437391e+01
3.085560291412436413e+02 3.265220501366232497e+01
3.211335588960332643e+02 3.250437591303867180e+01
3.342216282111543251e+02 3.234422044604328050e+01
3.478410445657061132e+02 3.221352758249125259e+01
3.620134601882891729e+02 3.203613462559174963e+01
3.767614064937326930e+02 3.186283055023361399e+01
3.921083299315103545e+02 3.172415459651130831e+01
4.080786293132308060e+02 3.155310460093890157e+01
4.246976946918984481e+02 3.135187100827664253e+01
4.419919478643370212e+02 3.116633717421977678e+01
4.599888845451634438e+02 3.089644956442477408e+01
4.787171181825974600e+02 3.060636708920568694e+01
4.982064251871785245e+02 3.032820614740631271e+01
5.184877909050967446e+02 3.005461170695515705e+01
5.395934547925527340e+02 2.972084647494791554e+01
5.615569516429258101e+02 2.947561148060592018e+01
5.844131429903382013e+02 2.916669883422266452e+01
6.081982285017658114e+02 2.870165740944505117e+01
6.329497208504773198e+02 2.825652576712467479e+01
6.587063590333731327e+02 2.773985542868373244e+01
6.855079246466884797e+02 2.730004703963221147e+01
7.133949143800165302e+02 2.676158688588738954e+01
7.424080121344636609e+02 2.619810259490939330e+01
7.725872991015006619e+02 2.577078632835734950e+01
8.039711441327426655e+02 2.526633179786806593e+01
8.365947341746306165e+02 2.470806143812462352e+01
8.704882386438665662e+02 2.401694928938893270e+01
9.056746528171020145e+02 2.340263962622632121e+01
9.421674298097384508e+02 2.274748368005918664e+01
9.799680797687595941e+02 2.204940876073282041e+01
1.019063975351289514e+03 2.114302297582427670e+01
1.059426639021024585e+03 2.016338338882393444e+01
1.101010786119453542e+03 1.899554239400685418e+01
1.143754349516881575e+03 1.752735968193392324e+01
1.187579617435058253e+03 1.605947967084496497e+01
1.232395486942604066e+03 1.459345872510124487e+01
1.278100692294657392e+03 1.246656254732937441e+01
1.324587735721727313e+03 1.034634231737791943e+01
1.371747153805630660e+03 8.395639416903689423e+00
1.419471713602763430e+03 6.627139262351647631e+00
1.467660155996569983e+03 4.823669820347352477e+00
1.516220183046561260e+03 3.518966291560280180e+00
1.565070503817607687e+03 2.409349193866320515e+00
1.614141885359334083e+03 1.273136909735870015e+00
1.663377277822846281e+03 5.874114546926436642e-01
1.712731175947148358e+03 2.748078492695105735e-01
1.762168432762937300e+03 2.472713669661559532e-01
1.811662754274496365e+03 2.409689390743763038e-01
1.861195082896852909e+03 2.373092995256345095e-01
1.910752034074582298e+03 2.340063999326351951e-01
1.960324497501186897e+03 2.318719003820357560e-01
2.009906462659664612e+03 2.300124667822887603e-01
2.059494085508002172e+03 2.294064697307586220e-01
2.109084982619028779e+03 2.272577620952791200e-01
2.158677721189108979e+03 2.269368413800096351e-01
2.208271466056681220e+03 2.259079393860440044e-01
2.257865745184248681e+03 2.264104278254287506e-01
2.307460299855702488e+03 2.257709751566252532e-01
2.357054992563585529e+03 2.263233689922057867e-01
2.406649752432417245e+03 2.264161299210639688e-01
2.456244544034697356e+03 2.270020997740352375e-01
2.505839350196717078e+03 2.271759228606867187e-01
2.555434162844857383e+03 2.282805893406458231e-01
2.605028978298248148e+03 2.284882518410374375e-01
2.654623794929441829e+03 2.293244804490761346e-01
2.704218612040642711e+03 2.293220761236504646e-01
2.753813429341712890e+03 2.292936800064575009e-01
2.803408246715671794e+03 2.290832815533744848e-01
2.853003064116781843e+03 2.292837692813197714e-01
2.902597881527706249e+03 2.287091245322817601e-01
2.952192698942071729e+03 2.289667900974175496e-01
3.001787516357608638e+03 2.292138633004146830e-01
3.051382333773532082e+03 2.305669073186915052e-01
3.100977151189578308e+03 2.305355757385587068e-01
3.150571968605663642e+03 2.308077513237376810e-01
3.200166786021759890e+03 2.305606599192136230e-01
3.249761603437860686e+03 2.305692946331650284e-01
3.299356420853961481e+03 2.309458487633392898e-01
3.348951238270062731e+03 2.311805924259743850e-01
3.398546055686163527e+03 2.317042839498946183e-01
3.448140873102264322e+03 2.319873951400505674e-01
3.497735690518365573e+03 2.317287852141241555e-01
3.547330507934466368e+03 2.316572265642013462e-01
3.596925325350567164e+03 2.318753056297514770e-01
3.646520142766668414e+03 2.323858657520470605e-01
3.696114960182769209e+03 2.325288248121168966e-01
3.745709777598870005e+03 2.331579634890175168e-01
3.795304595014970801e+03 2.326599580331084605e-01
3.844899412431072051e+03 2.327281592035422009e-01
3.894494229847172846e+03 2.314201107757232478e-01
3.944089047263273642e+03 2.321212781929976043e-01
3.993683864679375347e+03 2.315222533015516282e-01
4.043278682095476597e+03 2.328177313506914758e-01
4.092873499511577393e+03 2.322911966356948632e-01
4.142468316927678643e+03 2.332185497631167892e-01
4.192063134343778984e+03 2.329451970627098856e-01
4.241657951759880234e+03 2.334379573820817289e-01
4.291252769175981484e+03 2.326976050793212458e-01
4.340847586592081825e+03 2.334700314294680945e-01
4.390442404008183075e+03 2.330193753054966843e-01
4.440037221424284326e+03 2.331731521997792433e-01
4.489632038840384666e+03 2.327207761387279361e-01
4.539226856256485917e+03 2.326886991933284077e-01
4.588821673672586257e+03 2.328471702757483053e-01
4.638416491088687508e+03 2.332101806689802770e-01
4.688011308504788758e+03 2.337556105901301418e-01
4.737606125920889099e+03 2.342208361127775529e-01
4.787200943336990349e+03 2.345898058171198008e-01
4.836795760753091599e+03 2.352498345803823721e-01
4.886390578169191940e+03 2.350150399986106475e-01
4.935985395585293190e+03 2.357613297415513121e-01
4.985580213001394441e+03 2.360792527003713892e-01
5.035175030417494781e+03 2.366061576289909540e-01
5.084769847833596032e+03 2.367471632754689914e-01
5.134364665249697282e+03 2.375844567524761086e-01
5.183959482665797623e+03 2.381680367891735595e-01
5.233554300081898873e+03 2.386130970744916313e-01
5.283149117498000123e+03 2.387911153338085346e-01
5.332743934914100464e+03 2.393660077439042633e-01
5.382338752330201714e+03 2.394097643662997099e-01
5.431933569746302965e+03 2.395976158771752351e-01
5.481528387162403305e+03 2.391983524372049419e-01
5.531123204578504556e+03 2.398925843591316887e-01
5.580718021994605806e+03 2.399905794058607433e-01
5.630312839410706147e+03 2.403691567120188333e-01
5.679907656826807397e+03 2.405994812653229065e-01
5.729502474242908647e+03 2.416321117711695832e-01
5.779097291659008988e+03 2.416871712102448000e-01
5.828692109075110238e+03 2.414830977065384188e-01
5.878286926491210579e+03 2.414130634369577588e-01
5.927881743907311829e+03 2.411692515926082137e-01
5.977476561323413080e+03 2.411183420158999891e-01
6.027071378739513420e+03 2.407587101342104907e-01
6.076666196155614671e+03 2.407585559269618813e-01
6.126261013571715921e+03 2.404983103663865251e-01
6.175855830987816262e+03 2.411511635512564034e-01
6.225450648403917512e+03 2.410040177624328817e-01
6.275045465820018762e+03 2.417458409231617589e-01
6.324640283236119103e+03 2.412693220275920480e-01
6.374235100652221263e+03 2.420539916662361735e-01
6.423829918068321604e+03 2.423257545150032388e-01
6.473424735484422854e+03 2.428463762469397491e-01
6.523019552900524104e+03 2.432581816146781040e-01
6.572614370316624445e+03 2.438848952231158773e-01
6.622209187732725695e+03 2.437150027185303325e-01
6.671804005148826946e+03 2.440121335078049292e-01
6.721398822564927286e+03 2.450212089823676775e-01
6.770993639981028537e+03 2.465818724476203649e-01
6.820588457397129787e+03 2.475607809472447907e-01
6.870183274813230128e+03 2.482622020479022806e-01
6.919778092229331378e+03 2.486388672287938306e-01
6.969372909645432628e+03 2.495882989517917150e-01
7.018967727061532969e+03 2.493211883809713647e-01
7.068562544477634219e+03 2.501632014844691332e-01
7.118157361893735469e+03 2.509515346141034109e-01
7.167752179309835810e+03 2.530672313908581827e-01
7.217346996725937061e+03 2.524380242930299723e-01
7.266941814142038311e+03 2.544158542343916141e-01
7.316536631558138652e+03 2.538147321905948051e-01
7.366131448974239902e+03 2.543655723898661791e-01
7.415726266390341152e+03 2.509647445210667072e-01
7.465321083806441493e+03 2.494923920908861670e-01
7.514915901222542743e+03 2.442180606545832910e-01
7.564510718638643993e+03 2.406945591118156702e-01
7.614105536054744334e+03 2.332936797673571261e-01
7.663700353470845585e+03 2.297602149816972694e-01
7.713295170886945925e+03 2.201092307447944652e-01
7.762889988303047176e+03 2.135380442586835015e-01
7.812484805719148426e+03 1.936364657575237180e-01
7.862079623135248767e+03 1.743211089997942498e-01
7.911674440551350017e+03 1.418260045243502909e-01
