# Columns: yplus Trms_plus | Case=jet_M08_T75 | x*=10.00
4.129360036437639270e-01 3.091782583847466626e+01
1.209740571963183964e+00 3.095031899125008579e+01
2.009828079398198408e+00 3.101407938961408206e+01
2.814087983424178319e+00 3.110801813588840048e+01
3.623506298449375329e+00 3.122528418840419917e+01
4.439152590187164016e+00 3.135329766435841137e+01
5.262167004135263504e+00 3.147773590734172444e+01
6.093748441250292025e+00 3.158583837307675424e+01
6.935144578744474764e+00 3.166861871677364704e+01
7.787644051442767612e+00 3.172120722024672546e+01
8.652570805556987210e+00 3.174273523868587077e+01
9.531280430873565024e+00 3.173477029726242904e+01
1.042515816567304832e+01 3.170082586468549479e+01
1.133561823345611330e+01 3.164486107724035335e+01
1.226410418810570668e+01 3.157130987956040258e+01
1.321208999144753271e+01 3.148403603047778176e+01
1.418108160578513477e+01 3.138663740975285776e+01
1.517261894134713174e+01 3.128195915404339900e+01
1.618827804778688773e+01 3.117226233529820689e+01
1.722967347734871169e+01 3.105922512856417583e+01
1.829846077528327086e+01 3.094418524868675391e+01
1.939633907221483966e+01 3.082802246039335614e+01
2.052505376555077987e+01 3.071177776992933772e+01
2.168639928467725753e+01 3.059625420256844563e+01
2.288222193922227632e+01 3.048194342053813344e+01
2.411442285226875981e+01 3.036922221003024092e+01
2.538496098186309169e+01 3.025810102726315520e+01
2.669585623498970861e+01 3.014816314353793913e+01
2.804919267866915078e+01 3.003861715166121726e+01
2.944712185315358255e+01 2.992800391136625748e+01
3.089186619243044873e+01 2.981651655609673668e+01
3.238572255744867334e+01 2.970436075182434266e+01
3.393106588767507503e+01 2.959228017193975901e+01
3.553035297678245996e+01 2.948053854969165144e+01
3.718612637847071767e+01 2.936947472123281955e+01
3.890101844862976321e+01 2.925928160855154303e+01
4.067775553027060909e+01 2.915172219410449728e+01
4.251916228787755614e+01 2.904747588342025466e+01
4.442816619807220491e+01 2.894536926510419406e+01
4.640780220372892728e+01 2.884341699592452457e+01
4.846121753894033901e+01 2.873929064766671004e+01
5.059167673250409081e+01 2.863397264887570159e+01
5.280256679788513452e+01 2.852949901035631797e+01
5.509740261790490479e+01 2.842575308993487582e+01
5.747983253271736004e+01 2.832159103560594460e+01
5.995364413995657316e+01 2.821519786752201497e+01
6.252277031627593828e+01 2.810982420712481300e+01
6.519129546985315926e+01 2.800584069435633339e+01
6.796346203380049644e+01 2.790304474624024067e+01
7.084367721080334945e+01 2.779881485586293621e+01
7.383651997971107050e+01 2.769509851877144868e+01
7.694674837521753830e+01 2.759129038544793389e+01
8.017930705220588550e+01 2.749160553296321652e+01
8.353933514678264771e+01 2.739429118574298982e+01
8.703217444649946799e+01 2.729825432387020001e+01
9.066337788275002652e+01 2.720634573583522098e+01
9.443871835884547750e+01 2.711081488044004928e+01
9.836419792780145599e+01 2.700464513126042121e+01
1.024460573344287582e+02 2.689364168306073211e+01
1.066907859368967451e+02 2.677769612163523050e+01
1.111051320235440869e+02 2.666773437105475608e+01
1.156961135413371977e+02 2.656875394753118869e+01
1.204710292530335636e+02 2.648075623577909710e+01
1.254374703407870584e+02 2.640310918453532096e+01
1.306033324746428832e+02 2.632156828239958557e+01
1.359768283651090428e+02 2.624906934874530506e+01
1.415665008197596819e+02 2.619015788891567098e+01
1.473812363246283041e+02 2.613433262183129813e+01
1.534302791719830168e+02 2.609155394492681879e+01
1.597232461569429063e+02 2.606195424975486929e+01
1.662701418663018842e+02 2.601949643346090468e+01
1.730813745838649425e+02 2.595615279306023027e+01
1.801677728375838399e+02 2.588427636222306205e+01
1.875406026147988143e+02 2.581270554892062563e+01
1.952115852729551477e+02 2.571018229052809190e+01
2.031929161742694703e+02 2.560840312659028584e+01
2.114972840739702065e+02 2.555361595788838969e+01
2.201378912929370699e+02 2.550765015372012101e+01
2.291284747068095839e+02 2.544747376231467939e+01
2.384833275849327663e+02 2.538326306400610832e+01
2.482173223138614446e+02 2.530167730256452074e+01
2.583459340415495262e+02 2.520949438565462941e+01
2.688852652798185545e+02 2.511793139223568261e+01
2.798520715042297979e+02 2.502536185591936757e+01
2.912637877920895448e+02 2.492448912412326223e+01
3.031385565410134859e+02 2.481570048654002036e+01
3.154952563122996025e+02 2.466104390030885085e+01
3.283535318453905347e+02 2.453692654385457317e+01
3.417338252920631589e+02 2.442905391453347264e+01
3.556574087219059948e+02 2.430886373747665274e+01
3.701464179544238391e+02 2.416575224469283967e+01
3.852238877780446842e+02 2.401903945350592551e+01
4.009137886222329143e+02 2.381594875355324703e+01
4.172410647541276489e+02 2.357478629580482021e+01
4.342316740698447006e+02 2.333326796942313663e+01
4.519126295279810392e+02 2.311529118972645591e+01
4.703120421961282318e+02 2.288813522425288838e+01
4.894591656854863118e+02 2.260433029634579682e+01
5.093844413170177177e+02 2.233973115739499704e+01
5.301195425026584189e+02 2.205990075880003332e+01
5.516974152486402545e+02 2.176990497109565936e+01
5.741523090076865401e+02 2.148544377292488505e+01
5.975197878711062458e+02 2.121549648142460143e+01
6.218367058833928240e+02 2.082629088091223579e+01
6.471411218814937456e+02 2.047347111686477206e+01
6.734721189962531298e+02 2.008950623986266137e+01
7.008694828966209798e+02 1.977909031327762790e+01
7.293731831760941304e+02 1.944533066839444047e+01
7.590225973006090499e+02 1.906898020627364332e+01
7.898554204606537041e+02 1.853819902576553602e+01
8.219062218078435080e+02 1.815803801655293626e+01
8.552046410593350174e+02 1.761563283630801635e+01
8.897732697522011449e+02 1.699586222171361882e+01
9.256253247987647228e+02 1.622025440418216036e+01
9.627622898316029705e+02 1.531441227884576328e+01
1.001171759212417555e+03 1.416671731240299614e+01
1.040825755399259151e+03 1.285346503997323353e+01
1.081679788819026044e+03 1.144046534380868962e+01
1.123672882085676520e+03 9.511025911637185359e+00
1.166728687845537252e+03 7.435207413957486189e+00
1.210757702706980808e+03 5.845702006047005739e+00
1.255660438898500388e+03 4.595263728580601281e+00
1.301331286042733836e+03 3.441629710266639997e+00
1.347662702625504835e+03 2.463856007373941726e+00
1.394549338445658350e+03 1.674416043645128971e+00
1.441891712243616212e+03 9.533692249115014450e-01
1.489599146600014819e+03 7.213216651654873468e-01
1.537591777845349725e+03 6.460935136916842181e-01
1.585801588586798289e+03 5.828440145645066295e-01
1.634172530628210552e+03 5.358773134857586218e-01
1.682659897667227824e+03 4.926104123846080651e-01
1.731229159827473950e+03 4.614250934080807998e-01
1.779854484770072304e+03 4.333471751259084792e-01
1.828517149513606000e+03 4.129485723796650909e-01
1.877204004501986674e+03 3.940736871264123864e-01
1.925906099382927323e+03 3.786046346328708623e-01
1.974617529169079944e+03 3.653897875159199948e-01
2.023334517310200681e+03 3.553760520582270321e-01
2.072054722226141621e+03 3.456410163407926950e-01
2.120776736269718640e+03 3.393431823026636374e-01
2.169499738942718523e+03 3.310424368674485529e-01
2.218223266495444022e+03 3.271401416394454920e-01
2.266947064754193889e+03 3.201730738636502371e-01
2.315670998625798347e+03 3.180717084295432984e-01
2.364394998479172955e+03 3.123729974611497706e-01
2.413119029508835865e+03 3.113526273474183093e-01
2.461843074842605802e+03 3.064139085956803510e-01
2.510567126548616216e+03 3.069846339199899798e-01
2.559291181010624314e+03 3.037919546847149266e-01
2.608015236629755691e+03 3.043275645492187209e-01
2.656739292720466892e+03 3.020868674060684378e-01
2.705463348997713638e+03 3.036381435883196422e-01
2.754187405346568994e+03 3.004704765870108152e-01
2.802911461722098920e+03 3.017367688219105282e-01
2.851635518107270855e+03 2.981343603250863339e-01
2.900359574495823836e+03 2.996410306130630752e-01
2.949083630885527327e+03 2.973609600673381426e-01
2.997807687275610533e+03 2.981469670102096514e-01
3.046531743665814702e+03 2.962197561680319779e-01
3.095255800056057069e+03 2.978247006664570540e-01
3.143979856446309896e+03 2.964159107038625840e-01
3.192703912836567724e+03 2.968509735830344720e-01
3.241427969226825553e+03 2.955583039283847246e-01
3.290152025617082927e+03 2.966079509191715813e-01
3.338876082007340756e+03 2.955636677187858941e-01
3.387600138397598585e+03 2.966332164089367507e-01
3.436324194787855959e+03 2.959006756256886694e-01
3.485048251178113787e+03 2.957168792957240444e-01
3.533772307568371616e+03 2.941824416019848121e-01
3.582496363958629445e+03 2.947501977279339824e-01
3.631220420348886819e+03 2.942085143023448479e-01
3.679944476739144648e+03 2.953344114471123660e-01
3.728668533129402476e+03 2.946393102353432325e-01
3.777392589519660305e+03 2.937057357822379644e-01
3.826116645909917679e+03 2.939234257610657264e-01
3.874840702300175508e+03 2.936706381950125455e-01
3.923564758690433791e+03 2.948749146870102145e-01
3.972288815080691620e+03 2.946437779871509677e-01
4.021012871470949449e+03 2.938794422015373886e-01
4.069736927861206823e+03 2.927497155380295313e-01
4.118460984251464652e+03 2.912495377384506923e-01
4.167185040641722480e+03 2.909042652064308676e-01
4.215909097031980309e+03 2.909116689900641539e-01
4.264633153422238138e+03 2.910481378326068569e-01
4.313357209812495057e+03 2.921931967662273477e-01
4.362081266202752886e+03 2.915401181416593102e-01
4.410805322593010715e+03 2.922838321077291801e-01
4.459529378983268543e+03 2.917941059428345030e-01
4.508253435373526372e+03 2.924692137698680083e-01
4.556977491763784201e+03 2.923302089864099895e-01
4.605701548154042030e+03 2.916555537087373584e-01
4.654425604544299858e+03 2.904107092761272768e-01
4.703149660934556778e+03 2.911933473472915201e-01
4.751873717324814606e+03 2.904958149337675266e-01
4.800597773715072435e+03 2.910507465031185181e-01
4.849321830105330264e+03 2.904990729205594868e-01
4.898045886495588093e+03 2.915292124381155259e-01
4.946769942885845921e+03 2.914268655794496898e-01
4.995493999276103750e+03 2.919622292724368684e-01
5.044218055666360669e+03 2.915250686818804393e-01
5.092942112056618498e+03 2.930575547372764045e-01
5.141666168446876327e+03 2.927874567514566206e-01
5.190390224837134156e+03 2.927051887061254964e-01
5.239114281227391984e+03 2.921555633427731502e-01
5.287838337617649813e+03 2.932809646230897238e-01
5.336562394007907642e+03 2.926241664054995417e-01
5.385286450398164561e+03 2.937392520111770100e-01
5.434010506788422390e+03 2.929817200820911682e-01
5.482734563178680219e+03 2.933863909825643046e-01
5.531458619568938047e+03 2.917556430105378573e-01
5.580182675959195876e+03 2.928047902577379791e-01
5.628906732349453705e+03 2.931712776962093203e-01
5.677630788739711534e+03 2.947163139974218193e-01
5.726354845129968453e+03 2.938410998337674385e-01
5.775078901520226282e+03 2.944626058652549117e-01
5.823802957910484110e+03 2.933118540220128190e-01
5.872527014300741939e+03 2.939324312489033364e-01
5.921251070690999768e+03 2.938333717564186043e-01
5.969975127081257597e+03 2.948689868493918897e-01
6.018699183471515425e+03 2.950137354024700009e-01
6.067423239861772345e+03 2.956924270870404658e-01
6.116147296252030173e+03 2.948251026678785358e-01
6.164871352642288002e+03 2.951506355310302698e-01
6.213595409032545831e+03 2.949700460147746117e-01
6.262319465422804569e+03 2.953414645950369066e-01
6.311043521813061489e+03 2.954937979857202301e-01
6.359767578203319317e+03 2.953654037177481650e-01
6.408491634593577146e+03 2.948110643428588085e-01
6.457215690983834975e+03 2.938088935386747869e-01
6.505939747374092804e+03 2.940957630217683749e-01
6.554663803764350632e+03 2.941773227076600605e-01
6.603387860154608461e+03 2.963225190820925059e-01
6.652111916544866290e+03 2.977193555378106482e-01
6.700835972935123209e+03 2.993783614747054789e-01
6.749560029325381038e+03 2.998658490566319390e-01
6.798284085715638867e+03 2.998728535368808679e-01
6.847008142105896695e+03 2.994428812747772506e-01
6.895732198496154524e+03 2.985090682636675208e-01
6.944456254886412353e+03 2.983118510010876467e-01
6.993180311276670182e+03 2.973039398604351291e-01
7.041904367666927101e+03 2.970536285790801867e-01
7.090628424057184930e+03 2.965013432743427990e-01
7.139352480447442758e+03 2.969688812131963673e-01
7.188076536837700587e+03 2.963454631473965151e-01
7.236800593227958416e+03 2.977958739879048577e-01
7.285524649618216245e+03 2.960911654623575306e-01
7.334248706008474073e+03 2.949286889121086608e-01
7.382972762398730993e+03 2.897313543960413629e-01
7.431696818788988821e+03 2.861523106420494345e-01
7.480420875179246650e+03 2.787470786237182807e-01
7.529144931569504479e+03 2.731541086996404633e-01
7.577868987959762308e+03 2.618695147136114731e-01
7.626593044350020136e+03 2.546324578967119612e-01
7.675317100740277965e+03 2.335421115565174122e-01
7.724041157130534884e+03 2.138495649017538580e-01
7.772765213520792713e+03 1.781993776126194751e-01
