# Columns: yplus Trms_plus | Case=jet_M08_T75 | x*=20.00
4.062032326457848952e-01 2.007209358895083184e+01
1.190016192964691966e+00 2.009785728062085397e+01
1.977058565273753565e+00 2.015195852210847605e+01
2.768205304768469155e+00 2.023878977326445749e+01
3.564426349251628157e+00 2.036064480183111769e+01
4.366773825557573652e+00 2.051519672212972623e+01
5.176369289527340101e+00 2.069535652115466107e+01
5.994392094474523702e+00 2.089093670759573484e+01
6.822069574689261451e+00 2.109108761809131138e+01
7.660669354275478682e+00 2.128611180414838699e+01
8.511493792984669682e+00 2.146845173851410848e+01
9.375876378205996176e+00 2.163274958023245986e+01
1.025517976241485307e+01 2.177579386961219399e+01
1.115079511071330742e+01 2.189606975662602295e+01
1.206414244036451322e+01 2.199352613319560490e+01
1.299667168078395996e+01 2.206909032329989628e+01
1.394986424010884996e+01 2.212437554140530693e+01
1.492523492089292070e+01 2.216127010714335199e+01
1.592433407587450844e+01 2.218186617497602953e+01
1.694874993261218421e+01 2.218825856043598321e+01
1.800011104329485789e+01 2.218249367301757857e+01
1.908008883484140839e+01 2.216642327790350464e+01
2.019040024659079080e+01 2.214161139557340618e+01
2.133281045041220381e+01 2.210932808943323735e+01
2.250913565252826842e+01 2.207066516954883895e+01
2.372124597890312003e+01 2.202666520624525859e+01
2.497106844748635979e+01 2.197818631543026058e+01
2.626059003141542902e+01 2.192598813556560344e+01
2.759186081775787258e+01 2.187067199258743244e+01
2.896699726668641617e+01 2.181244519221255729e+01
3.038818557621255678e+01 2.175165838393489182e+01
3.185768515780479859e+01 2.168815719258799035e+01
3.337783222840777597e+01 2.162175404985955751e+01
3.495104352456910846e+01 2.155232312443134646e+01
3.657982014457753905e+01 2.148021110283496427e+01
3.826675152471985797e+01 2.140593542927898696e+01
4.001451955597819676e+01 2.133005970980993027e+01
4.182590284771222144e+01 2.125320659343273277e+01
4.370378114510447176e+01 2.117598516022466981e+01
4.565113990739217797e+01 2.109857954022181659e+01
4.767107505416343116e+01 2.102109067116796481e+01
4.976679788726398357e+01 2.094400006108621781e+01
5.194164019613901218e+01 2.086636953796682903e+01
5.419905955472695069e+01 2.078717760650078716e+01
5.654264481832559142e+01 2.070514351531766550e+01
5.897612182917040968e+01 2.061985604150565266e+01
6.150335933979475556e+01 2.053220017529443098e+01
6.412837516359002166e+01 2.044436100836285775e+01
6.685534256234318207e+01 2.035731995618516876e+01
6.968859688090660143e+01 2.027005568707130934e+01
7.263264243954878907e+01 2.018159944498327008e+01
7.569215969494256058e+01 2.009168397440104670e+01
7.887201268117580355e+01 1.999962920818682122e+01
8.217725674261441782e+01 1.990531225211788779e+01
8.561314657091138258e+01 1.980989932115315000e+01
8.918514455893844683e+01 1.971630794976137935e+01
9.289892948492284575e+01 1.962393954225254689e+01
9.676040554059392207e+01 1.953047815523340702e+01
1.007757117176934969e+02 1.943155182136386827e+01
1.049512315677717424e+02 1.932783424681434070e+01
1.092936033507861708e+02 1.921781231434411197e+01
1.138097305886363699e+02 1.910773255847925611e+01
1.185067930404139389e+02 1.899770399934040199e+01
1.233922581168152277e+02 1.888924850550789003e+01
1.284738927518637865e+02 1.877785442370993252e+01
1.337597757508168570e+02 1.866304359178666061e+01
1.392583106338854861e+02 1.854222153035262011e+01
1.449782389961880824e+02 1.842064097175553172e+01
1.509286544051774683e+02 1.829622539806802095e+01
1.571190168576342217e+02 1.816866266321597934e+01
1.635591678192119218e+02 1.804470622890563902e+01
1.702593458704425586e+02 1.792659921572903414e+01
1.772302029840773798e+02 1.780729699516916753e+01
1.844828214596401494e+02 1.768480662616536492e+01
1.920287315421162475e+02 1.755014953513995124e+01
1.998799297527873193e+02 1.740820453309314786e+01
2.080488979613536173e+02 1.727205526784216261e+01
2.165486232296659921e+02 1.713969801869831855e+01
2.253926184586146917e+02 1.700865344047548788e+01
2.345949438709988613e+02 1.686622689647245110e+01
2.441702293645324175e+02 1.672034729966133071e+01
2.541336977705236393e+02 1.656927165791457668e+01
2.645011890552091245e+02 1.641336515867939738e+01
2.752891855022295999e+02 1.624729028509362294e+01
2.865148379163121035e+02 1.608635787619970969e+01
2.981959928898931480e+02 1.592883665775729796e+01
3.103512211762113111e+02 1.577816402982386990e+01
3.229998472143942649e+02 1.560941309869470750e+01
3.361619798543867432e+02 1.542711268799531865e+01
3.498585443324375888e+02 1.525442528047410384e+01
3.641113155515844824e+02 1.507427545457600893e+01
3.789429527264277340e+02 1.489436591769213258e+01
3.943770354573180725e+02 1.469585132220087687e+01
4.104381013042126938e+02 1.447841584919344449e+01
4.271516849291945164e+02 1.424017569249405746e+01
4.445443588544185900e+02 1.398070488856620663e+01
4.626437758067675645e+02 1.372051391797617725e+01
4.814787124279757791e+02 1.347649694959848787e+01
5.010791137043651133e+02 1.316842393200446537e+01
5.214761366244370038e+02 1.288262682868055364e+01
5.427021900218022665e+02 1.258516612993101091e+01
5.647909649243440526e+02 1.226834531872196976e+01
5.877774455638277686e+02 1.194988757160559878e+01
6.116978850929868941e+02 1.158533912926412413e+01
6.365897218133076194e+02 1.119823103841578238e+01
6.624914016194336455e+02 1.075848478245087847e+01
6.894420614894874006e+02 1.029317828926804879e+01
7.174810193273151526e+02 9.917550196165406007e+00
7.466470105636267363e+02 9.518604862369087982e+00
7.769771157825715591e+02 9.103541572170364304e+00
8.085053404983507335e+02 8.715469132717863943e+00
8.412608411633380001e+02 8.350975042965387729e+00
8.752658409678303997e+02 8.055623082950921443e+00
9.105333413272136340e+02 7.804944792258330821e+00
9.470648016839768388e+02 7.635749920242614230e+00
9.848480186692313509e+02 7.428694384009504326e+00
1.023855470904649906e+03 7.273374970383367000e+00
1.064043394203400567e+03 7.151428447090405705e+00
1.105351805393491304e+03 6.958682088726440007e+00
1.147705601937016581e+03 6.763546529582672662e+00
1.191016739762520046e+03 6.489904128944830930e+00
1.235187353210339552e+03 6.255298441487654237e+00
1.280113553841814337e+03 5.930005472940257150e+00
1.325689553567951180e+03 5.627460939842160670e+00
1.371811719884217382e+03 5.250124382498041697e+00
1.418382193536705245e+03 4.844172355434540833e+00
1.465311775568316307e+03 4.376155290161407585e+00
1.512521904457562187e+03 3.896147302369396215e+00
1.559945671810413160e+03 3.352158052436809754e+00
1.607527943276124461e+03 2.798507668456790665e+00
1.655224741472299229e+03 2.336346565054413293e+00
1.703002099519607100e+03 1.826161455060419936e+00
1.750834606266039600e+03 1.382702664062436915e+00
1.798703844001565813e+03 1.027611927088928567e+00
1.846596877568815671e+03 8.077895899282185876e-01
1.894504902547733082e+03 6.992742414671669904e-01
1.942422110229636246e+03 5.787678463348465696e-01
1.990344785639556221e+03 4.610835801109082754e-01
2.038270625375955660e+03 3.638279163487850854e-01
2.086198244742824500e+03 3.283120409026629716e-01
2.134126836619874211e+03 3.155297842428337884e-01
2.182055944818676835e+03 3.049136953259507510e-01
2.229985319309740589e+03 2.972217094996759679e-01
2.277914827202540891e+03 2.893826365785611143e-01
2.325844400001302347e+03 2.845063787043493053e-01
2.373774003468034607e+03 2.789974783393122104e-01
2.421703621005650348e+03 2.761691297379109122e-01
2.469633244811609529e+03 2.720800170856040867e-01
2.517562871328630990e+03 2.700777082276984986e-01
2.565492498983908717e+03 2.667061012550971943e-01
2.613422127103077855e+03 2.666673426292126003e-01
2.661351755405741187e+03 2.647583835750484949e-01
2.709281383778845338e+03 2.648577602754580429e-01
2.757211012178189321e+03 2.633738433937453105e-01
2.805140640587017970e+03 2.634527557859289715e-01
2.853070268999172640e+03 2.623450185921998301e-01
2.900999897412459177e+03 2.633012084633664096e-01
2.948929525826119061e+03 2.620124532411260976e-01
2.996859154239897634e+03 2.631111763676645121e-01
3.044788782653714406e+03 2.615069399916887249e-01
3.092718411067541183e+03 2.606443655226860501e-01
3.140648039481372507e+03 2.599229749566027148e-01
3.188577667895203831e+03 2.600296747282143106e-01
3.236507296309035610e+03 2.598631010082733672e-01
3.284436924722866934e+03 2.603159510864777038e-01
3.332366553136698712e+03 2.601644193794727666e-01
3.380296181550530036e+03 2.597825173076102612e-01
3.428225809964361815e+03 2.587750439513166190e-01
3.476155438378193139e+03 2.587737538632556289e-01
3.524085066792024918e+03 2.585268062769297548e-01
3.572014695205856242e+03 2.591750585488861724e-01
3.619944323619688021e+03 2.589533649157568229e-01
3.667873952033519345e+03 2.584696949620549633e-01
3.715803580447351123e+03 2.582342993060799397e-01
3.763733208861182447e+03 2.577794482796691988e-01
3.811662837275014226e+03 2.583468716992175507e-01
3.859592465688846460e+03 2.584556296062215375e-01
3.907522094102677784e+03 2.579373408015470104e-01
3.955451722516509562e+03 2.583478102230671314e-01
4.003381350930340886e+03 2.581204815307520661e-01
4.051310979344172665e+03 2.571789337044942392e-01
4.099240607758003534e+03 2.568799004886605508e-01
4.147170236171835313e+03 2.574327517738648763e-01
4.195099864585667092e+03 2.573642913196021453e-01
4.243029492999498871e+03 2.581323699269179595e-01
4.290959121413329740e+03 2.583983568573015588e-01
4.338888749827161519e+03 2.584283510122281635e-01
4.386818378240993297e+03 2.586656357800625750e-01
4.434748006654825076e+03 2.601478097528511224e-01
4.482677635068655945e+03 2.598124315999002509e-01
4.530607263482487724e+03 2.597258872544375707e-01
4.578536891896319503e+03 2.592828617207084130e-01
4.626466520310151282e+03 2.590275433655567228e-01
4.674396148723982151e+03 2.593427757739355521e-01
4.722325777137813930e+03 2.595401956993295678e-01
4.770255405551645708e+03 2.597406778667969984e-01
4.818185033965477487e+03 2.592880089740028371e-01
4.866114662379308356e+03 2.598323996485120690e-01
4.914044290793140135e+03 2.600983213604300959e-01
4.961973919206971914e+03 2.615793867915696125e-01
5.009903547620803693e+03 2.619544034285333778e-01
5.057833176034634562e+03 2.624618749498934256e-01
5.105762804448466341e+03 2.619780168570628454e-01
5.153692432862298119e+03 2.625446744153344669e-01
5.201622061276128989e+03 2.616898967841284618e-01
5.249551689689960767e+03 2.624409787032224717e-01
5.297481318103792546e+03 2.623727444798494846e-01
5.345410946517624325e+03 2.620501323155318141e-01
5.393340574931455194e+03 2.619752883658630904e-01
5.441270203345286973e+03 2.624731399601279991e-01
5.489199831759118752e+03 2.630698756648549019e-01
5.537129460172950530e+03 2.633066391253539029e-01
5.585059088586781399e+03 2.633287607449388834e-01
5.632988717000613178e+03 2.626913893376658926e-01
5.680918345414444957e+03 2.633602677039432738e-01
5.728847973828276736e+03 2.633246332763904407e-01
5.776777602242107605e+03 2.642223918275227179e-01
5.824707230655939384e+03 2.634621924123151659e-01
5.872636859069771162e+03 2.643780328664824819e-01
5.920566487483602941e+03 2.645966797755421318e-01
5.968496115897433810e+03 2.647433241856690378e-01
6.016425744311265589e+03 2.640122488124164724e-01
6.064355372725097368e+03 2.639766546859375063e-01
6.112285001138928237e+03 2.641259118651462789e-01
6.160214629552760925e+03 2.654776012735856616e-01
6.208144257966592704e+03 2.652906928067970682e-01
6.256073886380423573e+03 2.659955529047028366e-01
6.304003514794255352e+03 2.662110252212741557e-01
6.351933143208087131e+03 2.673426275119715756e-01
6.399862771621918910e+03 2.678240206120922617e-01
6.447792400035749779e+03 2.687643053188358833e-01
6.495722028449581558e+03 2.690525904235824828e-01
6.543651656863413336e+03 2.694717134516857460e-01
6.591581285277245115e+03 2.693657985760879447e-01
6.639510913691075984e+03 2.708522555101507412e-01
6.687440542104907763e+03 2.715499579363193083e-01
6.735370170518739542e+03 2.737820955737432227e-01
6.783299798932571321e+03 2.739713954869190116e-01
6.831229427346402190e+03 2.761144442551748956e-01
6.879159055760233969e+03 2.769366796577624745e-01
6.927088684174065747e+03 2.787372082917041749e-01
6.975018312587896617e+03 2.772839101555214514e-01
7.022947941001728395e+03 2.785017324786961401e-01
7.070877569415560174e+03 2.759588947573193840e-01
7.118807197829391953e+03 2.748757658620535893e-01
7.166736826243222822e+03 2.704951122748885939e-01
7.214666454657054601e+03 2.667587684958597771e-01
7.262596083070886380e+03 2.606575491104368703e-01
7.310525711484718158e+03 2.553936522956141708e-01
7.358455339898549028e+03 2.501214579979886277e-01
7.406384968312380806e+03 2.461366378840810498e-01
7.454314596726212585e+03 2.368554664839392920e-01
7.502244225140044364e+03 2.295369732514246086e-01
7.550173853553875233e+03 2.094406198875188585e-01
7.598103481967707012e+03 1.922203632163970999e-01
7.646033110381538791e+03 1.576923442303851675e-01
