# Columns: yplus Trms_plus | Case=jet_M12_T05 | x*=20.00
4.179129942274950049e-01 3.717374350922087700e+01
1.224321202817093113e+00 3.720262698584288330e+01
2.034051918777223467e+00 3.726112411662366952e+01
2.848005319940505764e+00 3.735023699093903105e+01
3.667179304843438015e+00 3.746831029441030836e+01
4.492656330345813132e+00 3.760973014140471093e+01
5.325590283768189437e+00 3.776585566075648615e+01
6.167194516051492492e+00 3.792709420544071719e+01
7.018731742277450891e+00 3.808492455168978097e+01
7.881506128790029209e+00 3.823263088565786916e+01
8.756857578917331963e+00 3.836568750842664599e+01
9.646158020952345424e+00 3.848139658343007596e+01
1.055080938902634990e+01 3.857863955322571314e+01
1.147224295184068943e+01 3.865715217864809006e+01
1.241191966198905483e+01 3.871749426558424290e+01
1.337133124650546989e+01 3.876048073386938597e+01
1.435200181859370971e+01 3.878718119512049611e+01
1.535548984854651877e+01 3.879863439328831021e+01
1.638339038165875294e+01 3.879618425579744923e+01
1.743733742987609503e+01 3.878109800496272186e+01
1.851900649222667283e+01 3.875468940049896105e+01
1.963011717843332349e+01 3.871818152894618237e+01
2.077243592264127159e+01 3.867300970172382080e+01
2.194777878194188503e+01 3.862037013466942881e+01
2.315801431896497675e+01 3.856179263196527529e+01
2.440506657044497629e+01 3.849848331536851020e+01
2.569091810514679253e+01 3.843155632622250550e+01
2.701761317537217977e+01 3.836157132458548347e+01
2.838726096676017008e+01 3.828962679239726441e+01
2.980203895141552550e+01 3.821681847009563171e+01
3.126419634963864524e+01 3.814481365571388949e+01
3.277605770573668309e+01 3.807488368921778488e+01
3.434002658359105453e+01 3.800786907161762684e+01
3.595858938785268322e+01 3.794328762191834414e+01
3.763431931683881970e+01 3.788051129002221984e+01
3.936988045341490761e+01 3.781803708192342128e+01
4.116803200036530086e+01 3.775489901199315312e+01
4.303163266698613398e+01 3.769005662626587139e+01
4.496364521387389601e+01 3.762336015335197459e+01
4.696714116313550846e+01 3.755423800450056149e+01
4.904530568150764225e+01 3.748296336585642052e+01
5.120144264414899027e+01 3.740937721868049692e+01
5.343897988715554703e+01 3.733380845303010176e+01
5.576147465714980456e+01 3.725487568487146461e+01
5.817261926660692950e+01 3.717345787389413658e+01
6.067624696390976169e+01 3.709157689345183684e+01
6.327633802746378677e+01 3.701126147807319455e+01
6.597702609356160508e+01 3.693250215319162777e+01
6.878260472805632730e+01 3.685373377964892683e+01
7.169753425229113475e+01 3.677095448207592199e+01
7.472644883413840944e+01 3.668266654488201794e+01
7.787416385542003638e+01 3.659057754911301430e+01
8.114568356742292110e+01 3.649607822802310864e+01
8.454620904667969228e+01 3.639800223692731862e+01
8.808114646366354350e+01 3.629510021911654150e+01
9.175611567754152986e+01 3.618758296549094666e+01
9.557695917065196056e+01 3.607612129267025836e+01
9.954975133690855671e+01 3.595814690343417652e+01
1.036808081388989109e+02 3.583053722442252820e+01
1.079766971490294907e+02 3.569585373397738692e+01
1.124442479906817454e+02 3.556079671720319624e+01
1.170905631959773103e+02 3.542730965194212445e+01
1.219230294974152429e+02 3.529760897932314379e+01
1.269493295713319441e+02 3.516608339415494555e+01
1.321774542518540443e+02 3.502934611798878706e+01
1.376157152347620922e+02 3.488225183368630411e+01
1.432727582914611162e+02 3.472674833813884732e+01
1.491575770140662769e+02 3.456466174686566717e+01
1.552795271134557140e+02 3.439356581937656898e+01
1.616483412930208488e+02 3.421991959822202034e+01
1.682741447217615587e+02 3.404596792188291943e+01
1.751674711313248167e+02 3.386515839795668370e+01
1.823392795625775307e+02 3.367546724475883479e+01
1.898009717883386713e+02 3.349672350193070969e+01
1.975644104399679009e+02 3.332639631107841183e+01
2.056419378666298883e+02 3.314480822218531841e+01
2.140463957572152935e+02 3.296734709923576645e+01
2.227911455561147136e+02 3.280057893593378537e+01
2.318900897053027563e+02 3.262168612797155731e+01
2.413576937465015249e+02 3.240683523835602386e+01
2.512090093185644264e+02 3.216154597117256486e+01
2.614596980866417084e+02 3.194255467948328331e+01
2.721260566411748414e+02 3.174023782773804214e+01
2.832250424063160494e+02 3.151718100898629160e+01
2.947743005989933067e+02 3.128743188439695899e+01
3.067921922815579592e+02 3.104655266634879496e+01
3.192978235527980928e+02 3.078437476668911188e+01
3.323110759241557162e+02 3.047544364602620348e+01
3.458526379303727367e+02 3.014004937348419944e+01
3.599440380267465684e+02 2.984037700040640217e+01
3.746076788290029072e+02 2.956006897319272042e+01
3.898668727567863357e+02 2.927153925931128242e+01
4.057458791477715181e+02 2.894683863351184172e+01
4.222699429146735497e+02 2.856506312171899253e+01
4.394653348161423878e+02 2.821165665663715671e+01
4.573593933896525527e+02 2.775832958145879914e+01
4.759805685168430500e+02 2.726247927735941801e+01
4.953584663936877632e+02 2.678353685622228042e+01
5.155238952410232969e+02 2.623095718472803384e+01
5.365089102206734424e+02 2.572393020765982996e+01
5.583468544269445601e+02 2.519809465683034944e+01
5.810723901106747462e+02 2.466769448204448167e+01
6.047215100062219335e+02 2.405250496708254460e+01
6.293315123485367621e+02 2.345054105938980626e+01
6.549409146860174360e+02 2.281785106476716152e+01
6.815892712064570560e+02 2.217483549762630091e+01
7.093168471032309981e+02 2.154441520662351905e+01
7.381640937110472578e+02 2.085367004321840412e+01
7.681708631003216396e+02 2.026831490142438241e+01
7.993753047900737556e+02 1.933499335421087295e+01
8.318124045832659021e+02 1.858628128151331538e+01
8.655121594354448007e+02 1.776465618855073103e+01
9.004974331725278489e+02 1.681278826480073008e+01
9.367816020062148255e+02 1.585227620447152930e+01
9.743661674508501847e+02 1.481420678422675685e+01
1.013238574346794394e+03 1.397035541534186720e+01
1.053370507947394572e+03 1.291841809791764462e+01
1.094716942460414202e+03 1.182894296409656576e+01
1.137216165558141711e+03 1.046773345333166993e+01
1.180790909695743494e+03 9.151028850663609049e+00
1.225350592724754733e+03 7.972893434275395208e+00
1.270794527778172778e+03 6.518548531932867540e+00
1.317015831589255640e+03 5.360537095760847137e+00
1.363905666479049160e+03 4.184922538044888896e+00
1.411357412492841831e+03 3.024104553444464827e+00
1.459270389354046301e+03 2.298237326402319702e+00
1.507552826736266297e+03 1.294998700323846341e+00
1.556123898397764606e+03 3.953707859464911101e-01
1.604914767153012917e+03 2.740741184704754696e-01
1.653868709274200228e+03 2.624848077076418207e-01
1.702940479627662398e+03 2.534162545380945208e-01
1.752095132159049172e+03 2.482201072394970842e-01
1.801306523180252043e+03 2.434732301956272771e-01
1.850555704047520976e+03 2.400670622143089850e-01
1.899829366717214270e+03 2.375909388384882803e-01
1.949118452961202593e+03 2.359679305172363017e-01
1.998416986621143224e+03 2.340818776457549988e-01
2.047721145629193870e+03 2.329470962290669800e-01
2.097028560182861838e+03 2.325316298259549608e-01
2.146337805669024419e+03 2.325268264117288930e-01
2.195648051700256474e+03 2.317569043223233760e-01
2.244958828937427825e+03 2.320011669030700441e-01
2.294269880143359387e+03 2.314781060896657361e-01
2.343581068596646219e+03 2.318407287359641189e-01
2.392892323826960819e+03 2.311068633291678553e-01
2.442203610609321913e+03 2.310014857671259525e-01
2.491514911868193849e+03 2.308131468057556812e-01
2.540826219576108087e+03 2.311768796503552437e-01
2.590137530073237031e+03 2.307199870276071541e-01
2.639448841741435899e+03 2.300157134205445542e-01
2.688760153886898479e+03 2.300310264316850206e-01
2.738071466221144874e+03 2.301673725575819063e-01
2.787382778627862990e+03 2.306572184267156600e-01
2.836694091061577637e+03 2.309513769884586065e-01
2.886005403505049799e+03 2.310706026368393173e-01
2.935316715951943934e+03 2.317824887050994320e-01
2.984628028400002677e+03 2.319061903680742776e-01
3.033939340848445681e+03 2.320809203225405182e-01
3.083250653297010558e+03 2.322728384154082171e-01
3.132561965745614543e+03 2.324062239925789308e-01
3.181873278194229442e+03 2.319919544575752557e-01
3.231184590642848889e+03 2.318216534748368529e-01
3.280495903091468335e+03 2.317310137623167232e-01
3.329807215540087782e+03 2.315463328754070182e-01
3.379118527988707228e+03 2.317570057493655855e-01
3.428429840437326675e+03 2.318534560553229540e-01
3.477741152885946121e+03 2.316384295543305050e-01
3.527052465334565568e+03 2.321570587383333106e-01
3.576363777783185014e+03 2.319867305254424972e-01
3.625675090231804461e+03 2.325034075549277102e-01
3.674986402680423907e+03 2.324823005743243964e-01
3.724297715129043354e+03 2.330371431286664963e-01
3.773609027577662800e+03 2.334001321957831221e-01
3.822920340026282247e+03 2.343512589185822725e-01
3.872231652474901693e+03 2.349309815185275374e-01
3.921542964923521140e+03 2.355515967659587429e-01
3.970854277372141496e+03 2.355572322625812121e-01
4.020165589820760943e+03 2.356716161445036872e-01
4.069476902269380389e+03 2.360939190315722580e-01
4.118788214717999836e+03 2.372611130952873293e-01
4.168099527166618827e+03 2.376273589570866707e-01
4.217410839615238729e+03 2.377093132817212351e-01
4.266722152063857720e+03 2.373431743393622784e-01
4.316033464512477622e+03 2.363877992218861301e-01
4.365344776961096613e+03 2.352514559114888271e-01
4.414656089409716515e+03 2.334351075556982125e-01
4.463967401858335506e+03 2.319907962429482440e-01
4.513278714306955408e+03 2.309630158253945520e-01
4.562590026755575309e+03 2.319428361966565100e-01
4.611901339204194301e+03 2.324004917425518957e-01
4.661212651652814202e+03 2.338827569979796683e-01
4.710523964101433194e+03 2.343042950843344241e-01
4.759835276550053095e+03 2.354935598377939920e-01
4.809146588998672087e+03 2.352588846019244007e-01
4.858457901447291988e+03 2.355797357906951051e-01
4.907769213895910980e+03 2.360935455250987580e-01
4.957080526344530881e+03 2.370082330652977520e-01
5.006391838793149873e+03 2.374573876800014915e-01
5.055703151241769774e+03 2.380866501610811869e-01
5.105014463690388766e+03 2.377072428324447095e-01
5.154325776139008667e+03 2.385562967987553962e-01
5.203637088587627659e+03 2.382705281935108554e-01
5.252948401036247560e+03 2.388758621522557579e-01
5.302259713484866552e+03 2.390036846984728292e-01
5.351571025933486453e+03 2.400507709920824129e-01
5.400882338382105445e+03 2.402097602478260874e-01
5.450193650830725346e+03 2.418839009355056857e-01
5.499504963279344338e+03 2.426951900051432798e-01
5.548816275727964239e+03 2.434329537128283316e-01
5.598127588176583231e+03 2.438902579709402996e-01
5.647438900625203132e+03 2.436167103930738098e-01
5.696750213073822124e+03 2.426780014538676700e-01
5.746061525522442025e+03 2.417303531378413861e-01
5.795372837971061017e+03 2.410322519372058991e-01
5.844684150419680918e+03 2.402826221364228187e-01
5.893995462868299910e+03 2.399828438980275425e-01
5.943306775316919811e+03 2.398323643766566704e-01
5.992618087765539713e+03 2.394201351425838120e-01
6.041929400214158704e+03 2.393935893142460913e-01
6.091240712662778606e+03 2.397027784838514364e-01
6.140552025111397597e+03 2.403181049880887266e-01
6.189863337560017499e+03 2.412803799101965463e-01
6.239174650008636490e+03 2.413445586055704695e-01
6.288485962457256392e+03 2.415654748514387828e-01
6.337797274905876293e+03 2.413412187814183429e-01
6.387108587354495285e+03 2.413577402116988679e-01
6.436419899803115186e+03 2.422557345880586022e-01
6.485731212251734178e+03 2.439925952886954630e-01
6.535042524700354079e+03 2.455847445386466210e-01
6.584353837148973980e+03 2.464910918079985247e-01
6.633665149597592972e+03 2.468025206222575763e-01
6.682976462046212873e+03 2.472873212866496806e-01
6.732287774494831865e+03 2.478891323101171384e-01
6.781599086943451766e+03 2.481339131973361589e-01
6.830910399392070758e+03 2.484212817193539036e-01
6.880221711840690659e+03 2.487151749484149965e-01
6.929533024289309651e+03 2.490982564169201552e-01
6.978844336737929552e+03 2.501892202096479556e-01
7.028155649186548544e+03 2.526332600501013381e-01
7.077466961635168445e+03 2.531735773685062640e-01
7.126778274083787437e+03 2.548638077592633722e-01
7.176089586532407338e+03 2.546514598790477479e-01
7.225400898981026330e+03 2.558920711116786095e-01
7.274712211429646231e+03 2.542327330888292103e-01
7.324023523878265223e+03 2.540849239017341499e-01
7.373334836326885124e+03 2.504369011149656932e-01
7.422646148775504116e+03 2.483787811243174104e-01
7.471957461224124017e+03 2.420631797254118311e-01
7.521268773672743009e+03 2.389013790710282636e-01
7.570580086121362910e+03 2.316700795787014489e-01
7.619891398569981902e+03 2.279586261931319524e-01
7.669202711018601804e+03 2.177076228855084894e-01
7.718514023467220795e+03 2.109711236187542804e-01
7.767825335915840697e+03 1.900057622219646081e-01
7.817136648364459688e+03 1.696292936652034899e-01
7.866447960813079590e+03 1.381103014638294380e-01
