# Columns: yplus Trms_plus | Case=jet_M16_T75 | x*=10.00
4.147555368925651686e-01 2.287579174798200299e+01
1.215071090914517038e+00 2.291539294564416807e+01
2.018684049772712097e+00 2.299576802384091678e+01
2.826487790187721227e+00 2.311832617068499829e+01
3.639472671274926352e+00 2.327843855495994418e+01
4.458712971609646303e+00 2.346465611639435167e+01
5.285353860549530047e+00 2.366199863917257318e+01
6.120599521807198684e+00 2.385626471951201566e+01
6.965703130275271882e+00 2.403625922166889950e+01
7.821958998931952678e+00 2.419435633150454734e+01
8.690696907736006338e+00 2.432595489286027046e+01
9.573278419652920590e+00 2.442963427669857168e+01
1.047109487678341821e+01 2.450630831177820568e+01
1.138556673416685427e+01 2.455876243967994554e+01
1.231814390646427348e+01 2.458971430770271382e+01
1.327030685026697476e+01 2.460235661741781854e+01
1.424356816364883294e+01 2.459896792981395208e+01
1.523947454219464070e+01 2.458221320382703112e+01
1.625960898015625133e+01 2.455385245169568975e+01
1.730559314403166482e+01 2.451657790498395428e+01
1.837908987395405802e+01 2.447184363565055776e+01
1.948180578748184644e+01 2.442228794950534621e+01
2.061549397282336216e+01 2.436922291560371434e+01
2.178195676621691845e+01 2.431443578328514121e+01
2.298304861274426614e+01 2.425760023595826098e+01
2.422067901246836286e+01 2.419865868639008255e+01
2.549681555525570076e+01 2.413684344351314337e+01
2.681348704847209419e+01 2.407309498668652026e+01
2.817278674222990276e+01 2.400854608329192885e+01
2.957687565718259393e+01 2.394426717695512963e+01
3.102798602010025419e+01 2.387977369454253918e+01
3.252842481266438313e+01 2.381529026701659291e+01
3.408057743911429327e+01 2.375194650567706489e+01
3.568691151857207444e+01 2.368995749446404631e+01
3.734998080807410759e+01 2.362916163424427296e+01
3.907242926254507864e+01 2.356983181112771319e+01
4.085699523816924028e+01 2.351178903565690703e+01
4.270651584584125260e+01 2.345419653486991862e+01
4.462393146161749513e+01 2.339621748240044852e+01
4.661229040133913770e+01 2.333608310984272904e+01
4.867475376685802502e+01 2.327266920913346127e+01
5.081460047157047200e+01 2.320836997053741868e+01
5.303523245324824842e+01 2.314534315438853795e+01
5.534018008245448073e+01 2.308753690222669874e+01
5.773310777514217307e+01 2.303526478761137852e+01
6.021781981835916753e+01 2.298861858704707117e+01
6.279826641832028855e+01 2.294573024173975639e+01
6.547854998046288699e+01 2.290645168752174854e+01
6.826293163146924314e+01 2.286767700019504446e+01
7.115583799362431705e+01 2.282693187478049879e+01
7.416186822227983555e+01 2.278843730967868098e+01
7.728580131761157190e+01 2.275219205186871818e+01
8.053260372229520669e+01 2.271961872473619337e+01
8.390743721717865355e+01 2.269775109183348860e+01
8.741566712750456247e+01 2.268411589245016202e+01
9.106287085272755633e+01 2.266892291813817550e+01
9.485484673348905460e+01 2.264890041868402903e+01
9.879762326984477738e+01 2.263142160492991195e+01
1.028974687054009109e+02 2.261609156120843522e+01
1.071609009925952876e+02 2.260846866128458643e+01
1.115946981549674319e+02 2.261184243255581094e+01
1.162059090628901146e+02 2.261129400383732957e+01
1.210018646398948761e+02 2.261310292883065287e+01
1.259901895174066908e+02 2.262056579488407948e+01
1.311788141564166779e+02 2.263419768345224625e+01
1.365759874553643556e+02 2.266035327831192348e+01
1.421902898642727848e+02 2.269238457956012311e+01
1.480306470259858997e+02 2.272950824973335671e+01
1.541063439661953396e+02 2.276402938490974392e+01
1.604270398548151491e+02 2.280558559876787328e+01
1.670027833621730622e+02 2.284764914864486940e+01
1.738440286344312256e+02 2.289784584293430569e+01
1.809616519136337445e+02 2.294455459019529897e+01
1.883669688288047723e+02 2.300452750898760002e+01
1.960717523855854267e+02 2.308807640444433673e+01
2.040882516830107249e+02 2.318498937971338592e+01
2.124292113871810557e+02 2.328409815954303497e+01
2.211078919927889501e+02 2.336818251606785424e+01
2.301380909047127545e+02 2.343190769012429442e+01
2.395341643731918282e+02 2.347921830946762611e+01
2.493110503174581254e+02 2.356500422783711457e+01
2.594842920741098169e+02 2.365476690007307070e+01
2.700700631079862433e+02 2.377284301163664892e+01
2.810851927248418178e+02 2.386773315690393815e+01
2.925471928267270982e+02 2.393786216062735051e+01
3.044742857526901503e+02 2.398999501989617755e+01
3.168854332492434196e+02 2.404188851350017231e+01
3.298003666170793053e+02 2.408856463008470783e+01
3.432396180828883416e+02 2.412834791378088894e+01
3.572245534480662172e+02 2.416437049324677844e+01
3.717774060698940843e+02 2.420941306867957010e+01
3.869213122357321026e+02 2.420477866959966917e+01
4.026803479967222188e+02 2.416891004844978852e+01
4.190795675327332788e+02 2.411442058783009657e+01
4.361450431189972505e+02 2.412855373044906315e+01
4.539039067421828122e+02 2.408507482958544088e+01
4.723843933365865837e+02 2.399467285100715941e+01
4.916158854145404007e+02 2.387983639359751109e+01
5.116289584315823618e+02 2.373850219167794506e+01
5.324554253632264817e+02 2.360495447050685414e+01
5.541283773867554601e+02 2.357770731817610965e+01
5.766822148693627241e+02 2.340110911736726251e+01
6.001526586095610583e+02 2.315930490709535761e+01
6.245767250430105832e+02 2.284156010374671553e+01
6.499926407065408966e+02 2.260970095896285414e+01
6.764396609442578665e+02 2.240912365383710281e+01
7.039577467339895520e+02 2.223266010579295582e+01
7.325870437885433830e+02 2.202163482453842747e+01
7.623671030840557705e+02 2.180279493281190994e+01
7.933357859085497239e+02 2.158901501044996607e+01
8.255278137368101170e+02 2.128058103263373368e+01
8.589729568884363289e+02 2.087929915039037354e+01
8.936939064463205113e+02 2.035281679228080165e+01
9.297039375608932232e+02 1.991123423939239245e+01
9.670045404021099102e+02 1.921100961695757547e+01
1.005583254668307518e+03 1.813808336353112693e+01
1.045411979539190270e+03 1.654475124548170584e+01
1.086446029405813078e+03 1.465830003789151981e+01
1.128624158195509381e+03 1.250402006583519565e+01
1.171869682142795682e+03 1.048053984646754522e+01
1.216092703474359041e+03 8.363761313286449450e+00
1.261193296042512429e+03 6.383800685360713878e+00
1.307065384115477173e+03 4.391145059052819377e+00
1.353600952315430050e+03 2.900251053714415050e+00
1.400694186233221899e+03 2.004392766791724956e+00
1.448245166261787745e+03 1.156660047363775146e+00
1.496162815426923089e+03 6.271535340079010812e-01
1.544366918153257075e+03 5.221453208122751599e-01
1.592789157340732345e+03 4.792526818743350070e-01
1.641373237826222066e+03 4.440892088280316008e-01
1.690074256316543597e+03 4.211616679782248518e-01
1.738857530785211566e+03 4.000430130278063712e-01
1.787697115067480354e+03 3.874905007228345299e-01
1.836574203682255074e+03 3.754850560130285064e-01
1.885475589132134019e+03 3.675833163942165416e-01
1.934392281626603562e+03 3.603591678114763663e-01
1.983318350158979456e+03 3.560453299054880949e-01
2.032250001538282504e+03 3.516581045771604574e-01
2.081184883866584642e+03 3.491074036951563597e-01
2.130121583294140237e+03 3.460133019596773885e-01
2.179059275707348661e+03 3.442613220205378854e-01
2.227997495313076797e+03 3.426292689728710483e-01
2.276935986817650246e+03 3.412984680642909829e-01
2.325874614532633586e+03 3.390185210860433562e-01
2.374813308520124338e+03 3.376691274785167396e-01
2.423752033821277109e+03 3.357798208594672817e-01
2.472690773489565345e+03 3.348821557119294745e-01
2.521629519558171978e+03 3.341408539471255046e-01
2.570568268394920324e+03 3.326867135271151521e-01
2.619507018393890576e+03 3.316997636971494856e-01
2.668445768866518392e+03 3.304640924438730365e-01
2.717384519526503937e+03 3.296100994119177674e-01
2.766323270258413686e+03 3.292554398794573234e-01
2.815262021017115785e+03 3.290757750470200138e-01
2.864200771785501729e+03 3.283506648690724949e-01
2.913139522557284181e+03 3.280020781326219437e-01
2.962078273330221691e+03 3.275682010400982613e-01
3.011017024103541189e+03 3.278301284426390350e-01
3.059955774876981650e+03 3.283695158318501450e-01
3.108894525650460764e+03 3.296987220840563726e-01
3.157833276423950338e+03 3.293094001492235523e-01
3.206772027197444459e+03 3.310051384303394628e-01
3.255710777970939034e+03 3.305977639496129328e-01
3.304649528744433610e+03 3.319074472015987043e-01
3.353588279517928186e+03 3.308916116120799722e-01
3.402527030291422307e+03 3.330488959211282407e-01
3.451465781064916882e+03 3.329974174243052198e-01
3.500404531838411458e+03 3.340628623493582805e-01
3.549343282611905579e+03 3.337129865931118267e-01
3.598282033385400155e+03 3.333961110632474578e-01
3.647220784158894730e+03 3.326992296085080070e-01
3.696159534932388851e+03 3.334551351825006393e-01
3.745098285705883427e+03 3.316482441065137787e-01
3.794037036479378003e+03 3.319757342552211443e-01
3.842975787252872124e+03 3.307602093691714429e-01
3.891914538026366699e+03 3.309380612847784842e-01
3.940853288799861730e+03 3.302112014173015364e-01
3.989792039573356305e+03 3.300061844187061610e-01
4.038730790346850881e+03 3.298607960821098306e-01
4.087669541120345457e+03 3.290861485231884043e-01
4.136608291893840033e+03 3.288108396762252084e-01
4.185547042667333699e+03 3.283073908811143249e-01
4.234485793440828274e+03 3.284457734631830439e-01
4.283424544214322850e+03 3.284757948774566505e-01
4.332363294987817426e+03 3.292565078832531134e-01
4.381302045761312002e+03 3.285126679225850999e-01
4.430240796534806577e+03 3.274055599844628572e-01
4.479179547308301153e+03 3.243957569030698207e-01
4.528118298081794819e+03 3.251951082643036450e-01
4.577057048855289395e+03 3.240399583630546032e-01
4.625995799628783971e+03 3.236610187021814466e-01
4.674934550402278546e+03 3.232791740461664620e-01
4.723873301175773122e+03 3.239706938156524108e-01
4.772812051949267698e+03 3.233742044653624692e-01
4.821750802722761364e+03 3.229575338020935771e-01
4.870689553496255940e+03 3.230279407123737290e-01
4.919628304269750515e+03 3.216003888511253517e-01
4.968567055043245091e+03 3.224599660063284245e-01
5.017505805816739667e+03 3.213185691027253266e-01
5.066444556590234242e+03 3.214248458968923527e-01
5.115383307363728818e+03 3.208266816535326749e-01
5.164322058137222484e+03 3.210731305555814541e-01
5.213260808910717060e+03 3.201437738965091651e-01
5.262199559684211636e+03 3.196139759196324204e-01
5.311138310457706211e+03 3.183825924959613474e-01
5.360077061231200787e+03 3.183743130327978399e-01
5.409015812004695363e+03 3.190214448365780719e-01
5.457954562778189938e+03 3.187791912113190351e-01
5.506893313551683605e+03 3.188288189356500157e-01
5.555832064325178180e+03 3.183960172000832589e-01
5.604770815098672756e+03 3.171152377484517948e-01
5.653709565872167332e+03 3.173897906460548257e-01
5.702648316645661907e+03 3.185074946871635504e-01
5.751587067419156483e+03 3.185415603898336112e-01
5.800525818192650149e+03 3.184316632870793362e-01
5.849464568966144725e+03 3.184716383245673743e-01
5.898403319739639301e+03 3.183394169864415257e-01
5.947342070513133876e+03 3.171524613113114732e-01
5.996280821286628452e+03 3.170446057142209395e-01
6.045219572060123028e+03 3.161228378479352674e-01
6.094158322833617603e+03 3.156634688022937341e-01
6.143097073607111270e+03 3.158419908169910473e-01
6.192035824380605845e+03 3.154735167204386070e-01
6.240974575154100421e+03 3.156950870492227779e-01
6.289913325927595906e+03 3.154968587436743910e-01
6.338852076701090482e+03 3.164824740583463414e-01
6.387790827474584148e+03 3.152629473260292192e-01
6.436729578248078724e+03 3.151795797227278650e-01
6.485668329021573300e+03 3.144999692386091783e-01
6.534607079795067875e+03 3.150877993695733736e-01
6.583545830568562451e+03 3.146548332764838585e-01
6.632484581342057027e+03 3.146699351342697182e-01
6.681423332115551602e+03 3.145551022230299032e-01
6.730362082889045269e+03 3.152151619574886099e-01
6.779300833662539844e+03 3.153146843598572113e-01
6.828239584436034420e+03 3.144585152603122657e-01
6.877178335209528996e+03 3.132972115316252082e-01
6.926117085983023571e+03 3.134854604645681553e-01
6.975055836756518147e+03 3.142784647658053987e-01
7.023994587530011813e+03 3.140189742825313934e-01
7.072933338303506389e+03 3.149292252129014535e-01
7.121872089077000965e+03 3.156417408802997815e-01
7.170810839850495540e+03 3.154164641108292422e-01
7.219749590623990116e+03 3.141714094162039728e-01
7.268688341397484692e+03 3.150145786248664814e-01
7.317627092170979267e+03 3.128765714647943619e-01
7.366565842944472934e+03 3.120110584444182322e-01
7.415504593717967509e+03 3.080236592006805885e-01
7.464443344491462085e+03 3.043664864266522607e-01
7.513382095264956661e+03 2.959417879026433051e-01
7.562320846038451236e+03 2.908880100155568638e-01
7.611259596811945812e+03 2.795329804780281036e-01
7.660198347585439478e+03 2.709594844546728831e-01
7.709137098358934054e+03 2.493419261513482310e-01
7.758075849132428630e+03 2.296806399118810627e-01
7.807014599905923205e+03 1.956572565331463343e-01
