# Columns: yplus Trms_plus | Case=jet_M12_T75 | x*=10.00
4.144407245336201306e-01 2.661888031197282345e+01
1.214148814145693978e+00 2.665704250655952379e+01
2.017151805761131289e+00 2.673292814485415292e+01
2.824342397999771492e+00 2.684598098661619048e+01
3.636710198263608973e+00 2.698929839726753954e+01
4.455328669717095735e+00 2.714960571520778743e+01
5.281342112498701447e+00 2.731121045398831271e+01
6.115953796308138735e+00 2.746036326701375430e+01
6.960415944839285274e+00 2.758751122763697339e+01
7.816021888646519145e+00 2.768723554593686131e+01
8.684100398344234861e+00 2.775776486958603329e+01
9.566012003429262833e+00 2.779983643685527994e+01
1.046314698993036885e+01 2.781599505868665645e+01
1.137692473471733834e+01 2.780959757322328230e+01
1.230879405192086473e+01 2.778414906558448294e+01
1.326023427441962710e+01 2.774288654654293040e+01
1.423275685217849329e+01 2.768880308873306362e+01
1.522790730679217752e+01 2.762459149938254654e+01
1.624726743097063064e+01 2.755221857174050371e+01
1.729245766031652565e+01 2.747308612975407982e+01
1.836513957281562881e+01 2.738845569428898585e+01
1.946701849065052059e+01 2.729927306046457147e+01
2.059984617138103147e+01 2.720645101623041739e+01
2.176542358321618664e+01 2.711135259878226123e+01
2.296560376365620826e+01 2.701499454697674807e+01
2.420229476339408947e+01 2.691860349117424178e+01
2.547746267883438875e+01 2.682261175854176827e+01
2.679313477741499128e+01 2.672830835951338813e+01
2.815140272040628489e+01 2.663510900896895350e+01
2.955442588817981076e+01 2.654273780653366188e+01
3.100443481317608274e+01 2.645151239993649384e+01
3.250373472600571745e+01 2.636204021354154392e+01
3.405470922031196324e+01 2.627348551352355699e+01
3.565982404221721680e+01 2.618520668995250844e+01
3.732163101037679809e+01 2.609795137926434805e+01
3.904277207287133677e+01 2.601193892103916383e+01
4.082598350738753368e+01 2.592806178715034093e+01
4.267410027136457984e+01 2.584548828318819602e+01
4.459006050902193863e+01 2.576475118368680839e+01
4.657691022243419354e+01 2.568836925906703073e+01
4.863780811407850990e+01 2.561675865600953728e+01
5.077603060855391703e+01 2.554514817059094511e+01
5.299497706145554332e+01 2.547013011908571656e+01
5.529817516368539287e+01 2.538978157359665033e+01
5.768928654979074366e+01 2.530484150457799331e+01
6.017211261924718713e+01 2.521679953117937600e+01
6.275060057994009810e+01 2.512920865315040686e+01
6.542884972345343897e+01 2.504535594642759122e+01
6.821111794214175461e+01 2.496724067127189528e+01
7.110182849834593810e+01 2.489059819592598188e+01
7.410557705651565641e+01 2.481513947633615302e+01
7.722713898941688626e+01 2.474501492528242963e+01
8.047147697004072597e+01 2.467768494320409189e+01
8.384374886128284743e+01 2.461272227379390287e+01
8.734931591593702649e+01 2.454935074787186622e+01
9.099375130003816992e+01 2.448944747492089391e+01
9.478284895310673619e+01 2.443900578213832731e+01
9.872263279937928360e+01 2.439681645690435374e+01
1.028193663246700424e+02 2.435165772349211011e+01
1.070795625340881116e+02 2.430958116770782951e+01
1.115099943064422519e+02 2.427671521997696402e+01
1.161177051617932534e+02 2.424250956048104300e+01
1.209100204592735963e+02 2.420466163028241979e+01
1.258945590429757146e+02 2.416712861794767520e+01
1.310792453544240459e+02 2.412855171542154054e+01
1.364723220308875398e+02 2.409901998924811295e+01
1.420823630095606802e+02 2.408414450728242784e+01
1.479182871584466739e+02 2.407851136043423779e+01
1.539893724556137897e+02 2.409033371783030120e+01
1.603052707393654543e+02 2.410314640393655239e+01
1.668760230527760484e+02 2.412518919585851762e+01
1.737120756069853371e+02 2.416299009442107959e+01
1.808242963886313817e+02 2.420452173767654358e+01
1.882239924378236822e+02 2.425385093103746925e+01
1.959229278241257930e+02 2.429257258264199848e+01
2.039333423491253541e+02 2.433632877141497985e+01
2.122679710053245969e+02 2.438101003414722712e+01
2.209400642222879867e+02 2.442360212468654268e+01
2.299634089322341310e+02 2.446592563418663957e+01
2.393523504885617967e+02 2.452330025576408445e+01
2.491218154721573512e+02 2.456057673912302519e+01
2.592873354217427959e+02 2.457312404253172744e+01
2.698650715259944946e+02 2.456220965141691082e+01
2.808718403166998883e+02 2.455475475859035939e+01
2.923251404038310852e+02 2.454939593955290178e+01
3.042431802951137456e+02 2.451522907845368238e+01
3.166449073445045883e+02 2.446000307580739275e+01
3.295500378760248736e+02 2.444158207434056962e+01
3.429790885317661377e+02 2.439641085093150252e+01
3.569534088958158691e+02 2.432012194589708898e+01
3.714952154496452863e+02 2.420036085162998774e+01
3.866276269194524389e+02 2.412242488171808219e+01
4.023747010819071761e+02 2.407780249774968340e+01
4.187614730999763424e+02 2.394543496456511633e+01
4.358139954592235199e+02 2.382017519509398795e+01
4.535593795522952973e+02 2.365991211914590053e+01
4.720258388822945221e+02 2.346130656436845285e+01
4.912427336593119094e+02 2.326849652245781641e+01
5.112406161311632218e+02 2.312489269963450411e+01
5.320512751263240716e+02 2.295897407733033546e+01
5.537077767048441501e+02 2.283932419046516671e+01
5.762444951229673507e+02 2.266891902751741128e+01
5.996971240660091098e+02 2.250624560057462631e+01
6.241026518730027419e+02 2.230672680318851064e+01
6.494992760656469954e+02 2.212963737947637810e+01
6.759262221920199636e+02 2.202711611601302266e+01
7.034234208983241388e+02 2.181707870745785272e+01
7.320309874255216300e+02 2.173501872039856408e+01
7.617884427293269027e+02 2.159788915039804280e+01
7.927336193598675891e+02 2.155332782055680241e+01
8.249012124372485459e+02 2.142597725817683951e+01
8.583209696844701284e+02 2.123003588323275537e+01
8.930155649611866693e+02 2.082078871302952194e+01
9.289982633415762621e+02 2.024837319026947569e+01
9.662705538645091110e+02 1.951580666875346992e+01
1.004819985686078667e+03 1.844251573611212791e+01
1.044618479315386367e+03 1.692588638675904633e+01
1.085621383061254846e+03 1.516630339463093868e+01
1.127767497338692692e+03 1.307760584064763165e+01
1.170980196587580167e+03 1.074069429072569370e+01
1.215169651269812448e+03 8.464977176294906869e+00
1.260236011084757592e+03 6.050908701657298217e+00
1.306073280815418229e+03 3.727946840765639980e+00
1.352573527071004492e+03 2.177228384140471817e+00
1.399631015758796138e+03 1.252051788234475938e+00
1.447145903113819941e+03 7.532679880860165822e-01
1.495027181292128262e+03 6.358016143519241714e-01
1.543194695604468279e+03 5.640453958845541571e-01
1.591580180805587361e+03 5.099549946173960180e-01
1.640127384462139617e+03 4.651427824317345139e-01
1.688791437363939394e+03 4.326631353368518007e-01
1.737537683809238160e+03 4.037233500611395742e-01
1.786340197327237092e+03 3.839942472106260274e-01
1.835180186710786302e+03 3.669282116192831844e-01
1.884044454487386020e+03 3.552874724476248747e-01
1.932924017690053006e+03 3.432549973566012547e-01
1.981812949813921932e+03 3.349980274115845202e-01
2.030707460547163464e+03 3.276404097788456204e-01
2.079605199777013240e+03 3.225501459716116903e-01
2.128504754726881401e+03 3.176949736999128970e-01
2.177405301908695947e+03 3.158114806778353767e-01
2.226306375882874363e+03 3.109258981344401596e-01
2.275207721549517828e+03 3.092831809810774324e-01
2.324109203323183920e+03 3.066523340601544634e-01
2.373010751319054634e+03 3.047167074736590875e-01
2.421912330604818635e+03 3.037849039569325282e-01
2.470813924246813713e+03 3.028803131169430229e-01
2.519715524284268668e+03 3.015493181158577229e-01
2.568617127087764402e+03 3.013494819889251386e-01
2.617518731052599833e+03 3.013987283122560590e-01
2.666420335490733578e+03 3.014855399859469043e-01
2.715321940116082715e+03 3.013793990495178821e-01
2.764223544813301032e+03 3.018068717900754261e-01
2.813125149537291691e+03 3.014201772235159393e-01
2.862026754270958918e+03 3.023128027504430881e-01
2.910928359008019925e+03 3.026291583610154490e-01
2.959829963746235535e+03 3.016157708044789887e-01
3.008731568484832223e+03 3.027910253891625825e-01
3.057633173223549875e+03 3.012879740546393070e-01
3.106534777962306634e+03 3.018451259117485574e-01
3.155436382701073398e+03 3.001402364551037927e-01
3.204337987439845165e+03 3.009440386149543345e-01
3.253239592178616931e+03 3.005932060938585892e-01
3.302141196917388697e+03 3.015707984821726084e-01
3.351042801656160464e+03 3.017878623050614384e-01
3.399944406394932230e+03 3.017452811196995599e-01
3.448846011133703996e+03 3.012808665004864106e-01
3.497747615872475762e+03 3.018396248124754488e-01
3.546649220611247529e+03 3.013778513137045922e-01
3.595550825350019295e+03 3.006587727781584451e-01
3.644452430088791061e+03 2.998548767839471774e-01
3.693354034827562828e+03 2.982805749397079431e-01
3.742255639566334594e+03 2.980312626186942815e-01
3.791157244305106360e+03 2.977208023873692544e-01
3.840058849043878126e+03 2.982665379009211137e-01
3.888960453782649893e+03 2.968997474387156665e-01
3.937862058521422568e+03 2.968199599854331461e-01
3.986763663260194335e+03 2.966691571266254490e-01
4.035665267998966101e+03 2.977147911211983633e-01
4.084566872737737867e+03 2.968948455783576579e-01
4.133468477476509179e+03 2.974704823617717597e-01
4.182370082215281400e+03 2.965609958407726676e-01
4.231271686954053621e+03 2.966400241524324022e-01
4.280173291692824932e+03 2.961836438278911965e-01
4.329074896431597153e+03 2.963058041460732150e-01
4.377976501170368465e+03 2.976793123676494401e-01
4.426878105909140686e+03 2.982225105695990863e-01
4.475779710647911998e+03 2.988585929282072118e-01
4.524681315386684219e+03 2.993289836301981643e-01
4.573582920125455530e+03 2.996006121533334454e-01
4.622484524864227751e+03 2.995313860225259917e-01
4.671386129602999063e+03 2.998975140458486899e-01
4.720287734341771284e+03 2.992943842006821065e-01
4.769189339080542595e+03 2.977781503816011588e-01
4.818090943819314816e+03 2.964817949837442734e-01
4.866992548558086128e+03 2.948748881922244047e-01
4.915894153296858349e+03 2.944863236818009433e-01
4.964795758035629660e+03 2.934725217998467306e-01
5.013697362774401881e+03 2.933666628183706493e-01
5.062598967513173193e+03 2.925951668359044744e-01
5.111500572251945414e+03 2.924065081280974865e-01
5.160402176990716725e+03 2.927346511166055709e-01
5.209303781729488946e+03 2.928595013307206396e-01
5.258205386468260258e+03 2.930096653644323479e-01
5.307106991207032479e+03 2.929504684483698607e-01
5.356008595945803791e+03 2.931388402185807207e-01
5.404910200684576012e+03 2.935036552038787216e-01
5.453811805423347323e+03 2.935462381905737939e-01
5.502713410162119544e+03 2.933020660549833791e-01
5.551615014900890856e+03 2.931875138314721796e-01
5.600516619639663077e+03 2.932905047188966718e-01
5.649418224378434388e+03 2.928140032571048823e-01
5.698319829117206609e+03 2.930026784718384181e-01
5.747221433855977921e+03 2.933549566634819361e-01
5.796123038594750142e+03 2.937287351282152348e-01
5.845024643333521453e+03 2.941080394079833571e-01
5.893926248072293674e+03 2.940254070816628595e-01
5.942827852811064986e+03 2.940032368056212375e-01
5.991729457549837207e+03 2.934798231750432307e-01
6.040631062288608518e+03 2.934152312395250095e-01
6.089532667027380739e+03 2.944781184315513611e-01
6.138434271766152051e+03 2.952557840732648597e-01
6.187335876504924272e+03 2.963948724002962165e-01
6.236237481243695584e+03 2.969467645391168364e-01
6.285139085982468714e+03 2.982149163523079571e-01
6.334040690721240026e+03 2.976907477656275947e-01
6.382942295460012247e+03 2.979073384192261198e-01
6.431843900198783558e+03 2.972718252713876241e-01
6.480745504937555779e+03 2.966883424706835415e-01
6.529647109676327091e+03 2.960770164211777300e-01
6.578548714415099312e+03 2.954072799292040696e-01
6.627450319153870623e+03 2.958293026015592075e-01
6.676351923892642844e+03 2.958965040897840737e-01
6.725253528631414156e+03 2.965110921016682055e-01
6.774155133370186377e+03 2.979353206289988010e-01
6.823056738108957688e+03 2.988251567944129605e-01
6.871958342847729909e+03 3.002787502336373149e-01
6.920859947586501221e+03 2.998077483408480015e-01
6.969761552325273442e+03 3.003397574774677170e-01
7.018663157064044753e+03 2.993570049762094842e-01
7.067564761802816975e+03 3.004664661886226051e-01
7.116466366541588286e+03 3.007722128109877602e-01
7.165367971280360507e+03 3.016943354952491552e-01
7.214269576019131819e+03 3.005948626720542638e-01
7.263171180757904040e+03 3.002646698786217705e-01
7.312072785496675351e+03 2.978392264248020949e-01
7.360974390235447572e+03 2.968915592643637247e-01
7.409875994974218884e+03 2.923114566466739617e-01
7.458777599712991105e+03 2.886899511749720926e-01
7.507679204451763326e+03 2.820443618091000304e-01
7.556580809190534637e+03 2.778058887187981330e-01
7.605482413929306858e+03 2.667758431888742066e-01
7.654384018668078170e+03 2.586725722706566533e-01
7.703285623406850391e+03 2.381504932484460046e-01
7.752187228145621702e+03 2.190406488505418359e-01
7.801088832884393923e+03 1.841905724305050174e-01
