# Columns: yplus Trms_plus | Case=jet_M12_T05 | x*=10.00
4.313427773867807291e-01 5.697150067988906841e+01
1.263665201444230446e+00 5.702059685989403448e+01
2.099416902831863663e+00 5.711372667481354171e+01
2.939526986918088003e+00 5.724318970053769107e+01
3.785025420064870971e+00 5.739490009197853482e+01
4.637029444269359146e+00 5.755050131321021922e+01
5.496730027432805699e+00 5.769257079551911005e+01
6.365379511961481995e+00 5.780759952517362166e+01
7.244281190736740150e+00 5.788777314673760088e+01
8.134781139953268791e+00 5.792981784479430729e+01
9.038262321210625672e+00 5.793491728163288457e+01
9.956140750206930790e+00 5.790658721614593674e+01
1.088986341272690517e+01 5.784998053587388256e+01
1.184090757180221942e+01 5.777036751417712424e+01
1.281078112825934845e+01 5.767285814498653451e+01
1.380102374631273143e+01 5.756127257612455139e+01
1.481320851708766817e+01 5.743941269325577537e+01
1.584894399287574274e+01 5.730958087604420825e+01
1.690987647632139357e+01 5.717438458905350984e+01
1.799769248892710394e+01 5.703474032332652399e+01
1.911412137248000676e+01 5.689071403413173300e+01
2.026093799697484954e+01 5.674255227507011767e+01
2.143996556154828426e+01 5.659195038834256763e+01
2.265307848293419113e+01 5.644004202376732593e+01
2.390220537068908868e+01 5.628819899834434182e+01
2.518933209115427374e+01 5.613758561921984125e+01
2.651650492364919032e+01 5.598863052130988649e+01
2.788583381325259225e+01 5.584234086351325033e+01
2.929949572503647204e+01 5.569918467725742062e+01
3.075973810494848593e+01 5.555882845613471233e+01
3.226888245278579603e+01 5.542147057863160597e+01
3.382932801291613600e+01 5.528553135876533275e+01
3.544355558860372923e+01 5.515001085227434885e+01
3.711413148599996958e+01 5.501148200460340831e+01
3.884371159406801866e+01 5.487158922321867749e+01
4.063504560692661016e+01 5.473501697889649620e+01
4.249098139532591034e+01 5.460760718962814764e+01
4.441446953420512500e+01 5.448702114058849588e+01
4.640856799352948059e+01 5.437285733227911066e+01
4.847644699986455663e+01 5.426400587981436274e+01
5.062139407641640787e+01 5.416251052021572576e+01
5.284681926955061471e+01 5.406281272532114457e+01
5.515626057009898631e+01 5.395981726137151924e+01
5.755338953807326163e+01 5.385268309919064222e+01
6.004201713972722843e+01 5.374371864780077601e+01
6.262609980624802120e+01 5.363177428917492762e+01
6.530974572370763553e+01 5.351877509960667112e+01
6.809722136427562589e+01 5.340847424752529804e+01
7.099295826907545859e+01 5.330302970996992684e+01
7.400156009346795827e+01 5.320067647714135717e+01
7.712780992596327678e+01 5.309706376382899151e+01
8.037667789239603167e+01 5.299702762846813187e+01
8.375332905745349876e+01 5.290489161052322231e+01
8.726313163611814616e+01 5.281944035142181093e+01
9.091166552807999324e+01 5.273706249818688008e+01
9.470473118868527251e+01 5.266143779119203572e+01
9.864835885052654874e+01 5.258759790861145689e+01
1.027488181103329907e+02 5.252494777493475908e+01
1.070126278964031314e+02 5.247025803817865608e+01
1.114465668324257166e+02 5.240560456725736316e+01
1.160576840141660142e+02 5.236136379289337839e+01
1.208533102161491968e+02 5.232434984357962549e+01
1.258410695461583657e+02 5.226675040168841946e+01
1.310288915660748046e+02 5.221266827188433979e+01
1.364250238983305223e+02 5.216185808857817108e+01
1.420380453380151380e+02 5.211693533423515845e+01
1.478768794914821569e+02 5.207351073382572793e+01
1.539508089631377743e+02 5.204305865317576263e+01
1.602694901129669063e+02 5.202002399002986976e+01
1.668429684082565245e+02 5.196972246512793703e+01
1.736816943939244879e+02 5.190284733402641848e+01
1.807965403068421040e+02 5.182452372236816984e+01
1.881988173605642203e+02 5.174194488099203681e+01
1.959002937279468028e+02 5.167009349769585214e+01
2.039132132502403465e+02 5.162044498761274980e+01
2.122503149024029767e+02 5.154606584045723849e+01
2.209248530455790842e+02 5.148894300594089657e+01
2.299506184989415090e+02 5.145293605187813313e+01
2.393419604643973173e+02 5.137052967115202762e+01
2.491138093390124482e+02 5.124674995133120348e+01
2.592817004514245127e+02 5.111712369056127869e+01
2.698617987599806156e+02 5.099724406451122860e+01
2.808709245518698481e+02 5.089197065077338777e+01
2.923265801841190523e+02 5.069169264639497641e+01
3.042469779089971667e+02 5.044671495561127728e+01
3.166510688281445027e+02 5.028345080045662741e+01
3.295585730216496927e+02 5.011080066677916989e+01
3.429900109004176443e+02 4.989174427804593392e+01
3.569667358326348108e+02 4.963020419440100994e+01
3.715109680981898350e+02 4.927145584252728838e+01
3.866458302288568234e+02 4.883378296298869969e+01
4.023953837972023280e+02 4.834314171861252163e+01
4.187846677233716832e+02 4.781418908463545847e+01
4.358397381743561141e+02 4.735959330264742562e+01
4.535877101290069504e+02 4.688960682126626978e+01
4.720568006584533123e+02 4.619059794957713905e+01
4.912763738914301825e+02 4.556288625023124439e+01
5.112769874295810837e+02 4.478155021561529026e+01
5.320904395269099041e+02 4.385014361025944396e+01
5.537498154493011953e+02 4.294305097836108587e+01
5.762895297832922097e+02 4.204270004516149584e+01
5.997453586635172087e+02 4.111629940724720456e+01
6.241544514636930217e+02 3.990691785041847339e+01
6.495553050108567277e+02 3.871643866588467375e+01
6.759876746285651734e+02 3.716359495853500050e+01
7.034923855925472935e+02 3.519287023261205150e+01
7.321109970325319409e+02 3.315302389331893096e+01
7.618852602012989337e+02 3.080538484974236724e+01
7.928563078297642051e+02 2.791598150447220661e+01
8.250635153853505699e+02 2.502791960803707383e+01
8.585429929522798602e+02 2.191708823306435150e+01
8.933257014489666972e+02 1.870641600990722608e+01
9.294352394385306297e+02 1.489294867752742135e+01
9.668854129820067556e+02 1.056003193635066317e+01
1.005677771845438428e+03 6.771431311536685982e+00
1.045799357404652255e+03 4.235625271700095062e+00
1.087220945008509943e+03 2.196774394058329527e+00
1.129896061944879193e+03 7.656312699934029187e-01
1.173761012738381396e+03 4.899544576079389313e-01
1.218736046824064488e+03 4.196931063599751432e-01
1.264727671163808054e+03 3.824858956266024568e-01
1.311631963282218067e+03 3.550810293907029624e-01
1.359338605180645345e+03 3.326080261359994905e-01
1.407735261642495288e+03 3.155639737158514313e-01
1.456711886442774812e+03 3.025214208731137888e-01
1.506164563908291029e+03 2.921896079625328491e-01
1.555998574640470224e+03 2.836299912285322189e-01
1.606130495017461953e+03 2.771972848310001458e-01
1.656489275746223939e+03 2.725896590921081386e-01
1.707016370261715110e+03 2.681638799335170908e-01
1.757665079461760797e+03 2.644580145924070869e-01
1.808399334288086266e+03 2.609977335954610234e-01
1.859192150915839875e+03 2.577264587942291740e-01
1.910023971779844032e+03 2.546474992659971126e-01
1.960881061177727361e+03 2.519825543221002051e-01
2.011754069791968277e+03 2.508826395955300881e-01
2.062636829418243451e+03 2.491868696851005371e-01
2.113525395165196642e+03 2.486811346181341253e-01
2.164417321075887230e+03 2.463772604887713435e-01
2.215311136756741234e+03 2.457092660912421067e-01
2.266205985135537503e+03 2.444680748522670977e-01
2.317101381790765572e+03 2.445997699736340847e-01
2.367997061218837644e+03 2.431855701516884294e-01
2.418892882304757222e+03 2.424096444988115273e-01
2.469788772313608661e+03 2.407257228021480178e-01
2.520684694888443119e+03 2.404214903900893097e-01
2.571580632404995413e+03 2.388179880452788451e-01
2.622476576577832930e+03 2.378735786622639403e-01
2.673372523629517673e+03 2.366562639094324239e-01
2.724268471889904959e+03 2.358901404884541642e-01
2.775164420642892765e+03 2.362392548527814107e-01
2.826060369590731170e+03 2.364784867380170519e-01
2.876956318613370058e+03 2.369673509438161019e-01
2.927852267663872681e+03 2.370246965536547123e-01
2.978748216724447047e+03 2.373491387539513886e-01
3.029644165788553437e+03 2.374219028248448216e-01
3.080540114853861269e+03 2.374797325702978357e-01
3.131436063919566095e+03 2.371254074133998802e-01
3.182332012985396887e+03 2.361337782832609866e-01
3.233227962051267696e+03 2.358051891177646575e-01
3.284123911117149419e+03 2.355013369130189993e-01
3.335019860183036144e+03 2.354318452544375828e-01
3.385915809248923324e+03 2.357109890946617325e-01
3.436811758314810049e+03 2.358270905964243991e-01
3.487707707380696775e+03 2.372156881420029451e-01
3.538603656446583500e+03 2.371094340827911151e-01
3.589499605512470680e+03 2.385178256026972976e-01
3.640395554578357405e+03 2.385694996199057838e-01
3.691291503644244131e+03 2.384091297324813785e-01
3.742187452710131311e+03 2.378304265270595741e-01
3.793083401776018036e+03 2.386173135809547818e-01
3.843979350841904761e+03 2.388602560655579410e-01
3.894875299907791486e+03 2.394869445823459009e-01
3.945771248973678667e+03 2.397741037808963638e-01
3.996667198039565392e+03 2.401445060610471471e-01
4.047563147105452117e+03 2.403232419204474335e-01
4.098459096171340207e+03 2.402302738515995073e-01
4.149355045237226477e+03 2.396015770832642389e-01
4.200250994303113657e+03 2.398780582695106134e-01
4.251146943368999928e+03 2.401840308590322548e-01
4.302042892434887108e+03 2.404073453162389462e-01
4.352938841500774288e+03 2.409938381531751828e-01
4.403834790566660558e+03 2.414385153515972715e-01
4.454730739632547738e+03 2.421240899296266957e-01
4.505626688698434918e+03 2.434171572037245324e-01
4.556522637764321189e+03 2.443155508084972061e-01
4.607418586830208369e+03 2.447383938250080881e-01
4.658314535896095549e+03 2.450146168327713148e-01
4.709210484961981820e+03 2.450052524262255615e-01
4.760106434027869000e+03 2.457788376875097436e-01
4.811002383093756180e+03 2.467785128124822813e-01
4.861898332159642450e+03 2.478757289750782578e-01
4.912794281225529630e+03 2.485368367821099156e-01
4.963690230291415901e+03 2.490171759553610475e-01
5.014586179357303081e+03 2.492311362173869338e-01
5.065482128423190261e+03 2.489884982940649139e-01
5.116378077489076531e+03 2.495840146813401439e-01
5.167274026554963712e+03 2.497591382440240704e-01
5.218169975620850892e+03 2.511193510867735790e-01
5.269065924686737162e+03 2.514088679231217260e-01
5.319961873752624342e+03 2.531339183164337259e-01
5.370857822818511522e+03 2.527478305519746393e-01
5.421753771884397793e+03 2.531513950488962217e-01
5.472649720950284973e+03 2.521622557753139815e-01
5.523545670016172153e+03 2.529460835925459450e-01
5.574441619082058423e+03 2.526353307224639688e-01
5.625337568147945603e+03 2.532417475319798106e-01
5.676233517213831874e+03 2.528295986919515959e-01
5.727129466279719054e+03 2.537434140865750254e-01
5.778025415345606234e+03 2.542334862139091212e-01
5.828921364411492505e+03 2.552248084326171340e-01
5.879817313477379685e+03 2.560462051877036571e-01
5.930713262543266865e+03 2.565330016187338247e-01
5.981609211609153135e+03 2.576340424710419352e-01
6.032505160675040315e+03 2.587613258503372871e-01
6.083401109740927495e+03 2.597104422482504060e-01
6.134297058806813766e+03 2.603889285220333805e-01
6.185193007872700946e+03 2.602946055747694665e-01
6.236088956938588126e+03 2.600110572529307218e-01
6.286984906004474396e+03 2.595765691624621896e-01
6.337880855070361577e+03 2.592004836103850574e-01
6.388776804136247847e+03 2.591109233343411034e-01
6.439672753202135027e+03 2.590542452516512162e-01
6.490568702268022207e+03 2.598854327790804386e-01
6.541464651333909387e+03 2.604956728682226164e-01
6.592360600399796567e+03 2.604376271133431175e-01
6.643256549465682838e+03 2.607800801840676197e-01
6.694152498531570018e+03 2.604950398525178734e-01
6.745048447597457198e+03 2.605190771383069093e-01
6.795944396663343468e+03 2.601350043243549348e-01
6.846840345729230648e+03 2.596600613560051674e-01
6.897736294795117828e+03 2.598838642844143454e-01
6.948632243861004099e+03 2.615780657387914987e-01
6.999528192926891279e+03 2.629492440658813268e-01
7.050424141992778459e+03 2.644565228133803347e-01
7.101320091058664730e+03 2.654465189967753491e-01
7.152216040124551910e+03 2.675284920562616131e-01
7.203111989190439090e+03 2.685314536580148403e-01
7.254007938256325360e+03 2.701993581677427647e-01
7.304903887322212540e+03 2.703584394271928981e-01
7.355799836388098811e+03 2.720016408055743740e-01
7.406695785453985991e+03 2.717338191564314664e-01
7.457591734519873171e+03 2.733150030745818970e-01
7.508487683585759441e+03 2.721337073381137062e-01
7.559383632651646622e+03 2.737535742319901488e-01
7.610279581717533802e+03 2.722977070571578895e-01
7.661175530783420072e+03 2.720523327500125599e-01
7.712071479849307252e+03 2.676611484625956994e-01
7.762967428915194432e+03 2.644414391234711781e-01
7.813863377981080703e+03 2.569690206765612994e-01
7.864759327046967883e+03 2.529236729534347083e-01
7.915655276112855063e+03 2.417574098631264656e-01
7.966551225178741333e+03 2.344775363889398390e-01
8.017447174244628513e+03 2.143413742273227451e-01
8.068343123310514784e+03 1.945858546405343503e-01
8.119239072376401964e+03 1.611942979949286536e-01
