# Columns: yplus Trms_plus | Case=jet_M08_T05 | x*=20.00
4.114938180606569351e-01 3.529663790495010289e+01
1.205515533708369835e+00 3.531774852416216959e+01
2.002808722754421122e+00 3.536021341823212083e+01
2.804259736229753219e+00 3.542467670135415858e+01
3.610851144871559892e+00 3.550987423116158936e+01
4.423648778917892876e+00 3.561179357502302878e+01
5.243788801890122642e+00 3.572413536519582777e+01
6.072465927564143051e+00 3.583980217916045774e+01
6.910923475619602740e+00 3.595185334896092400e+01
7.760445580303765745e+00 3.605456322930715629e+01
8.622351563925173323e+00 3.614351320780157550e+01
9.497992281851290741e+00 3.621609911911541957e+01
1.038874813439586653e+01 3.627087051171115206e+01
1.129602840586142776e+01 3.630773490259895198e+01
1.222127160849594496e+01 3.632717782192840161e+01
1.316594655628992427e+01 3.633062750365155580e+01
1.413155395194952746e+01 3.631952035468504647e+01
1.511962832754232444e+01 3.629577873698126211e+01
1.613174022834311216e+01 3.626097090731196460e+01
1.716949856774671446e+01 3.621702639102134214e+01
1.823455310898559389e+01 3.616513122276565895e+01
1.932859704844319637e+01 3.610672190303238693e+01
2.045336968769858643e+01 3.604245375126024697e+01
2.161065918906465910e+01 3.597344038460558835e+01
2.280230541390357146e+01 3.590012865598195191e+01
2.403020284559554298e+01 3.582356196919776181e+01
2.529630360049471705e+01 3.574391218339402343e+01
2.660262053102814761e+01 3.566175787734530900e+01
2.795123042557904469e+01 3.557693716495278835e+01
2.934427731011090401e+01 3.548996824783561976e+01
3.078397585672499659e+01 3.540026563903775525e+01
3.227261490454672099e+01 3.530804040356742490e+01
3.381256109852892422e+01 3.521282574421969258e+01
3.540626265195327704e+01 3.511559395517681992e+01
3.705625323861030296e+01 3.501685696341770182e+01
3.876515602084496948e+01 3.491802098917037256e+01
4.053568781987179648e+01 3.481948763262452928e+01
4.237066343498928944e+01 3.472203134604408348e+01
4.427300011856024042e+01 3.462513155412070631e+01
4.624572221387258963e+01 3.452879459159349551e+01
4.829196596325365221e+01 3.443156628824090859e+01
5.041498449408215521e+01 3.433218139147069081e+01
5.261815299062445916e+01 3.422941684153370545e+01
5.490497405991766300e+01 3.412357866463759137e+01
5.727908330022950167e+01 3.401590436344930168e+01
5.974425508094886084e+01 3.390809217544789078e+01
6.230440854309465948e+01 3.380084422688740631e+01
6.496361382998385636e+01 3.369396726991055147e+01
6.772609855796333989e+01 3.358768316508960083e+01
7.059625453749282542e+01 3.348095146169780634e+01
7.357864475526493209e+01 3.337149189095403301e+01
7.667801062846142202e+01 3.325717564998197417e+01
7.989927954267935206e+01 3.313932111070416653e+01
8.324757268551039147e+01 3.301756252489890642e+01
8.672821318822789749e+01 3.289089520011836498e+01
9.034673458852401495e+01 3.275666882655519885e+01
9.410888962775297273e+01 3.261688922656636436e+01
9.802065939666445615e+01 3.247418181432206552e+01
1.020882628441684119e+02 3.233395681635220598e+01
1.063181666642472010e+02 3.219504774405027092e+01
1.107170955767347920e+02 3.205791599970001471e+01
1.152920430183058045e+02 3.192278305310680153e+01
1.200502822606723043e+02 3.178718996710295386e+01
1.249993779736633570e+02 3.164188024903297958e+01
1.301471982515705008e+02 3.149303166202239623e+01
1.355019271218792198e+02 3.134448981590177752e+01
1.410720775562718927e+02 3.118514636770240500e+01
1.468665050045876512e+02 3.101537517899155461e+01
1.528944214732563864e+02 3.085111873677359284e+01
1.591654101705867390e+02 3.068898020054136211e+01
1.656894407421935398e+02 3.050413858147933155e+01
1.724768851207845159e+02 3.030914263930497299e+01
1.795385340155047231e+02 3.011972289291572125e+01
1.868856140670537798e+02 2.991521053262447083e+01
1.945298056958490918e+02 2.971128396474622591e+01
2.024832616716100233e+02 2.951301546224836869e+01
2.107586264338848991e+02 2.930820940302006150e+01
2.193690561942370323e+02 2.908981638796558045e+01
2.283282398520485685e+02 2.884962248983082134e+01
2.376504207571932170e+02 2.860930214636539759e+01
2.473504193541783707e+02 2.837912734176375551e+01
2.574436567437567760e+02 2.815223111730021444e+01
2.679461791994704072e+02 2.790322876350208503e+01
2.788746836781147067e+02 2.763515223549318733e+01
2.902465443647103029e+02 2.733584052454395064e+01
3.020798402942594976e+02 2.702263221769840840e+01
3.143933840943838049e+02 2.671863725125554367e+01
3.272067518949597229e+02 2.644131360166192124e+01
3.405403144532228339e+02 2.615413650246096111e+01
3.544152695457191840e+02 2.577851738633848910e+01
3.688536756822506391e+02 2.538806337806932234e+01
3.838784872018788406e+02 2.497740274078207534e+01
3.995135908169609138e+02 2.454264013665864042e+01
4.157838436763847199e+02 2.412316736555446539e+01
4.327151130178997391e+02 2.367545521204106862e+01
4.503343174569137659e+02 2.317207433027398622e+01
4.686694698826662489e+02 2.264204501899643418e+01
4.877497217376532603e+02 2.209037961299731734e+01
5.076054080260378782e+02 2.147159071875936931e+01
5.282680915398594834e+02 2.082966749957812880e+01
5.497706032208971010e+02 2.014643274485110069e+01
5.721470729051139870e+02 1.943711437311685941e+01
5.954329404756626900e+02 1.867747208094507272e+01
6.196649312636978948e+02 1.792000388006436395e+01
6.448809711850717576e+02 1.717378158697639634e+01
6.711200068721699381e+02 1.635953623880618935e+01
6.984216850418589502e+02 1.552028840336312321e+01
7.268258356931924027e+02 1.473296600278231594e+01
7.563716987656783886e+02 1.387195990141877822e+01
7.870968377987504709e+02 1.296412288178268923e+01
8.190357012107104993e+02 1.208822828805948291e+01
8.522178252015296493e+02 1.116382592798217210e+01
8.866657224069771246e+02 1.021677554243876251e+01
9.223925635790984643e+02 9.457328578323297208e+00
9.593998271688604973e+02 8.539587930745634381e+00
9.976751508648546860e+02 7.565095735564592694e+00
1.037190654837143484e+03 6.519465183434581590e+00
1.077902004893169078e+03 5.639406422308899991e+00
1.119748436611384022e+03 4.663176510606602321e+00
1.162653869282465848e+03 3.648373736944140244e+00
1.206529112106810999e+03 2.858653922260772529e+00
1.251275024775542306e+03 2.098207809877705721e+00
1.296786365757226349e+03 1.428425404633373530e+00
1.342955969128141305e+03 7.438415047577419115e-01
1.389678852624391084e+03 3.446728145186655490e-01
1.436855882426284097e+03 2.721454509828436508e-01
1.484396697806791281e+03 2.616415369403506386e-01
1.532221714021548451e+03 2.545338545056444191e-01
1.580263151229563164e+03 2.491303419518288431e-01
1.628465156983904535e+03 2.454125028765457572e-01
1.676783181119688606e+03 2.424384707838407038e-01
1.725182814356683821e+03 2.403170232967726250e-01
1.773638314575869117e+03 2.383779305218559075e-01
1.822131024186138802e+03 2.370332875020297880e-01
1.870647839556439749e+03 2.356743595605904906e-01
1.919179841593732363e+03 2.351614965334575535e-01
1.967721145933931439e+03 2.342986462121538493e-01
2.016267989216455362e+03 2.344442427661947159e-01
2.064818038039162275e+03 2.341514188257042550e-01
2.113369889671097553e+03 2.352485512072747531e-01
2.161922726479652283e+03 2.351781792027981544e-01
2.210476086334781485e+03 2.359906196668022649e-01
2.259029715950489845e+03 2.360017091303057979e-01
2.307583480705422971e+03 2.366994979073213379e-01
2.356137311211683937e+03 2.363782452572734671e-01
2.404691172785348954e+03 2.372656969649202530e-01
2.453245048613164727e+03 2.367188956564594271e-01
2.501798930790964732e+03 2.369334916916817357e-01
2.550352815715137694e+03 2.361448656349031672e-01
2.598906701792392141e+03 2.367778003635835904e-01
2.647460588339579772e+03 2.363285719245463157e-01
2.696014475072651294e+03 2.371489914386644693e-01
2.744568361877081770e+03 2.365658818475927516e-01
2.793122248708093593e+03 2.365744477637268250e-01
2.841676135548713319e+03 2.359709809374446465e-01
2.890230022392702722e+03 2.368715101784562016e-01
2.938783909237838088e+03 2.363135540580112159e-01
2.987337796083352259e+03 2.365464584613761190e-01
3.035891682928986484e+03 2.357567659873736066e-01
3.084445569774659361e+03 2.355678621830521180e-01
3.132999456620342244e+03 2.353815434443022603e-01
3.181553343466030583e+03 2.352064354435816629e-01
3.230107230311718467e+03 2.345168268106423703e-01
3.278661117157406352e+03 2.341241972339435373e-01
3.327215004003094236e+03 2.344557893479926602e-01
3.375768890848782121e+03 2.345410489701597878e-01
3.424322777694470005e+03 2.349162624352961470e-01
3.472876664540157890e+03 2.352844751250738331e-01
3.521430551385845774e+03 2.355939398628257020e-01
3.569984438231533659e+03 2.360648289977833880e-01
3.618538325077221543e+03 2.358928969090708649e-01
3.667092211922909428e+03 2.358463606570574689e-01
3.715646098768597767e+03 2.358696063619911687e-01
3.764199985614285652e+03 2.363902171243756900e-01
3.812753872459973536e+03 2.366884889042692175e-01
3.861307759305661421e+03 2.375761738347042795e-01
3.909861646151349760e+03 2.381479381542230822e-01
3.958415532997037644e+03 2.391904789076676474e-01
4.006969419842725983e+03 2.388705226468672005e-01
4.055523306688413868e+03 2.394921269446622369e-01
4.104077193534101752e+03 2.390969755477350134e-01
4.152631080379789637e+03 2.397622407042820369e-01
4.201184967225477521e+03 2.400242480756452079e-01
4.249738854071165406e+03 2.405727105760752660e-01
4.298292740916853290e+03 2.399619745902239754e-01
4.346846627762541175e+03 2.388567905964306126e-01
4.395400514608229059e+03 2.376045182622407714e-01
4.443954401453916944e+03 2.371549215957995116e-01
4.492508288299604828e+03 2.368575115075744753e-01
4.541062175145292713e+03 2.373912827337876785e-01
4.589616061990980597e+03 2.376035717320784668e-01
4.638169948836668482e+03 2.375009483787286491e-01
4.686723835682356366e+03 2.376482215781426932e-01
4.735277722528044251e+03 2.374941363893532942e-01
4.783831609373733045e+03 2.387401136006350177e-01
4.832385496219420929e+03 2.397275697837195629e-01
4.880939383065108814e+03 2.406343450586157784e-01
4.929493269910796698e+03 2.414071659030561645e-01
4.978047156756484583e+03 2.416236452802215384e-01
5.026601043602172467e+03 2.415171561749563656e-01
5.075154930447860352e+03 2.421173446255562856e-01
5.123708817293548236e+03 2.428114607334420916e-01
5.172262704139236121e+03 2.435409669899778473e-01
5.220816590984924005e+03 2.437340257106896946e-01
5.269370477830611890e+03 2.434477669640996433e-01
5.317924364676299774e+03 2.433562099237684406e-01
5.366478251521987659e+03 2.435826688090118042e-01
5.415032138367675543e+03 2.430955883504908599e-01
5.463586025213363428e+03 2.433933063984788647e-01
5.512139912059051312e+03 2.441485766773555943e-01
5.560693798904739197e+03 2.444725294107734648e-01
5.609247685750427081e+03 2.444543869372190759e-01
5.657801572596114966e+03 2.449891948774622352e-01
5.706355459441802850e+03 2.454953457735018496e-01
5.754909346287490735e+03 2.464144650370571343e-01
5.803463233133178619e+03 2.467008084738796236e-01
5.852017119978867413e+03 2.465129470671831580e-01
5.900571006824555297e+03 2.459685480455833795e-01
5.949124893670243182e+03 2.454708602546488427e-01
5.997678780515931066e+03 2.452922574807012146e-01
6.046232667361618951e+03 2.466495905361728302e-01
6.094786554207306835e+03 2.474891307180912547e-01
6.143340441052994720e+03 2.481820246864354096e-01
6.191894327898682604e+03 2.479192801291104920e-01
6.240448214744371398e+03 2.480234114522777422e-01
6.289002101590059283e+03 2.479386206938558046e-01
6.337555988435747167e+03 2.486209642142896692e-01
6.386109875281435052e+03 2.489134305608472209e-01
6.434663762127122936e+03 2.503631429074680836e-01
6.483217648972810821e+03 2.508491660081272334e-01
6.531771535818498705e+03 2.516722208375581360e-01
6.580325422664186590e+03 2.518842976970396275e-01
6.628879309509874474e+03 2.524683882134027280e-01
6.677433196355562359e+03 2.530819750245485444e-01
6.725987083201250243e+03 2.544246900352905016e-01
6.774540970046938128e+03 2.549584007464478774e-01
6.823094856892626012e+03 2.561676571539260316e-01
6.871648743738313897e+03 2.566600715184924053e-01
6.920202630584001781e+03 2.577145158589353446e-01
6.968756517429689666e+03 2.572098790331741047e-01
7.017310404275377550e+03 2.582351964509966846e-01
7.065864291121065435e+03 2.581703680752570618e-01
7.114418177966753319e+03 2.597602738645685139e-01
7.162972064812441204e+03 2.584721951650791327e-01
7.211525951658129998e+03 2.580007524291850762e-01
7.260079838503817882e+03 2.540758833399091032e-01
7.308633725349505767e+03 2.512389543044412643e-01
7.357187612195193651e+03 2.450177388297233860e-01
7.405741499040881536e+03 2.411761554427662435e-01
7.454295385886569420e+03 2.343922944224995641e-01
7.502849272732257305e+03 2.318370229356162548e-01
7.551403159577945189e+03 2.221777252267674307e-01
7.599957046423633074e+03 2.159151619925248899e-01
7.648510933269320958e+03 1.950186063387457092e-01
7.697064820115008843e+03 1.745664099717212370e-01
7.745618706960696727e+03 1.427623877947604147e-01
