# Columns: yplus Trms_plus | Case=jet_M16_T05 | x*=10.00
4.312724278016848434e-01 4.953637756050779473e+01
1.263459104745080275e+00 4.959571393805077122e+01
2.099074499722781262e+00 4.971188383267440258e+01
2.939047566571326708e+00 4.987963381342638769e+01
3.784408103670953150e+00 5.008542270731700796e+01
4.636273170802911459e+00 5.030895424788553072e+01
5.495833541628274865e+00 5.052891535235250586e+01
6.364341354303302722e+00 5.072836083029876875e+01
7.243099689149595122e+00 5.089609995715043311e+01
8.133454402824369822e+00 5.102648661431494048e+01
9.036788231373915181e+00 5.111816391797344750e+01
9.954516959552137223e+00 5.117316274177908753e+01
1.088808733714850518e+01 5.119525533998701405e+01
1.183897638626137905e+01 5.118956919432197594e+01
1.280869176178708102e+01 5.116123506193594039e+01
1.379877287682945664e+01 5.111579712418588173e+01
1.481079256595147697e+01 5.105916418443193550e+01
1.584635911909887973e+01 5.099676869632698839e+01
1.690711857041338462e+01 5.093232419850431825e+01
1.799475716633529032e+01 5.086709517077719767e+01
1.911100396660579293e+01 5.080164744018173195e+01
2.025763355174830593e+01 5.073628973800190778e+01
2.143646882354594041e+01 5.067034895014818119e+01
2.264938389302573540e+01 5.060427159894913984e+01
2.389830705519881704e+01 5.053729418406953044e+01
2.518522385252282803e+01 5.046915835074050705e+01
2.651218023058055095e+01 5.039897283400383543e+01
2.788128579033054422e+01 5.032711503317594293e+01
2.929471714179401687e+01 5.025219856947430941e+01
3.075472136437280923e+01 5.017552347067506702e+01
3.226361957924050472e+01 5.009850670979072618e+01
3.382381063946155564e+01 5.002486743369409794e+01
3.543777494369508929e+01 4.995401569643655648e+01
3.710807837954238408e+01 4.988295039130672848e+01
3.883737640280602221e+01 4.980626195305984538e+01
4.062841825914506444e+01 4.972414700658055153e+01
4.248405135483795192e+01 4.963956188432193528e+01
4.440722578360168882e+01 4.955725081741794469e+01
4.640099901666375359e+01 4.947653973242734082e+01
4.846854076354358654e+01 4.939726270241740735e+01
5.061313801127067080e+01 4.931937626840826994e+01
5.283820025005115184e+01 4.924240982529300226e+01
5.514726489369041218e+01 4.916335358754498941e+01
5.754400290338936941e+01 4.908179983135669033e+01
6.003222462385461000e+01 4.900136404947831892e+01
6.261588584100155686e+01 4.892616319354287668e+01
6.529909407088013040e+01 4.885791404015532180e+01
6.808611508982220073e+01 4.879468020175225718e+01
7.098137971619181030e+01 4.873133427372282966e+01
7.398949085451938856e+01 4.866832367928092395e+01
7.711523081322023643e+01 4.861318651622161013e+01
8.036356890752935556e+01 4.857126951251832736e+01
8.373966935974095804e+01 4.855329322014729598e+01
8.724889950931181204e+01 4.855333411459939441e+01
9.089683834588159073e+01 4.857697658280643083e+01
9.468928537877486917e+01 4.862232616427397147e+01
9.863226985708710970e+01 4.866720165027417266e+01
1.027320603550114697e+02 4.872273527527693204e+01
1.069951747376458684e+02 4.878555149572091665e+01
1.114283905231235963e+02 4.884543225028318858e+01
1.160387556575419694e+02 4.889170452855740479e+01
1.208335997198179967e+02 4.895792055500411522e+01
1.258205455742856316e+02 4.906297419776231550e+01
1.310075214895591387e+02 4.918206672727681905e+01
1.364027737429295541e+02 4.930259440700668705e+01
1.420148797303332344e+02 4.945783442255835638e+01
1.478527616027336080e+02 4.962005907374626190e+01
1.539257004505962243e+02 4.973890491627479093e+01
1.602433510590078356e+02 4.984447163044790585e+01
1.668157572568961200e+02 4.999541067347340118e+01
1.736533678847538056e+02 5.017949568630604062e+01
1.807670534062513070e+02 5.033623463685437116e+01
1.881681231901481510e+02 5.045938106206305918e+01
1.958683434899773204e+02 5.059681430167116645e+01
2.038799561500875939e+02 5.077725711903075023e+01
2.122156980677817728e+02 5.088162628328984027e+01
2.208888214424923717e+02 5.098199752985748034e+01
2.299131148441870778e+02 5.112549378506644615e+01
2.393029251344986506e+02 5.119135082968911377e+01
2.490731802754291095e+02 5.120630517335006715e+01
2.592394130618912413e+02 5.128665568803553043e+01
2.698177858158181834e+02 5.143884886151587210e+01
2.808251160811045679e+02 5.157769151684481557e+01
2.922789033602412019e+02 5.162289324209812236e+01
3.041973569351808919e+02 5.164774895705661351e+01
3.165994248167455112e+02 5.175735554658819382e+01
3.295048238687895719e+02 5.175656284464751877e+01
3.429340711554541485e+02 5.167196853531651612e+01
3.569085165623110925e+02 5.168308854454240020e+01
3.714503767452463308e+02 5.168841973557506009e+01
3.865827704648787631e+02 5.156661247639861045e+01
4.023297553694675912e+02 5.157859783635202433e+01
4.187163662954508823e+02 5.148460710255804429e+01
4.357686551602052418e+02 5.141131670882481330e+01
4.535137325202812804e+02 5.126056721088626489e+01
4.719798108447622553e+02 5.101805191556384500e+01
4.911962494732585469e+02 5.073470645475448038e+01
5.111936010236404400e+02 5.047845163721502360e+01
5.320036585637952840e+02 5.035293159956222553e+01
5.536595019635861945e+02 5.014780007448096200e+01
5.761955401967248918e+02 4.986476318795155294e+01
5.996475435629589583e+02 4.917216407003451195e+01
6.240526553771508134e+02 4.860275833656567812e+01
6.494493661877213526e+02 4.826011490136590254e+01
6.758774248343570434e+02 4.735265082058938191e+01
7.033776499344139665e+02 4.639840016755004370e+01
7.319915938395600961e+02 4.518875961208175340e+01
7.617610009931801187e+02 4.360274554191256868e+01
7.927269974176729193e+02 4.168195990293751407e+01
8.249289521585434386e+02 3.940086177893184782e+01
8.584029694106616262e+02 3.569898985707651917e+01
8.931800050428898885e+02 3.155311552244572226e+01
9.292836537695550305e+02 2.735523195142940267e+01
9.667277194000007512e+02 2.198919522101796531e+01
1.005513751447512504e+03 1.646196083232613461e+01
1.045628793401395569e+03 1.191998482827138339e+01
1.087043625376888258e+03 8.330494861558637609e+00
1.129711782241296760e+03 4.753329697311424518e+00
1.173569578907616688e+03 1.582513989104204377e+00
1.218537277817765471e+03 5.968863629064159460e-01
1.264521401181812053e+03 4.179710347192306386e-01
1.311418043473534908e+03 3.708142132071763353e-01
1.359116904686531143e+03 3.408472995223317259e-01
1.407505667925448961e+03 3.201390048342156458e-01
1.456474304913216656e+03 3.048057240768761167e-01
1.505918916924704035e+03 2.935620944635208285e-01
1.555744800009540086e+03 2.843725926346558630e-01
1.605868544151798233e+03 2.782457946256114978e-01
1.656219111646176771e+03 2.719625546706388453e-01
1.706737965476251247e+03 2.678640233665045556e-01
1.757378414156207782e+03 2.645943114263934470e-01
1.808104394510432940e+03 2.613140673489463550e-01
1.858888927114985336e+03 2.585610399522450531e-01
1.909712457594416037e+03 2.561572904654640381e-01
1.960561252486570083e+03 2.548391794575682323e-01
2.011425963998746965e+03 2.524330909413249335e-01
2.062300424932622263e+03 2.511244425002451264e-01
2.113180691040230613e+03 2.493402454625521514e-01
2.164064316763552597e+03 2.478335643642012309e-01
2.214949831948826613e+03 2.467507740114978365e-01
2.265836379663615844e+03 2.458229637825516678e-01
2.316723475565415811e+03 2.440648548801527540e-01
2.367610854193941577e+03 2.433363922237035959e-01
2.418498374457210957e+03 2.424096307738245748e-01
2.469385963632171297e+03 2.413472783980802339e-01
2.520273585367803207e+03 2.401151024390968391e-01
2.571161222042716417e+03 2.387069603743779966e-01
2.622048865372828914e+03 2.380127532697643711e-01
2.672936511581319337e+03 2.379151007197903844e-01
2.723824158998314942e+03 2.381172047466599828e-01
2.774711806907830578e+03 2.368931222955609761e-01
2.825599455012165436e+03 2.374387317932439845e-01
2.876487103191288497e+03 2.371728958933790599e-01
2.927374751398270746e+03 2.381087727229910245e-01
2.978262399615322920e+03 2.391015731711567116e-01
3.029150047835906662e+03 2.404812690266162900e-01
3.080037696057691392e+03 2.411055462698309670e-01
3.130925344279873116e+03 2.423412788200426105e-01
3.181812992502181260e+03 2.422533139485891218e-01
3.232700640724528967e+03 2.432027853433494369e-01
3.283588288946888042e+03 2.424525591045768591e-01
3.334475937169251665e+03 2.431014112457884346e-01
3.385363585391615743e+03 2.419701327579275585e-01
3.436251233613979821e+03 2.430844256380497725e-01
3.487138881836343444e+03 2.420908200213285622e-01
3.538026530058707522e+03 2.424942573825895620e-01
3.588914178281071145e+03 2.424876397462565059e-01
3.639801826503435223e+03 2.430598380088422883e-01
3.690689474725799300e+03 2.431593324089977859e-01
3.741577122948162923e+03 2.439422705614400499e-01
3.792464771170527001e+03 2.428726370602588280e-01
3.843352419392890624e+03 2.434377067995106558e-01
3.894240067615254702e+03 2.435688608750881112e-01
3.945127715837618780e+03 2.442149975027332609e-01
3.996015364059982403e+03 2.436334611574657860e-01
4.046903012282346481e+03 2.440267388738799337e-01
4.097790660504711013e+03 2.427480752661148600e-01
4.148678308727075091e+03 2.427519108019019489e-01
4.199565956949439169e+03 2.428349836223466229e-01
4.250453605171802337e+03 2.427524820362200464e-01
4.301341253394166415e+03 2.426916227143275928e-01
4.352228901616530493e+03 2.424832754616220720e-01
4.403116549838894571e+03 2.421377745797411718e-01
4.454004198061258649e+03 2.428587309602836530e-01
4.504891846283621817e+03 2.437271144423752700e-01
4.555779494505985895e+03 2.445217549175046912e-01
4.606667142728349972e+03 2.443398778297619645e-01
4.657554790950714050e+03 2.453987628735253557e-01
4.708442439173078128e+03 2.450186758174460189e-01
4.759330087395441296e+03 2.462433852327769179e-01
4.810217735617805374e+03 2.461266382364861449e-01
4.861105383840169452e+03 2.477539034933334550e-01
4.911993032062533530e+03 2.471704606292083606e-01
4.962880680284897608e+03 2.475341684541065013e-01
5.013768328507260776e+03 2.472907449888123999e-01
5.064655976729624854e+03 2.476132825431252293e-01
5.115543624951988932e+03 2.476889448529776827e-01
5.166431273174353009e+03 2.485705977180218129e-01
5.217318921396717087e+03 2.489408460199614426e-01
5.268206569619080256e+03 2.503280037905771804e-01
5.319094217841444333e+03 2.494798811474418787e-01
5.369981866063808411e+03 2.497863532491828575e-01
5.420869514286172489e+03 2.497279342929973056e-01
5.471757162508536567e+03 2.505456188972182696e-01
5.522644810730899735e+03 2.501848036739802161e-01
5.573532458953263813e+03 2.514083329840465231e-01
5.624420107175627891e+03 2.511754224370462696e-01
5.675307755397991968e+03 2.520611871778532520e-01
5.726195403620356046e+03 2.517725448726217952e-01
5.777083051842719215e+03 2.527315542202924759e-01
5.827970700065083292e+03 2.523443649279050738e-01
5.878858348287447370e+03 2.528133401056479324e-01
5.929745996509811448e+03 2.530293649743819429e-01
5.980633644732175526e+03 2.541636140748756989e-01
6.031521292954538694e+03 2.547175914439975264e-01
6.082408941176902772e+03 2.548408526457163759e-01
6.133296589399266850e+03 2.553719391663595295e-01
6.184184237621630928e+03 2.557676652968546294e-01
6.235071885843995005e+03 2.564246576722435944e-01
6.285959534066358174e+03 2.571109034194543619e-01
6.336847182288722252e+03 2.578724153527878760e-01
6.387734830511086329e+03 2.586638532702471016e-01
6.438622478733450407e+03 2.595455416894898448e-01
6.489510126955814485e+03 2.588453058139637553e-01
6.540397775178178563e+03 2.587420683581093672e-01
6.591285423400542641e+03 2.585173344106805327e-01
6.642173071622906718e+03 2.585921779505366835e-01
6.693060719845270796e+03 2.581802613219277287e-01
6.743948368067633965e+03 2.581341205411911144e-01
6.794836016289998042e+03 2.582358991030460627e-01
6.845723664512362120e+03 2.590047531075160836e-01
6.896611312734726198e+03 2.594197377566080376e-01
6.947498960957090276e+03 2.601481186267409207e-01
6.998386609179453444e+03 2.605802700867455579e-01
7.049274257401817522e+03 2.620935793683782378e-01
7.100161905624181600e+03 2.622112163236332560e-01
7.151049553846545678e+03 2.634741884367995945e-01
7.201937202068909755e+03 2.630680149332732531e-01
7.252824850291272924e+03 2.643816462079430774e-01
7.303712498513637001e+03 2.645909579776546949e-01
7.354600146736001079e+03 2.676018760858137613e-01
7.405487794958365157e+03 2.678906420881836947e-01
7.456375443180729235e+03 2.701996040121467657e-01
7.507263091403092403e+03 2.694806926196965935e-01
7.558150739625456481e+03 2.717093890549504009e-01
7.609038387847820559e+03 2.691858221599692791e-01
7.659926036070184637e+03 2.682825873175432863e-01
7.710813684292548714e+03 2.630396508597332983e-01
7.761701332514911883e+03 2.603387881822581407e-01
7.812588980737275961e+03 2.530063305979289301e-01
7.863476628959640038e+03 2.496448486678684020e-01
7.914364277182004116e+03 2.392758836748652973e-01
7.965251925404368194e+03 2.330612498742986594e-01
8.016139573626731362e+03 2.145569432235113760e-01
8.067027221849095440e+03 1.953807200983523340e-01
8.117914870071459518e+03 1.612199423206293614e-01
