# Columns: yplus Trms_plus | Case=jet_M16_T75 | x*=5.00
3.725408393692373199e-01 3.388850953111683850e+01
1.091398580219179015e+00 3.395872736193626196e+01
1.813218109053044813e+00 3.408218400701974815e+01
2.538801872815480198e+00 3.424385145645609896e+01
3.269039429772265581e+00 3.441984689185462543e+01
4.004895716148641149e+00 3.458643920465626564e+01
4.747399343538110550e+00 3.472916119031748394e+01
5.497631931283037510e+00 3.484173152510187776e+01
6.256719103479654542e+00 3.492418779281145902e+01
7.025823435188248034e+00 3.498010945699454055e+01
7.806139358545219231e+00 3.501598436240265499e+01
8.598889853751909840e+00 3.503812179459418275e+01
9.405324649161402206e+00 3.505166524064445355e+01
1.022671962288882419e+01 3.505997260299410101e+01
1.106437711420825565e+01 3.506631537826795864e+01
1.191962689570165068e+01 3.507302582437159799e+01
1.279382761000532298e+01 3.508236251980439846e+01
1.368836852674958315e+01 3.509484897173345530e+01
1.460467151967653621e+01 3.511035675197889816e+01
1.554419319863127491e+01 3.512904548612896605e+01
1.650842715635421243e+01 3.515114829373041516e+01
1.749890630725188956e+01 3.517804855903847994e+01
1.851720530649952323e+01 3.521178773921443650e+01
1.956494304473346801e+01 3.525570829512609095e+01
2.064378521768497521e+01 3.531001926846720096e+01
2.175544697245386061e+01 3.537001417596464847e+01
2.290169563344014847e+01 3.543030688696212138e+01
2.408435351169637428e+01 3.548552022125227978e+01
2.530530080190229825e+01 3.553486127468281808e+01
2.656647857144949754e+01 3.558018246357707426e+01
2.786989184633671357e+01 3.562260093945326389e+01
2.921761279876078987e+01 3.566386530113676656e+01
3.061178404146224352e+01 3.570607916514140356e+01
3.205462203405937061e+01 3.575194511817713305e+01
3.354842060678529236e+01 3.580088759368130269e+01
3.509555460722921083e+01 3.586283366954216234e+01
3.669848367587964333e+01 3.594610434343165650e+01
3.835975615647177506e+01 3.605086018376946555e+01
4.008201314735552501e+01 3.616567947261384575e+01
4.186799270032555853e+01 3.628305610298436790e+01
4.372053417358799265e+01 3.639962637049368510e+01
4.564258274578479302e+01 3.651717750923218375e+01
4.763719409825169038e+01 3.664323890215877810e+01
4.970753927295407948e+01 3.677852404714038670e+01
5.185690971382340564e+01 3.691951473002021800e+01
5.408872249950945843e+01 3.706891431702672435e+01
5.640652577586698158e+01 3.723320828535348426e+01
5.881400439681380021e+01 3.742172127812631288e+01
6.131498578252801934e+01 3.763987628651906903e+01
6.391344600429722789e+01 3.787522799654354344e+01
6.661351610569457193e+01 3.810060790413299259e+01
6.941948867013000779e+01 3.832484142534539728e+01
7.233582464521842326e+01 3.857442949744440597e+01
7.536716043481385441e+01 3.884065170950238155e+01
7.851831526998516608e+01 3.908726174792423791e+01
8.179429887065046501e+01 3.934904392383698735e+01
8.520031941005250076e+01 3.963338281222348769e+01
8.874179179473527768e+01 3.992294758195147608e+01
9.242434627318664297e+01 4.021172142872286059e+01
9.625383738683203205e+01 4.050049299885645127e+01
1.002363532776106467e+02 4.079643791629140992e+01
1.043782253669302946e+02 4.107792112073406798e+01
1.086860384213892559e+02 4.140672533567390445e+01
1.131666410212674378e+02 4.178327748662754004e+01
1.178271564484295055e+02 4.215644008716777336e+01
1.226749940109501722e+02 4.252273968698993656e+01
1.277178608224648855e+02 4.291356215670123930e+01
1.329637740549730438e+02 4.336467480372377992e+01
1.384210736845739973e+02 4.381292896501029333e+01
1.440984357503974991e+02 4.422521396771754354e+01
1.500048861478095148e+02 4.462125563168522291e+01
1.561498149778206823e+02 4.494093295078742045e+01
1.625429914755101777e+02 4.524102854515891181e+01
1.691945795411991753e+02 4.555702212395808459e+01
1.761151538990645236e+02 4.586874595116716335e+01
1.833157169088823082e+02 4.618391109058041621e+01
1.908077160576278573e+02 4.643321568999218130e+01
1.986030621587413236e+02 4.657404100133901181e+01
2.067141482879921739e+02 4.667513847517567882e+01
2.151538694860456076e+02 4.682291237173181031e+01
2.239356432590566897e+02 4.706906384964996448e+01
2.330734309098841379e+02 4.726689216698154183e+01
2.425817597338400731e+02 4.740823988507396791e+01
2.524757461142733064e+02 4.754109656547268514e+01
2.627711195547312855e+02 4.768370725198831650e+01
2.734842476859758449e+02 4.781058752124063460e+01
2.846321622877742925e+02 4.803257659374501998e+01
2.962325863672185733e+02 4.834953773821752065e+01
3.083039623374533562e+02 4.854982414417663961e+01
3.208654813433284403e+02 4.868452348900039794e+01
3.339371137839025323e+02 4.892288396857451005e+01
3.475396410861761183e+02 4.920829283422549594e+01
3.616946887897823331e+02 4.957777082112875178e+01
3.764247610070665360e+02 5.004232571219630188e+01
3.917532763218333116e+02 5.061583045718644769e+01
4.077046051696482891e+02 5.107979206330026045e+01
4.243041086733579732e+02 5.146631994948648980e+01
4.415781787309196034e+02 5.186939712528030100e+01
4.595542787632089698e+02 5.227948125150197711e+01
4.782609837536720647e+02 5.257023017654398700e+01
4.977280167894387546e+02 5.273820342948735629e+01
5.179862768954257035e+02 5.274851943913201069e+01
5.390678491315713927e+02 5.266703912363356466e+01
5.610059823222662772e+02 5.239752024089791149e+01
5.838350122264095035e+02 5.180320599939891224e+01
6.075901986959909209e+02 5.083635690493795778e+01
6.323074353958274969e+02 4.950637397330910261e+01
6.580227819229975239e+02 4.752128481858875375e+01
6.847717636714668288e+02 4.510040378138225492e+01
7.125883883271254717e+02 4.178068316475079769e+01
7.415038433394704498e+02 3.696977731362753872e+01
7.715448689418810773e+02 3.073759487163623660e+01
8.027318466707442894e+02 2.415694739007403058e+01
8.350767005035461352e+02 1.785985721593503328e+01
8.685807689375859582e+02 1.234618736544465101e+01
9.032328599071106510e+02 7.967986280584316461e+00
9.390077327528672413e+02 4.726064359655207880e+00
9.758652500618902650e+02 2.300376111026511960e+00
1.013750399516585730e+03 1.382667505692897425e+00
1.052594302387634343e+03 1.068353410278631177e+00
1.092316210887609031e+03 9.375132343834863269e-01
1.132826369563904109e+03 8.700179548134027163e-01
1.174029499297524808e+03 8.130691386950053001e-01
1.215828578744716197e+03 7.721895189358488620e-01
1.258128563511141238e+03 7.345456418949468658e-01
1.300839704019099145e+03 7.063059254417446420e-01
1.343880193301835789e+03 6.788380449504874958e-01
1.387177980295240332e+03 6.576158823408407850e-01
1.430671701358481187e+03 6.381341030970484329e-01
1.474310791169439653e+03 6.221636097323982595e-01
1.518054916787275033e+03 6.073251744185349521e-01
1.561872926195658238e+03 5.946988792079715980e-01
1.605741514085478457e+03 5.826890918094366212e-01
1.649643789037360193e+03 5.703240645190622571e-01
1.693567887840977846e+03 5.603549212123564160e-01
1.737505735705747838e+03 5.507678978829211314e-01
1.781452005295415802e+03 5.428664054352086987e-01
1.825403289498019149e+03 5.372755788148244616e-01
1.869357475796785138e+03 5.303448486204578316e-01
1.913313294246591568e+03 5.258784521212954699e-01
1.957270004613866831e+03 5.200320370463515918e-01
2.001227188514890031e+03 5.168907175679003929e-01
2.045184616640317472e+03 5.116887518760522280e-01
2.089142167112370771e+03 5.092929726403915280e-01
2.133099777111575804e+03 5.053975344827507099e-01
2.177057415237271016e+03 5.037142719986628103e-01
2.221015066267784732e+03 4.997010397569792706e-01
2.264972723047178988e+03 4.984023648414668273e-01
2.308930382312967140e+03 4.933550030833306344e-01
2.352888042622683770e+03 4.925835585002263928e-01
2.396845703357848834e+03 4.877362282885622791e-01
2.440803364261301340e+03 4.858894054330800127e-01
2.484761025229357529e+03 4.830327772690843346e-01
2.528718686221478947e+03 4.803608063798101013e-01
2.572676347222299228e+03 4.772217519192945012e-01
2.616634008226169499e+03 4.752259490022446298e-01
2.660591669231077958e+03 4.728745739515939350e-01
2.704549330236328842e+03 4.710606653233560537e-01
2.748506991241688866e+03 4.684525034337781446e-01
2.792464652247083450e+03 4.674575434029813459e-01
2.836422313252487584e+03 4.658443020686828251e-01
2.880379974257895810e+03 4.645025013865116126e-01
2.924337635263304037e+03 4.642879908790462640e-01
2.968295296268712718e+03 4.623051891830918803e-01
3.012252957274120945e+03 4.609085761325643626e-01
3.056210618279529172e+03 4.586334379628276836e-01
3.100168279284937853e+03 4.562396929814845348e-01
3.144125940290346080e+03 4.528499980336149755e-01
3.188083601295754306e+03 4.507846359338081865e-01
3.232041262301162988e+03 4.475291865277314929e-01
3.275998923306571214e+03 4.464805916634093097e-01
3.319956584311979441e+03 4.451140772515306820e-01
3.363914245317388122e+03 4.444828656381467624e-01
3.407871906322796349e+03 4.431492225264993534e-01
3.451829567328204575e+03 4.415392573739367887e-01
3.495787228333613257e+03 4.393888486677393623e-01
3.539744889339021938e+03 4.385550192791316526e-01
3.583702550344430620e+03 4.364277096537262923e-01
3.627660211349838846e+03 4.356626396655695621e-01
3.671617872355247073e+03 4.337416346774258802e-01
3.715575533360655754e+03 4.329316782149238430e-01
3.759533194366063981e+03 4.306913113109624436e-01
3.803490855371472207e+03 4.288276975367491528e-01
3.847448516376880889e+03 4.271968140549097792e-01
3.891406177382289115e+03 4.258934403760141763e-01
3.935363838387697342e+03 4.249849445083650479e-01
3.979321499393106023e+03 4.241027126803731950e-01
4.023279160398514250e+03 4.229673333649071054e-01
4.067236821403922477e+03 4.207666356468116042e-01
4.111194482409330703e+03 4.185130140157138356e-01
4.155152143414739839e+03 4.155434016308461875e-01
4.199109804420148066e+03 4.131331584102859167e-01
4.243067465425556293e+03 4.103937706182778644e-01
4.287025126430964519e+03 4.093268094070470764e-01
4.330982787436372746e+03 4.085945972020915140e-01
4.374940448441780973e+03 4.076178265893700137e-01
4.418898109447190109e+03 4.068921358825786094e-01
4.462855770452598335e+03 4.059559325159072807e-01
4.506813431458006562e+03 4.051527227449621127e-01
4.550771092463414789e+03 4.067616925909622316e-01
4.594728753468823015e+03 4.072250603980042682e-01
4.638686414474231242e+03 4.084100701412516909e-01
4.682644075479640378e+03 4.070071222406456690e-01
4.726601736485048605e+03 4.071541837165883471e-01
4.770559397490456831e+03 4.057227529392258281e-01
4.814517058495865058e+03 4.061570833783331724e-01
4.858474719501273285e+03 4.046872237474813949e-01
4.902432380506681511e+03 4.051263108778626054e-01
4.946390041512090647e+03 4.034552623918584713e-01
4.990347702517498874e+03 4.030852314689944427e-01
5.034305363522907101e+03 4.003115332325185016e-01
5.078263024528315327e+03 3.999483876335417909e-01
5.122220685533723554e+03 3.999136681403451243e-01
5.166178346539131780e+03 4.006242505642326202e-01
5.210136007544540917e+03 4.011878439171208122e-01
5.254093668549949143e+03 4.000992078920700967e-01
5.298051329555357370e+03 3.998037851971725787e-01
5.342008990560765596e+03 3.992742945065774762e-01
5.385966651566173823e+03 3.986100340833945155e-01
5.429924312571582050e+03 3.974207736269043667e-01
5.473881973576991186e+03 3.963316528555474449e-01
5.517839634582399412e+03 3.937507456674549933e-01
5.561797295587807639e+03 3.918643006871844192e-01
5.605754956593215866e+03 3.906447502625522983e-01
5.649712617598625002e+03 3.898565951892564718e-01
5.693670278604033228e+03 3.887435520343153206e-01
5.737627939609441455e+03 3.884629277367968592e-01
5.781585600614849682e+03 3.882749759720957039e-01
5.825543261620258818e+03 3.881837238636560161e-01
5.869500922625667044e+03 3.891133871859314697e-01
5.913458583631075271e+03 3.894305552759503297e-01
5.957416244636483498e+03 3.901589980177052608e-01
6.001373905641891724e+03 3.901636965864279105e-01
6.045331566647299951e+03 3.899448526612089294e-01
6.089289227652709087e+03 3.897899445676508701e-01
6.133246888658117314e+03 3.897055306687696730e-01
6.177204549663525540e+03 3.891525050921111339e-01
6.221162210668933767e+03 3.885452709688497763e-01
6.265119871674341994e+03 3.885118677381611541e-01
6.309077532679750220e+03 3.867338421329522546e-01
6.353035193685159356e+03 3.864159853386505694e-01
6.396992854690567583e+03 3.861257807537045172e-01
6.440950515695975810e+03 3.862208002446855248e-01
6.484908176701384036e+03 3.847448787828359196e-01
6.528865837706792263e+03 3.858908589759658669e-01
6.572823498712200490e+03 3.821029711509550952e-01
6.616781159717609626e+03 3.816578422098723111e-01
6.660738820723017852e+03 3.742333686484207722e-01
6.704696481728426079e+03 3.718176938308515589e-01
6.748654142733834306e+03 3.611593640781208259e-01
6.792611803739242532e+03 3.556872726248458405e-01
6.836569464744650759e+03 3.382991958673806088e-01
6.880527125750059895e+03 3.282030431018089778e-01
6.924484786755468122e+03 3.025413211000801406e-01
6.968442447760876348e+03 2.779489727570669810e-01
7.012400108766284575e+03 2.373680491794464553e-01
