# Columns: yplus Trms_plus | Case=jet_M08_T05 | x*=5.00
4.266781351843701442e-01 1.004210963322591397e+02
1.249999628870868795e+00 1.004678801234729377e+02
2.076713314876287075e+00 1.005489968585901579e+02
2.907738251005147045e+00 1.006485638837991274e+02
3.744093265321036146e+00 1.007393921714900102e+02
4.586883517703482127e+00 1.007922700854450113e+02
5.437287096646858942e+00 1.007888452379673510e+02
6.296542801432234882e+00 1.007230441005706041e+02
7.165939830825342582e+00 1.005977042775094077e+02
8.046809704236439487e+00 1.004198562383244990e+02
8.940520427593217079e+00 1.001986767316957412e+02
9.848472703467130884e+00 9.994237165620062058e+01
1.077209786959844529e+01 9.965993856903290293e+01
1.171285721354910336e+01 9.935808468989372955e+01
1.267224232935154049e+01 9.904131107307929938e+01
1.365177623092940529e+01 9.871375552584106572e+01
1.465301499763074133e+01 9.838187711147348580e+01
1.567754978648448372e+01 9.805138635636241418e+01
1.672700909663123170e+01 9.772503040562425269e+01
1.780306121113344275e+01 9.740347753157524835e+01
1.890741677026959877e+01 9.708700233200194418e+01
2.004183145017305634e+01 9.677465724466210872e+01
2.120810873347637582e+01 9.646601292631791580e+01
2.240810276653020239e+01 9.616306890164878496e+01
2.364372130245390125e+01 9.586477046771183552e+01
2.491692873196327795e+01 9.557255361668106275e+01
2.622974920543214594e+01 9.528556176385656329e+01
2.758426985049712954e+01 9.500814022707778861e+01
2.898264409001813391e+01 9.474343523621463703e+01
3.042709506553396537e+01 9.449618498484720419e+01
3.191991917159720415e+01 9.427093508182674952e+01
3.346348970658294064e+01 9.406145650600818442e+01
3.506026064576564494e+01 9.386125506486398251e+01
3.671277054265868145e+01 9.367368266859637060e+01
3.842364656481755958e+01 9.350827457743862681e+01
4.019560867052235409e+01 9.336608638270213589e+01
4.203147393297943779e+01 9.323605650319886706e+01
4.393416101891693160e+01 9.311510800627539197e+01
4.590669482869393647e+01 9.300257701815554867e+01
4.795221130530064357e+01 9.289684510340487122e+01
5.007396241989426500e+01 9.278908902519600588e+01
5.227532134179728729e+01 9.268522451393025108e+01
5.455978780117689553e+01 9.259549007195776937e+01
5.693099365293169001e+01 9.251970108101311041e+01
5.939270865063042493e+01 9.246847126657600313e+01
6.194884643968324411e+01 9.244266296095041469e+01
6.460347077927212922e+01 9.242360705799789855e+01
6.736080200293353926e+01 9.240683803846863498e+01
7.022522372806342617e+01 9.240278843363914518e+01
7.320128982501118742e+01 9.242031796478241290e+01
7.629373165684334879e+01 9.242820867103407068e+01
7.950746560128530405e+01 9.243067311526273500e+01
8.284760086680049085e+01 9.244678225336160438e+01
8.631944761523249099e+01 9.247038309414074320e+01
8.992852540392426874e+01 9.250626097586942365e+01
9.368057196073426951e+01 9.255533515958090618e+01
9.758155230590209328e+01 9.264342699259391622e+01
1.016376682352639165e+02 9.274192344368154295e+01
1.058553681798950947e+02 9.278258069670542341e+01
1.102413574578541215e+02 9.275805613865345833e+01
1.148026089343274379e+02 9.274276931090365395e+01
1.195463741071210677e+02 9.271788203456212329e+01
1.244801946351241355e+02 9.273547536253325063e+01
1.296119143280715207e+02 9.274036079546668532e+01
1.349496916166672236e+02 9.270950618909772345e+01
1.405020125228939492e+02 9.273458332400987558e+01
1.462777041511281482e+02 9.278395874783755914e+01
1.522859487215096692e+02 9.280171510144455738e+01
1.585362981678763390e+02 9.277458003183218693e+01
1.650386893234702370e+02 9.273633296708732132e+01
1.718034597185595658e+02 9.272787405971681096e+01
1.788413640150900505e+02 9.266640117922101183e+01
1.861635911044939462e+02 9.256766012941264421e+01
1.937817818958393161e+02 9.240604413061471689e+01
2.017080478225987861e+02 9.223723883033395055e+01
2.099549900974604384e+02 9.202739596128374444e+01
2.185357197457911980e+02 9.170795615288427882e+01
2.274638784496031008e+02 9.135058999598288665e+01
2.367536602351603676e+02 9.103967544418323143e+01
2.464198340387049768e+02 9.068712933556261646e+01
2.564777671861783119e+02 9.019816659008685633e+01
2.669434498242675318e+02 8.960660521682729041e+01
2.778335203416216928e+02 8.899917646918294167e+01
2.891652918206640379e+02 8.833840053398039061e+01
3.009567795620857282e+02 8.775651977038718599e+01
3.132267297258585472e+02 8.694723011445213956e+01
3.259946491344890092e+02 8.610999152724026828e+01
3.392808362863340790e+02 8.506902726271273707e+01
3.531064136292366129e+02 8.367599447334177398e+01
3.674933611477544559e+02 8.206864178870711157e+01
3.824645513211672210e+02 8.039609009220126268e+01
3.980437855145387971e+02 7.837238346004703260e+01
4.142558318712455616e+02 7.603358387084540482e+01
4.311264647807630013e+02 7.351223810368543354e+01
4.486825059941866130e+02 7.070467134526850828e+01
4.669518674366045161e+02 6.723380167167570676e+01
4.859635956861600334e+02 6.306451108007396300e+01
5.057479178874085619e+02 5.841615408578133639e+01
5.263362884205595265e+02 5.343308656164904136e+01
5.477614347596538664e+02 4.758464115118083271e+01
5.700573993237991317e+02 4.131759110864571483e+01
5.932595713560990589e+02 3.464523572943011942e+01
6.174046984882090783e+02 2.838024407279802475e+01
6.425308612334282543e+02 2.303367517125847996e+01
6.686773849918981796e+02 1.688324841825082601e+01
6.958846535452179296e+02 1.226404265665905946e+01
7.241937765929172883e+02 9.633473591800438385e+00
7.536460538799125288e+02 7.190623769742546578e+00
7.842821733180975343e+02 4.933814414352494460e+00
8.161410845593333079e+02 3.902750247367948511e+00
8.492585071849014184e+02 3.114357941802849972e+00
8.836650672945658016e+02 2.426237071583738913e+00
9.193841082510367642e+02 1.819272712395553215e+00
9.564292868133592265e+02 1.345802610832026680e+00
9.948021359880425507e+02 9.502392488361011136e-01
1.034489837288521358e+03 6.959423622603533310e-01
1.075463482105905769e+03 5.623120679728503823e-01
1.117677100294897855e+03 4.644165606131128166e-01
1.161067685197964465e+03 4.220266279732982073e-01
1.205556348691512085e+03 3.858873583700784815e-01
1.251050608793114634e+03 3.593497317685956371e-01
1.297447666869458999e+03 3.451837846014875755e-01
1.344638397926668858e+03 3.346300957776779383e-01
1.392511681567591495e+03 3.246118566558308660e-01
1.440958661632982967e+03 3.154769933798911574e-01
1.489876546218169779e+03 3.074675246732679890e-01
1.539171640242423564e+03 3.006275002028885313e-01
1.588761422246553138e+03 2.947935550056142162e-01
1.638575611281274178e+03 2.897143265246520660e-01
1.688556293917864650e+03 2.847879374851082224e-01
1.738657276069219506e+03 2.804419499169691909e-01
1.788842878736340026e+03 2.775446571463401346e-01
1.839086409903800359e+03 2.744804647224052818e-01
1.889368523506530437e+03 2.725953938633601803e-01
1.939675632383273978e+03 2.706579758040810746e-01
1.989998488322226649e+03 2.697536222842399911e-01
2.040330989823476784e+03 2.684352589004662670e-01
2.090669234656651497e+03 2.676204025679179144e-01
2.141010803315962676e+03 2.670123814085553771e-01
2.191354241309018107e+03 2.667910821896083973e-01
2.241698700832178019e+03 2.670198724232131227e-01
2.292043702702579139e+03 2.673283873754635498e-01
2.342388984287852509e+03 2.666875201048982125e-01
2.392734405999051887e+03 2.677594571032659299e-01
2.443079895887834482e+03 2.685918705933300621e-01
2.493425417990423739e+03 2.697384297310777557e-01
2.543770954873147730e+03 2.699670711183433380e-01
2.594116498340174076e+03 2.708759958785252331e-01
2.644462044654915644e+03 2.715016321826457801e-01
2.694807592165288042e+03 2.719365118357786604e-01
2.745153140162934051e+03 2.718160103724175936e-01
2.795498688353323359e+03 2.715268747323260623e-01
2.845844236617704610e+03 2.722716510344593277e-01
2.896189784909648097e+03 2.728853603335861799e-01
2.946535333211554644e+03 2.737266043138734672e-01
2.996880881516954105e+03 2.741117477918896261e-01
3.047226429823542730e+03 2.742779937129594114e-01
3.097571978130523803e+03 2.745749239401455433e-01
3.147917526437629931e+03 2.750572865562599389e-01
3.198263074744775167e+03 2.756411246457112774e-01
3.248608623051931772e+03 2.765532774173602992e-01
3.298954171359092925e+03 2.760429076729070674e-01
3.349299719666254077e+03 2.760180560762086621e-01
3.399645267973415685e+03 2.760247604959938927e-01
3.449990816280576837e+03 2.764220075328393533e-01
3.500336364587737989e+03 2.765647573632184497e-01
3.550681912894899597e+03 2.774560360856915264e-01
3.601027461202060749e+03 2.781081213359137827e-01
3.651373009509221902e+03 2.788112585190030690e-01
3.701718557816383054e+03 2.789262016033940417e-01
3.752064106123544661e+03 2.800243907174630453e-01
3.802409654430705814e+03 2.803627087426845410e-01
3.852755202737866966e+03 2.811410292333778593e-01
3.903100751045028574e+03 2.822445309145937831e-01
3.953446299352189726e+03 2.834775591395712890e-01
4.003791847659350879e+03 2.841204485343632458e-01
4.054137395966512941e+03 2.846846684612407974e-01
4.104482944273674548e+03 2.857089343433144024e-01
4.154828492580835700e+03 2.858027387766626237e-01
4.205174040887996853e+03 2.862121806705434368e-01
4.255519589195158005e+03 2.868372140753871480e-01
4.305865137502319158e+03 2.873233029505972702e-01
4.356210685809481220e+03 2.873387271854698222e-01
4.406556234116642372e+03 2.877108067505830258e-01
4.456901782423803525e+03 2.881661683236866334e-01
4.507247330730964677e+03 2.879799994486430537e-01
4.557592879038125830e+03 2.880561899449530228e-01
4.607938427345286982e+03 2.882949474189269168e-01
4.658283975652449044e+03 2.883137034500374285e-01
4.708629523959610196e+03 2.893458981590685264e-01
4.758975072266771349e+03 2.907886896295538426e-01
4.809320620573932501e+03 2.913692835702016981e-01
4.859666168881093654e+03 2.922703913590113389e-01
4.910011717188254806e+03 2.924346666623506286e-01
4.960357265495415959e+03 2.927932792643772597e-01
5.010702813802578021e+03 2.932912434680944314e-01
5.061048362109739173e+03 2.931614032730486819e-01
5.111393910416900326e+03 2.942978746134569668e-01
5.161739458724061478e+03 2.948211595006906549e-01
5.212085007031222631e+03 2.947697400001146328e-01
5.262430555338383783e+03 2.949839359503986791e-01
5.312776103645545845e+03 2.953476737735739599e-01
5.363121651952706998e+03 2.960162132039296790e-01
5.413467200259868150e+03 2.969748499610913028e-01
5.463812748567029303e+03 2.982884264160032828e-01
5.514158296874190455e+03 2.990912975468680846e-01
5.564503845181351608e+03 2.992002191832242586e-01
5.614849393488513670e+03 2.986288127960730621e-01
5.665194941795674822e+03 2.995258634368059281e-01
5.715540490102835975e+03 2.991808975123345649e-01
5.765886038409997127e+03 2.992086556296382760e-01
5.816231586717158279e+03 2.995038485914440773e-01
5.866577135024319432e+03 3.010516897351267485e-01
5.916922683331481494e+03 3.010563137576940385e-01
5.967268231638642646e+03 3.021454733540503423e-01
6.017613779945803799e+03 3.015559528790781596e-01
6.067959328252964951e+03 3.020380263246686403e-01
6.118304876560126104e+03 3.018428203042442526e-01
6.168650424867287256e+03 3.035009933779230229e-01
6.218995973174448409e+03 3.037153866622631648e-01
6.269341521481610471e+03 3.034551790641363267e-01
6.319687069788771623e+03 3.037409371828273530e-01
6.370032618095932776e+03 3.042720345661035775e-01
6.420378166403093928e+03 3.046716993872988222e-01
6.470723714710255990e+03 3.041976175308240826e-01
6.521069263017417143e+03 3.038792068358642240e-01
6.571414811324578295e+03 3.037181779008540916e-01
6.621760359631740357e+03 3.040331752101378404e-01
6.672105907938901510e+03 3.035641373469504245e-01
6.722451456246062662e+03 3.046131325863072337e-01
6.772797004553223815e+03 3.050729018114987090e-01
6.823142552860384967e+03 3.051630830852485876e-01
6.873488101167546120e+03 3.057214582329508823e-01
6.923833649474707272e+03 3.061327342339675295e-01
6.974179197781869334e+03 3.078625198824606612e-01
7.024524746089030486e+03 3.095586886036809648e-01
7.074870294396191639e+03 3.110928246787586504e-01
7.125215842703352791e+03 3.123677367215788037e-01
7.175561391010513944e+03 3.143796111233826962e-01
7.225906939317675096e+03 3.147643459845513303e-01
7.276252487624837158e+03 3.167815696020884753e-01
7.326598035931998311e+03 3.174216805566338340e-01
7.376943584239159463e+03 3.202990317002902820e-01
7.427289132546320616e+03 3.201884074249790046e-01
7.477634680853481768e+03 3.219621441537440787e-01
7.527980229160642921e+03 3.205040469991878860e-01
7.578325777467804983e+03 3.215865932640066260e-01
7.628671325774966135e+03 3.161322762694152577e-01
7.679016874082127288e+03 3.130882027750739871e-01
7.729362422389288440e+03 3.055857241454731366e-01
7.779707970696449593e+03 3.036868112367818173e-01
7.830053519003610745e+03 2.918447375345267214e-01
7.880399067310772807e+03 2.851332262123800199e-01
7.930744615617933960e+03 2.605964607659138621e-01
7.981090163925095112e+03 2.373485547043351074e-01
8.031435712232256265e+03 1.980145143557368037e-01
