# Columns: yplus Trms_plus | Case=jet_M08_T05 | x*=10.00
4.241204116772259169e-01 5.819834775450058828e+01
1.242506501918621664e+00 5.823037445007381052e+01
2.064264449970745652e+00 5.829081258712679414e+01
2.890307804343040576e+00 5.837479554409891591e+01
3.721649285730860512e+00 5.847252723531096308e+01
4.559387429129143854e+00 5.857036487334103469e+01
5.404693260976848990e+00 5.865391897645115193e+01
6.258798154568612659e+00 5.871153205637234151e+01
7.122983580563858830e+00 5.873580614213751261e+01
7.998573076575290486e+00 5.872403083681945191e+01
8.886926448014495605e+00 5.867733325033991321e+01
9.789436000936682092e+00 5.859950718675283099e+01
1.070752449292325004e+01 5.849546707567678538e+01
1.164264445184296726e+01 5.837055641071988532e+01
1.259627853036285927e+01 5.822962689478997333e+01
1.356994061269451990e+01 5.807715101308959049e+01
1.456517745026313904e+01 5.791631644277618562e+01
1.558357066190152729e+01 5.775028174777261825e+01
1.662673898470674061e+01 5.758075663844041259e+01
1.769634070121284708e+01 5.740948451609430236e+01
1.879407619725946432e+01 5.723702686272858386e+01
1.992169062457349682e+01 5.706370358528939590e+01
2.108097665480483940e+01 5.688967448522200954e+01
2.227377731961763985e+01 5.671588179179005351e+01
2.350198893609882234e+01 5.654258786577786822e+01
2.476756411941747160e+01 5.637011765796235352e+01
2.607251488617122703e+01 5.619824479320512012e+01
2.741891585270312248e+01 5.602695104951900618e+01
2.880890753317253328e+01 5.585745068924313017e+01
3.024469974248887993e+01 5.569121612359536044e+01
3.172857510945992132e+01 5.552942826725426784e+01
3.326289270571571421e+01 5.537286670493880791e+01
3.485009179616773878e+01 5.522146532374667061e+01
3.649269571696184755e+01 5.507550756023143634e+01
3.819331588708885050e+01 5.493338581506878882e+01
3.995465596002983943e+01 5.479386096051801758e+01
4.177951612203641929e+01 5.465543889227100038e+01
4.367079754387927437e+01 5.451630305135429921e+01
4.563150699314218173e+01 5.437626625667259361e+01
4.766476161439459247e+01 5.423736424854782712e+01
4.977379388484177269e+01 5.409752683182859556e+01
5.196195675333142106e+01 5.395478377624239386e+01
5.423272897088654076e+01 5.380757760962001868e+01
5.658972062123939395e+01 5.365989948735917636e+01
5.903667886015840338e+01 5.351270664344050232e+01
6.157749387269318220e+01 5.336402243901780196e+01
6.421620505780775545e+01 5.321505561854010580e+01
6.695700745023506784e+01 5.306865138322222464e+01
6.980425838976194086e+01 5.292178853087928303e+01
7.276248444854677189e+01 5.277415257356279454e+01
7.583638862748435372e+01 5.263326275040270019e+01
7.903085783305739653e+01 5.249713965709796071e+01
8.235097064656208943e+01 5.235952205701244822e+01
8.580200539805915128e+01 5.221424610887246587e+01
8.938944855788656696e+01 5.205872808806543617e+01
9.311900345907397991e+01 5.190809373307160968e+01
9.699659936452725617e+01 5.176714656462312547e+01
1.010284008933966646e+02 5.163045628569664558e+01
1.052208178216159382e+02 5.148507213969470087e+01
1.095805152721920734e+02 5.134205466371563631e+01
1.141144243114478627e+02 5.120640920022641041e+01
1.188297529680614844e+02 5.105484499400396459e+01
1.237339976924226619e+02 5.089021862798011853e+01
1.288349552745225992e+02 5.071536990039676596e+01
1.341407352393251813e+02 5.053630000911049081e+01
1.396597727393259447e+02 5.037065711697158576e+01
1.454008419647947221e+02 5.020629931186533668e+01
1.513730700930220507e+02 5.003516018174057223e+01
1.575859517987463789e+02 4.987044322633636995e+01
1.640493643488297550e+02 4.970339415991765009e+01
1.707735833051806651e+02 4.951524122319191434e+01
1.777692988608878579e+02 4.928235542912492662e+01
1.850476328355364899e+02 4.904895091272782537e+01
1.926201563567262838e+02 4.885643687684451208e+01
2.004989082559015117e+02 4.865831516891965691e+01
2.086964142077386555e+02 4.846363326312275177e+01
2.172257066435192030e+02 4.828071203941864553e+01
2.261003454701469195e+02 4.807330325642889335e+01
2.353344396277480826e+02 4.783177869538859994e+01
2.449426695201269695e+02 4.757646922272790846e+01
2.549403103537383117e+02 4.729619626080796024e+01
2.653432564222815699e+02 4.703888592372330635e+01
2.761680463755293431e+02 4.668620090826497915e+01
2.874318895125744575e+02 4.624587345974725139e+01
2.991526931413279726e+02 4.581037157633117118e+01
3.113490910478429896e+02 4.529944345561926866e+01
3.240404731209132478e+02 4.478577765353522011e+01
3.372470161794797150e+02 4.427103507690512174e+01
3.509897160528008158e+02 4.371254301661109309e+01
3.652904209663437314e+02 4.317600139575930029e+01
3.801718662902344477e+02 4.249037330137912249e+01
3.956577107121744916e+02 4.180148869081025964e+01
4.117725739028219891e+02 4.096792304183935585e+01
4.285420757469887008e+02 4.009639785752804642e+01
4.459928772126934291e+02 3.912945957640095429e+01
4.641527229068960878e+02 3.814394471174185952e+01
4.830504852879303712e+02 3.703838781666466673e+01
5.027162103036325220e+02 3.584924804109401464e+01
5.231811637808247042e+02 3.457952805818212738e+01
5.444778770085953283e+02 3.327805526275884773e+01
5.666401883386570262e+02 3.158586156755152174e+01
5.897032748731771790e+02 2.989274018426721469e+01
6.137036639600107719e+02 2.798699286869548430e+01
6.386792078386926050e+02 2.614006840888395899e+01
6.646689961731213998e+02 2.402028363086055052e+01
6.917131706641829396e+02 2.185508707309237764e+01
7.198525945791755021e+02 1.968224564771249163e+01
7.491283200915565885e+02 1.720969566855942645e+01
7.795807912093961249e+02 1.465486138810347860e+01
8.112487241007370358e+02 1.185192602124509875e+01
8.441676242257115064e+02 9.549173880384206115e+00
8.783679340958260582e+02 7.172308051006735852e+00
9.138728571419251239e+02 4.979739838249442663e+00
9.506959682575661645e+02 3.223603689572283049e+00
9.888387912596456317e+02 1.953018515360487761e+00
1.028288584502058939e+03 1.444846010954299764e+00
1.069016612668668586e+03 7.893524957347464177e-01
1.110977181182366166e+03 4.815423064470230607e-01
1.154107661079238142e+03 3.995274727939316928e-01
1.198329637130811079e+03 3.680583787306389021e-01
1.243551181738211426e+03 3.394096079556819801e-01
1.289670112494877458e+03 3.240217258187224059e-01
1.336577958557073089e+03 3.120445605770534314e-01
1.384164265639237556e+03 3.024984434366262409e-01
1.432320830120737128e+03 2.945324584440118243e-01
1.480945476283314974e+03 2.881003664981801049e-01
1.529945070701716531e+03 2.820718028137536026e-01
1.579237586591913669e+03 2.774836477950373692e-01
1.628753164304007669e+03 2.725162127717842275e-01
1.678434237571518679e+03 2.685720073679758180e-01
1.728234889217950240e+03 2.642102581186896448e-01
1.778119654122183420e+03 2.619841711568902665e-01
1.828062000274167303e+03 2.589052264216357702e-01
1.878042697578883690e+03 2.575294716880285883e-01
1.928048240323360005e+03 2.548566169413575278e-01
1.978069435734228591e+03 2.532574460502480806e-01
2.028100218887039091e+03 2.505563101038773555e-01
2.078136710943351773e+03 2.494804160872252374e-01
2.128176506901113953e+03 2.475552043805135383e-01
2.178218160986893508e+03 2.451805394133298177e-01
2.228260830479211108e+03 2.435665917092569577e-01
2.278304039067667873e+03 2.425387051400978988e-01
2.328347525694245178e+03 2.417985679699287127e-01
2.378391151606763742e+03 2.406808254563273797e-01
2.428434845288174074e+03 2.394283694878849011e-01
2.478478570990285334e+03 2.389671098148325457e-01
2.528522311383931992e+03 2.386923104309689181e-01
2.578566058322411664e+03 2.391544049004129813e-01
2.628609808091535342e+03 2.387807031127431867e-01
2.678653559049122578e+03 2.388735774167367598e-01
2.728697310491063035e+03 2.379177319554213188e-01
2.778741062124591281e+03 2.374656721561563821e-01
2.828784813831667634e+03 2.367370846231999504e-01
2.878828565566141151e+03 2.370288996309276031e-01
2.928872317310517701e+03 2.364399201899761715e-01
2.978916069058366702e+03 2.373838012926530738e-01
3.028959820807397591e+03 2.371726474389494466e-01
3.079003572556818199e+03 2.381637931301905375e-01
3.129047324306363407e+03 2.379531052409961933e-01
3.179091076055947724e+03 2.392156520375786632e-01
3.229134827805542955e+03 2.393503302636298402e-01
3.279178579555142733e+03 2.396256556516327685e-01
3.329222331304742966e+03 2.396323643747316767e-01
3.379266083054343198e+03 2.395391536584078884e-01
3.429309834803942977e+03 2.394864569345526994e-01
3.479353586553543209e+03 2.399257164753609839e-01
3.529397338303142988e+03 2.404057869570971895e-01
3.579441090052743220e+03 2.419032503351913888e-01
3.629484841802343453e+03 2.430650514048591226e-01
3.679528593551943231e+03 2.438599945675942737e-01
3.729572345301543464e+03 2.445595168389151086e-01
3.779616097051143242e+03 2.453909512621600952e-01
3.829659848800743475e+03 2.457482850626085125e-01
3.879703600550343708e+03 2.458733250537156745e-01
3.929747352299943486e+03 2.455765082927451326e-01
3.979791104049543719e+03 2.453984207152482278e-01
4.029834855799144407e+03 2.455007874733070306e-01
4.079878607548744640e+03 2.448330892358463740e-01
4.129922359298344418e+03 2.444976216173274375e-01
4.179966111047944651e+03 2.444530589419920130e-01
4.230009862797544884e+03 2.446014961475720118e-01
4.280053614547145116e+03 2.455527837334419983e-01
4.330097366296744440e+03 2.460990288727586406e-01
4.380141118046344673e+03 2.477676091873625697e-01
4.430184869795944905e+03 2.484484919747667886e-01
4.480228621545545138e+03 2.499155326566429858e-01
4.530272373295145371e+03 2.508115660323723684e-01
4.580316125044744695e+03 2.523771670205858797e-01
4.630359876794344927e+03 2.523226641318157548e-01
4.680403628543945160e+03 2.532097135301154545e-01
4.730447380293545393e+03 2.533994827233569946e-01
4.780491132043145626e+03 2.538456035454606519e-01
4.830534883792744949e+03 2.531998356290843244e-01
4.880578635542345182e+03 2.537398726494599077e-01
4.930622387291945415e+03 2.541210551482074309e-01
4.980666139041545648e+03 2.555285231167611082e-01
5.030709890791145881e+03 2.561733930672925874e-01
5.080753642540745204e+03 2.570414869871645580e-01
5.130797394290345437e+03 2.570506100123708948e-01
5.180841146039945670e+03 2.577400850668481458e-01
5.230884897789545903e+03 2.585863388566269072e-01
5.280928649539146136e+03 2.592576642231097517e-01
5.330972401288746369e+03 2.593581797396998234e-01
5.381016153038345692e+03 2.595791006468398665e-01
5.431059904787945925e+03 2.596533296608797836e-01
5.481103656537546158e+03 2.603746284685075629e-01
5.531147408287146391e+03 2.613125197237587960e-01
5.581191160036746624e+03 2.618051613836816505e-01
5.631234911786345947e+03 2.626036082321092091e-01
5.681278663535946180e+03 2.630522112841024995e-01
5.731322415285546413e+03 2.633578614060589906e-01
5.781366167035146646e+03 2.633485914081765134e-01
5.831409918784746878e+03 2.635314908280252943e-01
5.881453670534346202e+03 2.639210149334587086e-01
5.931497422283946435e+03 2.638682504836389886e-01
5.981541174033546667e+03 2.645057381643547423e-01
6.031584925783146900e+03 2.658521736513753675e-01
6.081628677532747133e+03 2.666078711560789238e-01
6.131672429282346457e+03 2.669837225484827936e-01
6.181716181031946689e+03 2.676139284393566631e-01
6.231759932781546922e+03 2.676038175162069321e-01
6.281803684531147155e+03 2.676662695809219339e-01
6.331847436280747388e+03 2.675135956774729040e-01
6.381891188030346711e+03 2.673799478838224664e-01
6.431934939779947854e+03 2.675247989906935353e-01
6.481978691529548087e+03 2.673609508292871251e-01
6.532022443279148320e+03 2.675789757471318531e-01
6.582066195028747643e+03 2.678159921937817156e-01
6.632109946778347876e+03 2.678968276807286442e-01
6.682153698527948109e+03 2.683251509975878579e-01
6.732197450277548342e+03 2.694305462703927012e-01
6.782241202027148574e+03 2.712604999076002055e-01
6.832284953776747898e+03 2.731613870221651363e-01
6.882328705526348131e+03 2.740793220616544734e-01
6.932372457275948364e+03 2.756172291696816212e-01
6.982416209025548596e+03 2.763433304492838305e-01
7.032459960775148829e+03 2.770701729134238955e-01
7.082503712524749062e+03 2.764073509257643502e-01
7.132547464274348386e+03 2.774082367984429531e-01
7.182591216023948618e+03 2.776903556840242815e-01
7.232634967773548851e+03 2.792014470505840285e-01
7.282678719523149084e+03 2.798923171233602680e-01
7.332722471272749317e+03 2.831897714852359971e-01
7.382766223022348640e+03 2.837177606021983878e-01
7.432809974771948873e+03 2.850394635736014370e-01
7.482853726521549106e+03 2.812404621191558762e-01
7.532897478271149339e+03 2.793424298565753139e-01
7.582941230020749572e+03 2.733331081207499014e-01
7.632984981770348895e+03 2.706317330889262407e-01
7.683028733519949128e+03 2.641104462216155579e-01
7.733072485269549361e+03 2.613943077189895270e-01
7.783116237019149594e+03 2.505061522115936135e-01
7.833159988768749827e+03 2.439328236756961865e-01
7.883203740518349150e+03 2.219502433365424798e-01
7.933247492267949383e+03 2.015202693669849165e-01
7.983291244017549616e+03 1.667774151474038791e-01
