# Columns: yplus Trms_plus | Case=jet_M16_T75 | x*=20.00
4.063365409548279072e-01 1.763541868603512697e+01
1.190406734037899428e+00 1.765765035629338797e+01
1.977707398943783668e+00 1.770551687465682278e+01
2.769113778011921490e+00 1.778464001923554605e+01
3.565596127360561418e+00 1.789908272727931404e+01
4.368206919112409992e+00 1.804832562005543650e+01
5.178068077182165219e+00 1.822692301213972854e+01
5.996359341925141528e+00 1.842577381008554838e+01
6.824308450419648509e+00 1.863453369556959771e+01
7.663183442780151289e+00 1.884354764184019970e+01
8.514287106168275443e+00 1.904513594786833153e+01
9.378953365598819758e+00 1.923358098773865166e+01
1.025854532074425052e+01 1.940542719420996320e+01
1.115445459326102551e+01 1.955879158403745421e+01
1.206810166643542104e+01 1.969305244338245231e+01
1.300093694552266577e+01 1.980814036885173479e+01
1.395444232483042057e+01 1.990468114241279807e+01
1.493013310404231220e+01 1.998325084557171749e+01
1.592956014469346826e+01 2.004502151405183241e+01
1.695431219556906299e+01 2.009116041267068198e+01
1.800601834331838802e+01 2.012341003958889019e+01
1.908635056339141656e+01 2.014329762957533276e+01
2.019702635859448847e+01 2.015272752554010438e+01
2.133981148009322482e+01 2.015298464131221223e+01
2.251652273015518446e+01 2.014550808271166460e+01
2.372903084848488930e+01 2.013099500742396941e+01
2.497926348544321939e+01 2.011082463666723541e+01
2.626920826625505967e+01 2.008570977677000613e+01
2.760091595078822024e+01 2.005662083023418418e+01
2.897650369379809376e+01 2.002381920884041833e+01
3.039815841076550740e+01 1.998802562346065059e+01
3.186814025465557521e+01 1.994942337859329839e+01
3.338878620911567907e+01 1.990870051295307874e+01
3.496251380382119578e+01 1.986596056676403066e+01
3.659182495787458578e+01 1.982149234896737156e+01
3.827930995736723219e+01 1.977512156921244468e+01
4.002765157342776803e+01 1.972714971291935271e+01
4.183962932730350559e+01 1.967747257411927109e+01
4.371812390925553871e+01 1.962656055106896957e+01
4.566612175829301634e+01 1.957461549059821593e+01
4.768671981002699312e+01 1.952276201514903065e+01
4.978313042019244961e+01 1.947095025568611959e+01
5.195868647166559384e+01 1.941876519394540423e+01
5.421684667309599348e+01 1.936545752801550790e+01
5.656120105757670302e+01 1.931176670185340072e+01
5.899547669009495365e+01 1.925736635671336572e+01
6.152354359283638985e+01 1.920103512087383280e+01
6.414942089776364753e+01 1.914128333843905594e+01
6.687728323625024984e+01 1.907917911897809304e+01
6.971146737592768261e+01 1.901630004208435665e+01
7.265647911529821101e+01 1.895461804294575714e+01
7.571700044707301913e+01 1.889456359044451261e+01
7.889789700162511110e+01 1.883482507836153985e+01
8.220422578238988365e+01 1.877250518620984110e+01
8.564124320551195524e+01 1.870768344382944903e+01
8.921441345651828669e+01 1.863968184766408953e+01
9.292941717730498397e+01 1.857089755566576272e+01
9.679216049724681170e+01 1.850366301067949948e+01
1.008087844227879089e+02 1.843838926252198718e+01
1.049856746004407597e+02 1.837382882248321181e+01
1.093294714687157239e+02 1.830761852956446845e+01
1.138470808151192699e+02 1.823738863938145727e+01
1.185456847550057375e+02 1.816539540314829537e+01
1.234327531497360724e+02 1.809209353665321629e+01
1.285160554822964514e+02 1.801686053080798189e+01
1.338036732092569707e+02 1.793348356425922674e+01
1.393040126087069837e+02 1.783656996669684958e+01
1.450258181445929893e+02 1.773407419324060186e+01
1.509781863687067585e+02 1.763829657964454967e+01
1.571705803824229406e+02 1.755221698075331105e+01
1.636128448811802230e+02 1.746406195341772971e+01
1.703152218056214053e+02 1.737762708510451048e+01
1.772883666242760512e+02 1.729657057655897034e+01
1.845433652736715544e+02 1.722103531503677942e+01
1.920917517828041809e+02 1.713728237919703545e+01
1.999455266099895994e+02 1.704113199323957772e+01
2.081171757212444788e+02 1.694980119099094296e+01
2.166196904405306327e+02 1.686081615808777556e+01
2.254665881034197810e+02 1.675505737825572083e+01
2.346719335470134524e+02 1.664778821094596495e+01
2.442503614702845596e+02 1.655829073618609115e+01
2.542170997003900368e+02 1.646070998992901124e+01
2.645879934019474717e+02 1.634504410510529837e+01
2.753795302677748964e+02 1.624151343118981572e+01
2.866088667311730092e+02 1.613262514234243383e+01
2.982938552414963738e+02 1.601530085937335102e+01
3.104530726465577004e+02 1.588370782392372149e+01
3.231058497274044043e+02 1.576618922088341179e+01
3.362723019333299135e+02 1.561650216772982702e+01
3.499733613678545794e+02 1.546085461294240204e+01
3.642308100801323008e+02 1.532488706612343421e+01
3.790673147210940215e+02 1.515229928236985657e+01
3.945064626294746404e+02 1.496085753548943842e+01
4.105727994179999314e+02 1.480947757965829226e+01
4.272918681287517870e+02 1.464824117841832063e+01
4.446902500044901672e+02 1.445493408438906791e+01
4.627956068472059883e+02 1.422736557636789456e+01
4.816367247425895926e+02 1.395887013482812833e+01
5.012435585043476181e+02 1.370627030509899491e+01
5.216472753461229104e+02 1.342050492294550246e+01
5.428802947374996393e+02 1.314585045354756687e+01
5.649763187631266419e+02 1.285443169142144271e+01
5.879703431359405386e+02 1.256754368516606668e+01
6.118986329062817049e+02 1.224805556894673408e+01
6.367986386621872725e+02 1.190308478389277980e+01
6.627088189155249438e+02 1.152325949497295454e+01
6.896683234884420699e+02 1.112519346303403367e+01
7.177164831881858618e+02 1.072908503981776818e+01
7.468920461577108654e+02 1.041112841435964320e+01
7.772321051503208764e+02 1.013755698037154396e+01
8.087706768401912996e+02 9.852991132026726717e+00
8.415369272482987526e+02 9.662573231818887720e+00
8.755530868581757886e+02 9.424354724130937555e+00
9.108321613520297433e+02 9.315191749161746415e+00
9.473756106513114901e+02 9.242437719910595817e+00
9.851712273822147381e+02 9.300522166410567948e+00
1.024191481134410196e+03 9.343810247808786329e+00
1.064392593358478052e+03 9.385044104179218749e+00
1.105714561197069770e+03 9.354627970895002420e+00
1.148082257465031034e+03 9.352575711776728085e+00
1.191407609196486646e+03 9.259488466329550249e+00
1.235592718614093883e+03 9.104772506964771139e+00
1.280533663184948182e+03 8.778242594875230509e+00
1.326124620102382551e+03 8.467639505196016714e+00
1.372261922851613690e+03 7.928311055139362296e+00
1.418847680063155167e+03 7.311258796785972791e+00
1.465792663506478448e+03 6.582536254630432460e+00
1.513018285877671360e+03 5.850531893021137186e+00
1.560457616824620573e+03 4.887096820533766817e+00
1.608055503902517557e+03 3.968719759597686192e+00
1.655767955296410264e+03 3.229334886986553688e+00
1.703560992979673756e+03 2.590104616081502442e+00
1.751409197460834093e+03 2.131687145001162076e+00
1.799294144985512048e+03 1.654029067762542438e+00
1.847202896151261029e+03 1.225665044311805785e+00
1.895126643648578920e+03 8.138819221914338486e-01
1.943059576862473705e+03 5.045381658633695254e-01
1.990997979598791744e+03 3.378157639439694493e-01
2.038939547700061894e+03 3.084244947174903939e-01
2.086882896015843016e+03 2.982471763074301396e-01
2.134827217160964665e+03 2.916422409626722723e-01
2.182772054797285818e+03 2.854514779000390523e-01
2.230717158813260994e+03 2.816347807810988813e-01
2.278662396274752155e+03 2.780939550855674458e-01
2.326607698663505744e+03 2.760258233363205305e-01
2.374553031730294606e+03 2.735719277439708219e-01
2.422498378872584908e+03 2.719497350336300689e-01
2.470443732285275928e+03 2.712798990063448046e-01
2.518389088409918713e+03 2.705786166890130628e-01
2.566334445673191567e+03 2.705289173760542787e-01
2.614279803400507717e+03 2.703862707257623232e-01
2.662225161311378088e+03 2.702844822159719551e-01
2.710170519292712925e+03 2.705675752890766006e-01
2.758115877300296233e+03 2.706893947285345936e-01
2.806061235317366936e+03 2.707552705926564163e-01
2.854006593337765025e+03 2.705781106276493042e-01
2.901951951359294981e+03 2.696110259576418033e-01
2.949897309381198738e+03 2.694847842425647233e-01
2.997842667403221185e+03 2.694780529095484045e-01
3.045788025425281830e+03 2.702636779927010680e-01
3.093733383447352480e+03 2.713273485144658825e-01
3.141678741469427678e+03 2.728429061205005501e-01
3.189624099491502875e+03 2.734442173465391757e-01
3.237569457513578527e+03 2.740508257660941860e-01
3.285514815535653725e+03 2.733388257117594922e-01
3.333460173557729377e+03 2.738350619439706701e-01
3.381405531579804574e+03 2.731402982712393124e-01
3.429350889601880226e+03 2.742247077460284732e-01
3.477296247623955423e+03 2.747546184352992471e-01
3.525241605646030621e+03 2.767245739400284177e-01
3.573186963668106273e+03 2.774242779753556265e-01
3.621132321690181470e+03 2.785286962141330647e-01
3.669077679712257122e+03 2.782503622397197174e-01
3.717023037734332320e+03 2.784480297095686674e-01
3.764968395756407972e+03 2.777921301854510139e-01
3.812913753778483169e+03 2.779986644581505240e-01
3.860859111800559276e+03 2.775928828414571115e-01
3.908804469822634474e+03 2.771600218965680762e-01
3.956749827844710126e+03 2.767930641591384577e-01
4.004695185866785323e+03 2.764236428187761829e-01
4.052640543888860975e+03 2.761355819986374693e-01
4.100585901910936627e+03 2.755718213715162568e-01
4.148531259933011825e+03 2.749203102711085811e-01
4.196476617955087022e+03 2.749597206118840620e-01
4.244421975977162219e+03 2.741197935814027598e-01
4.292367333999238326e+03 2.745437376142703112e-01
4.340312692021313524e+03 2.738750577353801785e-01
4.388258050043388721e+03 2.735901503724660899e-01
4.436203408065463918e+03 2.729516470254207405e-01
4.484148766087539116e+03 2.734011742358291586e-01
4.532094124109615223e+03 2.740860204374078180e-01
4.580039482131690420e+03 2.747084522896174885e-01
4.627984840153765617e+03 2.753394666652622114e-01
4.675930198175840815e+03 2.761117606370934729e-01
4.723875556197916012e+03 2.763238281782993688e-01
4.771820914219992119e+03 2.769166039501184673e-01
4.819766272242067316e+03 2.769852494484792982e-01
4.867711630264142514e+03 2.762878780878791352e-01
4.915656988286217711e+03 2.762408304701113870e-01
4.963602346308293818e+03 2.755159514623008454e-01
5.011547704330369015e+03 2.748749121388462391e-01
5.059493062352444213e+03 2.748403683578346524e-01
5.107438420374519410e+03 2.755975196842207486e-01
5.155383778396594607e+03 2.758349763793650489e-01
5.203329136418670714e+03 2.760222084122485597e-01
5.251274494440745912e+03 2.760693211863310403e-01
5.299219852462821109e+03 2.768695003206564920e-01
5.347165210484896306e+03 2.778170156034918681e-01
5.395110568506972413e+03 2.790944257247002236e-01
5.443055926529047611e+03 2.799250049254274897e-01
5.491001284551122808e+03 2.798057275882637196e-01
5.538946642573198005e+03 2.807695202251713207e-01
5.586892000595273203e+03 2.810881476863980044e-01
5.634837358617349309e+03 2.818717503086670129e-01
5.682782716639424507e+03 2.822615128121927497e-01
5.730728074661499704e+03 2.835122402289739219e-01
5.778673432683574902e+03 2.844069283563940287e-01
5.826618790705651008e+03 2.848677576803444467e-01
5.874564148727726206e+03 2.846257431775394142e-01
5.922509506749801403e+03 2.849676606757908792e-01
5.970454864771876601e+03 2.856402202305149962e-01
6.018400222793951798e+03 2.853368292466081924e-01
6.066345580816027905e+03 2.850701202042508209e-01
6.114290938838103102e+03 2.854150328589686314e-01
6.162236296860179209e+03 2.854753634266146145e-01
6.210181654882254406e+03 2.856049566863803069e-01
6.258127012904329604e+03 2.860127685006206288e-01
6.306072370926404801e+03 2.867059139607518459e-01
6.354017728948480908e+03 2.866761288811877639e-01
6.401963086970556105e+03 2.865551562069319491e-01
6.449908444992631303e+03 2.874072193457344881e-01
6.497853803014706500e+03 2.882105296113082193e-01
6.545799161036782607e+03 2.897311052485570526e-01
6.593744519058857804e+03 2.892670359691714155e-01
6.641689877080933002e+03 2.886461226084660603e-01
6.689635235103008199e+03 2.879086466644539821e-01
6.737580593125083396e+03 2.892819746139359549e-01
6.785525951147159503e+03 2.896054685859464350e-01
6.833471309169234701e+03 2.921571925612230225e-01
6.881416667191309898e+03 2.918617490599573761e-01
6.929362025213385095e+03 2.936023288158382538e-01
6.977307383235461202e+03 2.918635168485524956e-01
7.025252741257536400e+03 2.920439512731420884e-01
7.073198099279611597e+03 2.907521863079127744e-01
7.121143457301686794e+03 2.899876622360534340e-01
7.169088815323761992e+03 2.864090309884416707e-01
7.217034173345838099e+03 2.840909022144280649e-01
7.264979531367913296e+03 2.786214304976263878e-01
7.312924889389988493e+03 2.745896448968449532e-01
7.360870247412063691e+03 2.683552925982602422e-01
7.408815605434139798e+03 2.649600461866893353e-01
7.456760963456214995e+03 2.551991731983453415e-01
7.504706321478290192e+03 2.481810214137541160e-01
7.552651679500365390e+03 2.273518498185481407e-01
7.600597037522440587e+03 2.080676080338267619e-01
7.648542395544516694e+03 1.729168855289149875e-01
