# Columns: yplus Trms_plus | Case=jet_M12_T75 | x*=20.00
4.058767481075097328e-01 1.952744312057962617e+01
1.189059721287276883e+00 1.955050785338542241e+01
1.975469510827726483e+00 1.959942216326501452e+01
2.765980368681940416e+00 1.967907657652006392e+01
3.561561453068327499e+00 1.979262817843480704e+01
4.363264045177680295e+00 1.993882157436481251e+01
5.172208799404144131e+00 2.011137835524117889e+01
5.989574121159891185e+00 2.030099529315717177e+01
6.816586358269081103e+00 2.049744089818910808e+01
7.654512115986854326e+00 2.069174831511537960e+01
8.504652707297253755e+00 2.087666309154842992e+01
9.368340547803256868e+00 2.104724662489508447e+01
1.024693719475271791e+01 2.119995838361353790e+01
1.114183269510324514e+01 2.133310941297554919e+01
1.205444592478369437e+01 2.144582866840150004e+01
1.298622564783346611e+01 2.153856945040060822e+01
1.393865208171274794e+01 2.161194627769482679e+01
1.491323881145760843e+01 2.166753311510451852e+01
1.591153494371537391e+01 2.170656873639833861e+01
1.693512742951183370e+01 2.173095535252542376e+01
1.798564351209232370e+01 2.174203459956999041e+01
1.906475327497173922e+01 2.174165825028352472e+01
2.017417227750457087e+01 2.173099466513214395e+01
2.131566427280881726e+01 2.171179415409293512e+01
2.249104400733720865e+01 2.168478519040831998e+01
2.370218010394616570e+01 2.165128775767306379e+01
2.495099803175083508e+01 2.161192005916517189e+01
2.623948316686539428e+01 2.156803574669272905e+01
2.756968394860652793e+01 2.152008361597567188e+01
2.894371513604892243e+01 2.146910180887014263e+01
3.036376117005446673e+01 2.141504852122106684e+01
3.183207964609698948e+01 2.135849473792972475e+01
3.335100490339429058e+01 2.129918800147683555e+01
3.492295173604977521e+01 2.123791665240571191e+01
3.655041923210251298e+01 2.117512036179059720e+01
3.823599474658822572e+01 2.111184923782708722e+01
3.998235801492781860e+01 2.104802492700254035e+01
4.179228541318263268e+01 2.098383820827348956e+01
4.366865437194931587e+01 2.091839688647681328e+01
4.561444795091186677e+01 2.085141239732899621e+01
4.763275958132298626e+01 2.078264014241116442e+01
4.972679798395493123e+01 2.071266821745598463e+01
5.189989227033784402e+01 2.064122428406320964e+01
5.415549723539626115e+01 2.056824032556492909e+01
5.649719884989711005e+01 2.049407360027887748e+01
5.892871996144217661e+01 2.041965131509521925e+01
6.145392621306744019e+01 2.034486400471821099e+01
6.407683218885972565e+01 2.026882392002482902e+01
6.680160779636034363e+01 2.019190089144034417e+01
6.963258489590216982e+01 2.011328648354664139e+01
7.257426418742085161e+01 2.003321938333398577e+01
7.563132236568721112e+01 1.995234104940222508e+01
7.880861955533748642e+01 1.987206520121725717e+01
8.211120703752078498e+01 1.979061093171907970e+01
8.554433528044866364e+01 1.970784403078586067e+01
8.911346228661217594e+01 1.962346579202291963e+01
9.282426226993887042e+01 1.953896142788684287e+01
9.668263467668307953e+01 1.945481616700777749e+01
1.006947135643917619e+02 1.936825283250341201e+01
1.048668773538561396e+02 1.927508488744442516e+01
1.092057589695536706e+02 1.917354759662540786e+01
1.137182563847004957e+02 1.907095628640446350e+01
1.184115435876800007e+02 1.897033083652329211e+01
1.232930819872812407e+02 1.887372446698315898e+01
1.283706322748796254e+02 1.878072695991980723e+01
1.336522667624187193e+02 1.868938499958895960e+01
1.391463822158073071e+02 1.859260411720471851e+01
1.448617132041348725e+02 1.849135158347842278e+01
1.508073459859287766e+02 1.837953273159515177e+01
1.569927329545276677e+02 1.825914708080395599e+01
1.634277076655388043e+02 1.814129422993253371e+01
1.701225004702681645e+02 1.802628833861533408e+01
1.770877547799782121e+02 1.790292508422030693e+01
1.843345439868301980e+02 1.778320345979536654e+01
1.918743890684122846e+02 1.766655844404973053e+01
1.997192769038408358e+02 1.755885107148532853e+01
2.078816793305535953e+02 1.744808202315486412e+01
2.163745729720923237e+02 1.732670317251976400e+01
2.252114598683967301e+02 1.720461822388546125e+01
2.344063889414072435e+02 1.709193684881158148e+01
2.439739783301046998e+02 1.697140839483403951e+01
2.539294386304957527e+02 1.683374792304748979e+01
2.642885970774952966e+02 1.669156530215312984e+01
2.750679227071616424e+02 1.655017032069698857e+01
2.862845525393179287e+02 1.640423461214164647e+01
2.979563188222595045e+02 1.624884147225715481e+01
3.101017773830419060e+02 1.610301888248316260e+01
3.227402371288371796e+02 1.593675973202825524e+01
3.358917907471667945e+02 1.575727920987589314e+01
3.495773466556884159e+02 1.557967149860895795e+01
3.638186622559316561e+02 1.542034844876138600e+01
3.786383785502260935e+02 1.525081583911904026e+01
3.940600561868948830e+02 1.505954225571887406e+01
4.101082130039102935e+02 1.487562641667630636e+01
4.268083631399532010e+02 1.464959564222037791e+01
4.441870577595994405e+02 1.444468480767253382e+01
4.622719273639417565e+02 1.419676162583856005e+01
4.810917254655814190e+02 1.393657839779185004e+01
5.006763729826541294e+02 1.369679463637394790e+01
5.210570018613323100e+02 1.346065319805155625e+01
5.422659948867312778e+02 1.319826977069704732e+01
5.643370160076791535e+02 1.289500788468179771e+01
5.873050213374779105e+02 1.256747518580559131e+01
6.112062348905066074e+02 1.222439803170909833e+01
6.360780648773369421e+02 1.191240492167697873e+01
6.619589262918490249e+02 1.158843614171591518e+01
6.888879246559453122e+02 1.123389992039422403e+01
7.169043462718336741e+02 1.086010527058112629e+01
7.460468954367464676e+02 1.049134579365522590e+01
7.763526229314330749e+02 1.012102857798277888e+01
8.078555069382722422e+02 9.832685714427345403e+00
8.405846804752330854e+02 9.650949372360379641e+00
8.745623488707952902e+02 9.465335349057488301e+00
9.098015030904987270e+02 9.378566381735259583e+00
9.463036014038104895e+02 9.360666921069707769e+00
9.840564502502600135e+02 9.365716320937611528e+00
1.023032550371739376e+03 9.371096367575955099e+00
1.063188172756740641e+03 9.400974661839708091e+00
1.104463382444552735e+03 9.387932433746286165e+00
1.146783137260692911e+03 9.383961321815482037e+00
1.190059463898843205e+03 9.239644067880700362e+00
1.234194575358549628e+03 8.992596944162871253e+00
1.279084666701149217e+03 8.662922532082168559e+00
1.324624034864483974e+03 8.327107061258518073e+00
1.370709130638312899e+03 7.756162104983766348e+00
1.417242173422787573e+03 7.030409055083797654e+00
1.464134035954183901e+03 6.356901754379773450e+00
1.511306219854582878e+03 5.521597192525351083e+00
1.558691870507360818e+03 4.573195821410091177e+00
1.606235897875829551e+03 3.772872428487022312e+00
1.653894359924271384e+03 3.037109191101328154e+00
1.701633317074125898e+03 2.428599222072396202e+00
1.749427378597515826e+03 1.976232280965418253e+00
1.797258141587585442e+03 1.673916657305424049e+00
1.845112681283555730e+03 1.310787643249816226e+00
1.892982200341894895e+03 9.963893829046468475e-01
1.940860894722651892e+03 7.452294646296221403e-01
1.988745052436756851e+03 5.623247740832528763e-01
2.036632371934024150e+03 3.589139310988874731e-01
2.084521469631388300e+03 3.156322253160780411e-01
2.132411539057281971e+03 3.029669308375992909e-01
2.180302124389936125e+03 2.952385847864821833e-01
2.228192975800819568e+03 2.886526906849261054e-01
2.276083960506219228e+03 2.835589838878763147e-01
2.323975010065411880e+03 2.791749828612948847e-01
2.371866090267925301e+03 2.766717138846394586e-01
2.419757184530013546e+03 2.743725393014714853e-01
2.467648285055406632e+03 2.724348415404097556e-01
2.515539388289683302e+03 2.718445519622588735e-01
2.563430492661301287e+03 2.710039101531576677e-01
2.611321597496437789e+03 2.711951828106082818e-01
2.659212702514920693e+03 2.695874130056780671e-01
2.707103807603788482e+03 2.698872853389141513e-01
2.754994912718874730e+03 2.689150269876343646e-01
2.802886017843437912e+03 2.679876151196732281e-01
2.850777122971324388e+03 2.673080239534588176e-01
2.898668228100341821e+03 2.667117719923002839e-01
2.946559333229732147e+03 2.671860901454869430e-01
2.994450438359241616e+03 2.670015879062363484e-01
3.042341543488788830e+03 2.670917251156588734e-01
3.090232648618346047e+03 2.665193021742566226e-01
3.138123753747907813e+03 2.665922020577220497e-01
3.186014858877470033e+03 2.673642043209582542e-01
3.233905964007032253e+03 2.671433359685723152e-01
3.281797069136594018e+03 2.671727403247255994e-01
3.329688174266156238e+03 2.672173618270105022e-01
3.377579279395718459e+03 2.669253396017483571e-01
3.425470384525280224e+03 2.675648120030405530e-01
3.473361489654842444e+03 2.678568227246261868e-01
3.521252594784404664e+03 2.678106159140366538e-01
3.569143699913966884e+03 2.677186351709778811e-01
3.617034805043528650e+03 2.681783678138759397e-01
3.664925910173090870e+03 2.686078037549325392e-01
3.712817015302653090e+03 2.694671699795543884e-01
3.760708120432214855e+03 2.693130051242872414e-01
3.808599225561777075e+03 2.706084258578686508e-01
3.856490330691339750e+03 2.690111528319455436e-01
3.904381435820901970e+03 2.689521877269219208e-01
3.952272540950463735e+03 2.674765200899650863e-01
4.000163646080025956e+03 2.677904200629397935e-01
4.048054751209588176e+03 2.669891110159637315e-01
4.095945856339149941e+03 2.668253174163254249e-01
4.143836961468712616e+03 2.655475556334023213e-01
4.191728066598274381e+03 2.649095299385323954e-01
4.239619171727836147e+03 2.635321774322885169e-01
4.287510276857398821e+03 2.643309347008508947e-01
4.335401381986960587e+03 2.648443203500500664e-01
4.383292487116522352e+03 2.663660877422350803e-01
4.431183592246085027e+03 2.671340122176799614e-01
4.479074697375646792e+03 2.672053280236025286e-01
4.526965802505208558e+03 2.682713478840869636e-01
4.574856907634771233e+03 2.679198366505350370e-01
4.622748012764332998e+03 2.690022202789589256e-01
4.670639117893894763e+03 2.689411243944397345e-01
4.718530223023457438e+03 2.698722872062330747e-01
4.766421328153019203e+03 2.694045376150812632e-01
4.814312433282580969e+03 2.696880455156681067e-01
4.862203538412143644e+03 2.696956626904279952e-01
4.910094643541705409e+03 2.711167733802501423e-01
4.957985748671267174e+03 2.706868218492293754e-01
5.005876853800829849e+03 2.725540929065479179e-01
5.053767958930391615e+03 2.715735948284974111e-01
5.101659064059953380e+03 2.721931907821757424e-01
5.149550169189516055e+03 2.715324669226639731e-01
5.197441274319077820e+03 2.718207611043292893e-01
5.245332379448639585e+03 2.717829753609358745e-01
5.293223484578202260e+03 2.727325692774373311e-01
5.341114589707764026e+03 2.724530797589758135e-01
5.389005694837325791e+03 2.740290632395046555e-01
5.436896799966888466e+03 2.737490806600346160e-01
5.484787905096450231e+03 2.738346919572798854e-01
5.532679010226011997e+03 2.729740679120542524e-01
5.580570115355574671e+03 2.735079471593064304e-01
5.628461220485136437e+03 2.733304916258720296e-01
5.676352325614698202e+03 2.739570663512241877e-01
5.724243430744260877e+03 2.740544590764342758e-01
5.772134535873822642e+03 2.754982106489488602e-01
5.820025641003384408e+03 2.756956862738901837e-01
5.867916746132947083e+03 2.763497156129119392e-01
5.915807851262508848e+03 2.767238586480931795e-01
5.963698956392070613e+03 2.764697838702109278e-01
6.011590061521633288e+03 2.763026444649250291e-01
6.059481166651195053e+03 2.759220039092052379e-01
6.107372271780756819e+03 2.760559970959982068e-01
6.155263376910319494e+03 2.758703642059360805e-01
6.203154482039882168e+03 2.750924304094582995e-01
6.251045587169443934e+03 2.749686422254527529e-01
6.298936692299005699e+03 2.753912245288661076e-01
6.346827797428568374e+03 2.751919417876207419e-01
6.394718902558130139e+03 2.755811706715188825e-01
6.442610007687691905e+03 2.754574043836215957e-01
6.490501112817254580e+03 2.766348749542330010e-01
6.538392217946816345e+03 2.766230765055138208e-01
6.586283323076378110e+03 2.766282231429033067e-01
6.634174428205940785e+03 2.767831960316601836e-01
6.682065533335502550e+03 2.777701122106068232e-01
6.729956638465064316e+03 2.779088582914557848e-01
6.777847743594626991e+03 2.790726297068435446e-01
6.825738848724188756e+03 2.792933576769736082e-01
6.873629953853750521e+03 2.799179140439533309e-01
6.921521058983313196e+03 2.809035903850338745e-01
6.969412164112874962e+03 2.812994086478706190e-01
7.017303269242436727e+03 2.820983123584187569e-01
7.065194374371999402e+03 2.822901127782061481e-01
7.113085479501561167e+03 2.815921584740340711e-01
7.160976584631122932e+03 2.788337773047790402e-01
7.208867689760685607e+03 2.753713295170489572e-01
7.256758794890247373e+03 2.703641810580569294e-01
7.304649900019809138e+03 2.660263159513225895e-01
7.352541005149371813e+03 2.602065335799065848e-01
7.400432110278933578e+03 2.562993170050018032e-01
7.448323215408496253e+03 2.458288165235802680e-01
7.496214320538058018e+03 2.379129701395772123e-01
7.544105425667619784e+03 2.164358843767040796e-01
7.591996530797182459e+03 1.986961513399645440e-01
7.639887635926744224e+03 1.633625053568679431e-01
