# Columns: yplus Trms_plus | Case=jet_M08_T75 | x*=5.00
3.840869375187342949e-01 4.971314193798301062e+01
1.125224120390206251e+00 4.977443108824262907e+01
1.869414885462897358e+00 4.988019729886290321e+01
2.617486549790186245e+00 5.001380628760598768e+01
3.370356241573713163e+00 5.015329561492348631e+01
4.129018803151517147e+00 5.027661338821381065e+01
4.894534725710320444e+00 5.036873152922302666e+01
5.668019151046316040e+00 5.042124876788361121e+01
6.450632589541806183e+00 5.043180397766435874e+01
7.243573647758414502e+00 5.040111664240051681e+01
8.048073776675101598e+00 5.033338180337559464e+01
8.865393860121344005e+00 5.023453376440519946e+01
9.696822359079506626e+00 5.011306982406147625e+01
1.054367469474935959e+01 4.997593790709500894e+01
1.140729356959606022e+01 4.982953342765154048e+01
1.228904996962872254e+01 4.967754390105327644e+01
1.319034464567575782e+01 4.952314089826764842e+01
1.411260992477706289e+01 4.936742261080274119e+01
1.505731174857830545e+01 4.921198534584688389e+01
1.602595187139857558e+01 4.905771444259717384e+01
1.702007017665719957e+01 4.890429839556194480e+01
1.804124708812968336e+01 4.875038694488146263e+01
1.909110606402513000e+01 4.859528197888078438e+01
2.017131616899627033e+01 4.843801324965061639e+01
2.128359472341351122e+01 4.827874679784251555e+01
2.242971003165410693e+01 4.811850660441479022e+01
2.361148419251816932e+01 4.796008507574714486e+01
2.483079599565077089e+01 4.780540093259358514e+01
2.608958390830213858e+01 4.765905833977383566e+01
2.738984915705244916e+01 4.752105552779716646e+01
2.873365890934784872e+01 4.738873517418099368e+01
3.012314955988386700e+01 4.725784154159521933e+01
3.156053012705211103e+01 4.712891154026051055e+01
3.304808576484635552e+01 4.700412363507793856e+01
3.458818139581017448e+01 4.688902867618029546e+01
3.618326547080107503e+01 4.678296864123655041e+01
3.783587386154852794e+01 4.668097385563990542e+01
3.954863389219410408e+01 4.657512473163320976e+01
4.132426851622290798e+01 4.646556379354444744e+01
4.316560064542726849e+01 4.635604220260946562e+01
4.507555763778425018e+01 4.625504859681264236e+01
4.705717595138244747e+01 4.616084006081383961e+01
4.911360597179639598e+01 4.607313526522958114e+01
5.124811702058369178e+01 4.598458422516721100e+01
5.346410255286667734e+01 4.590332252044280636e+01
5.576508555226263297e+01 4.583625730551388244e+01
5.815472413173849020e+01 4.578493896877843383e+01
6.063681734929526357e+01 4.574349028511348081e+01
6.321531124772731403e+01 4.571913298488522059e+01
6.589430512805837736e+01 4.570709765276085790e+01
6.867805806662880741e+01 4.571092794822376959e+01
7.157099568619382524e+01 4.572665620472534442e+01
7.457771719179828551e+01 4.576156573757019430e+01
7.770300268261307508e+01 4.581238234305058654e+01
8.095182075135832633e+01 4.588080149003960173e+01
8.432933638339358140e+01 4.594845414986637877e+01
8.784091916803488687e+01 4.600777076854517134e+01
9.149215183515141803e+01 4.605813219320002361e+01
9.528883913061436317e+01 4.610276797359580314e+01
9.923701704470728657e+01 4.614528525365092548e+01
1.033429624081706208e+02 4.620683117526003514e+01
1.076132028711346464e+02 4.627636208486641323e+01
1.120545272808068660e+02 4.635928659048057909e+01
1.166739964744111973e+02 4.643503092646252384e+01
1.214789545045382511e+02 4.649411163516215595e+01
1.264770403147529265e+02 4.651946052940355969e+01
1.316761998840205194e+02 4.650792372814284192e+01
1.370846988592591629e+02 4.651503622423162909e+01
1.427111356961023318e+02 4.657569816638540772e+01
1.485644553287612268e+02 4.662362301430840006e+01
1.546539633907211737e+02 4.664069615680810443e+01
1.609893410088789096e+02 4.664103474031820440e+01
1.675806601946408421e+02 4.665503596140710840e+01
1.744383998564514968e+02 4.665501364655658989e+01
1.815734624592085993e+02 4.665215248757893818e+01
1.889971913570502693e+02 4.664232641938054513e+01
1.967213888270692905e+02 4.660621239421568163e+01
2.047583348326258772e+02 4.657127685986477417e+01
2.131208065460878913e+02 4.659638214440802528e+01
2.218220986620361259e+02 4.657864521117802781e+01
2.308760445332299014e+02 4.666539909925867136e+01
2.402970381629356780e+02 4.674635416192242587e+01
2.501000570885861407e+02 4.682640573340867718e+01
2.603006861931611979e+02 4.693313273809045683e+01
2.709151424821748719e+02 4.698631026492976304e+01
2.819603008657292662e+02 4.710463289581107915e+01
2.934537209867950196e+02 4.723292275480206115e+01
3.054136751387646314e+02 4.735170905920703888e+01
3.178591773175186859e+02 4.743752638076033179e+01
3.308100134559642242e+02 4.745723041342082382e+01
3.442867728925169217e+02 4.754124377061415174e+01
3.583108811295927012e+02 4.764224705247093539e+01
3.729046339436865765e+02 4.788113203748569191e+01
3.880912329134682750e+02 4.827291135746901318e+01
4.038948224311332638e+02 4.861171165190192767e+01
4.203405282412260249e+02 4.881621250826930947e+01
4.374544974797830719e+02 4.902646303774233161e+01
4.552639400045984530e+02 4.927808402934941512e+01
4.737971704059217473e+02 4.947659633768296317e+01
4.930836492870521397e+02 4.955491788421699084e+01
5.131540209379651287e+02 4.951751064356916032e+01
5.340401420320729358e+02 4.923342221426149479e+01
5.557750920364020430e+02 4.869826532888775716e+01
5.783931502507946334e+02 4.797672220455320513e+01
6.019297165967876708e+02 4.687459966021535251e+01
6.264211437292768778e+02 4.559953498717003129e+01
6.519044377596435424e+02 4.368787749894512018e+01
6.784167758742424894e+02 4.149639323168180738e+01
7.059947844998453093e+02 3.851729641321996667e+01
7.346735253170655824e+02 3.520997650763712983e+01
7.644851523629926078e+02 3.087609710533519802e+01
7.954572346267460716e+02 2.648433646930118712e+01
8.276107853263829384e+02 2.111158313390062702e+01
8.609580979973002286e+02 1.669703230407782613e+01
8.955005526206284685e+02 1.247210660712659269e+01
9.312266102567253938e+02 8.090195240563462065e+00
9.681102479666570844e+02 4.966653670901203022e+00
1.006110084365091325e+03 2.855373987419831838e+00
1.045169402146547554e+03 1.764234612638579058e+00
1.085217187834358128e+03 1.226733076205387851e+00
1.126170191037943141e+03 1.070255502241605150e+00
1.167935874528430986e+03 9.640569729676339294e-01
1.210416006216458300e+03 8.803733276389841267e-01
1.253510557791411657e+03 8.110677701244657367e-01
1.297121539163369334e+03 7.512599263964371277e-01
1.341156419160444102e+03 7.010066426686702989e-01
1.385530855385755785e+03 6.572979133672767205e-01
1.430170563708183636e+03 6.211998791281311272e-01
1.475012278653473231e+03 5.891484678970055899e-01
1.520003867736632628e+03 5.617186222217124270e-01
1.565103747984490838e+03 5.382931730922224656e-01
1.610279801891301076e+03 5.169495613338046525e-01
1.655508001850265828e+03 4.996339001208245367e-01
1.700770932928973707e+03 4.824047090004370264e-01
1.746056364242534301e+03 4.697327149525775125e-01
1.791355970739682107e+03 4.557645401547590347e-01
1.836664259974889092e+03 4.457383953268209686e-01
1.881977719240121587e+03 4.346193201231594028e-01
1.927294170545715133e+03 4.269554477130140802e-01
1.972612304587342805e+03 4.191305792884614245e-01
2.017931358189493722e+03 4.126462639843825331e-01
2.063250900001547507e+03 4.057239898090084784e-01
2.108570693607213343e+03 4.000901018447864388e-01
2.153890613351374213e+03 3.943818897535206203e-01
2.199210594467601823e+03 3.899542549578923212e-01
2.244530604582039814e+03 3.846753378139606827e-01
2.289850628001253426e+03 3.820059347073432865e-01
2.335170657347521228e+03 3.791353385181698288e-01
2.380490689257243957e+03 3.758946183605214042e-01
2.425810722243249074e+03 3.742973244285557888e-01
2.471130755667888479e+03 3.714731144692599574e-01
2.516450789266030824e+03 3.703263111787838402e-01
2.561770822930779559e+03 3.681473089732443249e-01
2.607090856620339309e+03 3.668120569181091972e-01
2.652410890318867132e+03 3.641657254570403457e-01
2.697730924020539987e+03 3.640048794671388310e-01
2.743050957723282409e+03 3.609651655040874152e-01
2.788370991426378623e+03 3.598112942865310804e-01
2.833691025129587160e+03 3.573633889763828675e-01
2.879011058832831168e+03 3.565185595649662531e-01
2.924331092536085180e+03 3.550344519800837650e-01
2.969651126239343284e+03 3.548313160149142997e-01
3.014971159942601844e+03 3.533320206984947864e-01
3.060291193645860403e+03 3.530793126687337691e-01
3.105611227349118508e+03 3.515119112684381153e-01
3.150931261052377067e+03 3.513040578399960201e-01
3.196251294755635172e+03 3.497070929767378544e-01
3.241571328458893731e+03 3.499865313967100433e-01
3.286891362162151836e+03 3.485717108368563411e-01
3.332211395865410395e+03 3.481113532443951830e-01
3.377531429568668500e+03 3.478031754196075909e-01
3.422851463271927059e+03 3.485503713849302798e-01
3.468171496975185164e+03 3.486964698572521670e-01
3.513491530678443723e+03 3.504459800945573522e-01
3.558811564381702283e+03 3.499285817698915002e-01
3.604131598084960387e+03 3.501092677656265084e-01
3.649451631788219402e+03 3.491293050709139978e-01
3.694771665491477961e+03 3.503526088165798691e-01
3.740091699194736066e+03 3.496012431093343253e-01
3.785411732897994625e+03 3.503030576869284873e-01
3.830731766601252730e+03 3.493608584015960861e-01
3.876051800304511289e+03 3.497222109373471777e-01
3.921371834007769394e+03 3.489102570404524206e-01
3.966691867711027953e+03 3.505525631587058100e-01
4.012011901414286058e+03 3.502056039284501820e-01
4.057331935117544617e+03 3.494923614678604462e-01
4.102651968820802722e+03 3.488221771219390255e-01
4.147972002524061281e+03 3.481630832221028204e-01
4.193292036227319841e+03 3.475782393732945730e-01
4.238612069930578400e+03 3.471380770144066319e-01
4.283932103633836050e+03 3.464665713258232027e-01
4.329252137337094609e+03 3.458041627091904546e-01
4.374572171040353169e+03 3.449893941403134323e-01
4.419892204743611728e+03 3.436337373031549403e-01
4.465212238446869378e+03 3.424500581716540815e-01
4.510532272150127937e+03 3.407580866148880450e-01
4.555852305853386497e+03 3.400119288443345100e-01
4.601172339556645056e+03 3.397862278998134422e-01
4.646492373259902706e+03 3.400922142670098625e-01
4.691812406963161266e+03 3.403096677499496958e-01
4.737132440666419825e+03 3.418705959294533470e-01
4.782452474369678384e+03 3.432035884306184892e-01
4.827772508072936944e+03 3.433070844459836790e-01
4.873092541776194594e+03 3.427307940127612973e-01
4.918412575479453153e+03 3.414625958042729059e-01
4.963732609182711712e+03 3.406978698400600081e-01
5.009052642885970272e+03 3.404824729736348199e-01
5.054372676589227922e+03 3.399594333014758774e-01
5.099692710292486481e+03 3.387437358073115412e-01
5.145012743995745041e+03 3.389697161319216168e-01
5.190332777699003600e+03 3.386083689299778654e-01
5.235652811402262159e+03 3.386385550463700822e-01
5.280972845105519809e+03 3.396883649232108615e-01
5.326292878808778369e+03 3.404229856896756057e-01
5.371612912512036928e+03 3.405975828181880272e-01
5.416932946215295487e+03 3.380503997884364842e-01
5.462252979918553137e+03 3.378321240744430187e-01
5.507573013621811697e+03 3.368123279293767647e-01
5.552893047325070256e+03 3.380002152694650541e-01
5.598213081028328816e+03 3.381223204881929068e-01
5.643533114731586465e+03 3.373690175001134439e-01
5.688853148434845025e+03 3.364910223197487560e-01
5.734173182138103584e+03 3.368891815291037983e-01
5.779493215841362144e+03 3.359810937891602456e-01
5.824813249544620703e+03 3.372926102095682444e-01
5.870133283247879262e+03 3.370590439991602572e-01
5.915453316951137822e+03 3.387321511269806851e-01
5.960773350654396381e+03 3.383766727198186386e-01
6.006093384357654031e+03 3.386048641377433777e-01
6.051413418060912591e+03 3.380117597911186378e-01
6.096733451764171150e+03 3.377868071974400865e-01
6.142053485467429709e+03 3.385282944899341562e-01
6.187373519170687359e+03 3.393225311684989753e-01
6.232693552873945919e+03 3.402368136614818961e-01
6.278013586577204478e+03 3.393855614319777891e-01
6.323333620280463037e+03 3.392645993434746932e-01
6.368653653983721597e+03 3.400785914353393058e-01
6.413973687686979247e+03 3.401446931358065306e-01
6.459293721390237806e+03 3.401469713996727595e-01
6.504613755093496366e+03 3.400296437229528568e-01
6.549933788796754925e+03 3.401946484172616580e-01
6.595253822500012575e+03 3.399176737630124068e-01
6.640573856203271134e+03 3.412218976737243503e-01
6.685893889906529694e+03 3.414537259691368121e-01
6.731213923609788253e+03 3.426651512689545820e-01
6.776533957313045903e+03 3.395844677405754908e-01
6.821853991016304462e+03 3.383746045368315469e-01
6.867174024719563022e+03 3.320368711715029342e-01
6.912494058422821581e+03 3.281635646554143526e-01
6.957814092126080141e+03 3.180502716645376426e-01
7.003134125829337790e+03 3.131787657982622597e-01
7.048454159532596350e+03 2.991132069589495512e-01
7.093774193235854909e+03 2.920741773228403004e-01
7.139094226939113469e+03 2.690400197014982120e-01
7.184414260642371119e+03 2.467203473946214809e-01
7.229734294345629678e+03 2.082980495123140652e-01
