# Columns: yplus Trms_plus | Case=jet_M12_T05 | x*=5.00
4.348309552634680442e-01 9.022254233287146974e+01
1.273884194853420748e+00 9.031154504111339065e+01
2.116394443614550536e+00 9.046128187367891371e+01
2.963298320394013530e+00 9.063604097556489592e+01
3.815634120674063379e+00 9.079410118982089273e+01
4.674528121351749554e+00 9.090271266492530344e+01
5.541180921434031070e+00 9.094783112836506689e+01
6.416854990755538779e+00 9.092756526071318035e+01
7.302864161651704933e+00 9.084637156246397183e+01
8.200565395750912145e+00 9.071476643576509957e+01
9.111352838370887497e+00 9.054606354398305257e+01
1.003665395622942391e+01 9.034980175280389858e+01
1.097792743657946879e+01 9.013411880553536548e+01
1.193666248876660774e+01 8.990405314830533712e+01
1.291437920769260650e+01 8.966234584382836204e+01
1.391262970851099823e+01 8.941271630917397317e+01
1.493299980360254153e+01 8.915924487890042371e+01
1.597711105328123793e+01 8.890329656693970151e+01
1.704662307349306261e+01 8.864946621969987461e+01
1.814323602428344984e+01 8.839946716894172596e+01
1.926869323226106445e+01 8.815466071562629224e+01
2.042478392041918411e+01 8.790961484181494257e+01
2.161334603172054969e+01 8.766014547181360683e+01
2.283626914091100701e+01 8.740693551975812170e+01
2.409549745380495622e+01 8.715848619923366414e+01
2.539303289602507618e+01 8.692221136441480667e+01
2.673093829471918781e+01 8.670025379732294368e+01
2.811134065764596457e+01 8.649275417362343887e+01
2.953643455453383737e+01 8.630299808660544159e+01
3.100848560595084180e+01 8.613777021446200877e+01
3.252983408517234665e+01 8.599930105049541851e+01
3.410289863874822913e+01 8.587723409640929617e+01
3.573018013167436635e+01 8.575708454599133290e+01
3.741426562327762895e+01 8.564034825187350464e+01
3.915783248013389795e+01 8.553174365436474602e+01
4.096365263255709266e+01 8.543360641993984927e+01
4.283459698142625172e+01 8.534057073252398595e+01
4.477363996235651200e+01 8.524369431376140938e+01
4.678386427446989870e+01 8.515206654217196558e+01
4.886846578128420759e+01 8.507469330972922705e+01
5.103075859151084614e+01 8.501689996620470424e+01
5.327418032783963753e+01 8.498858253936469964e+01
5.560229759208649369e+01 8.498684540723101577e+01
5.801881163539299280e+01 8.499363756514091506e+01
6.052756424249157874e+01 8.500389532535110959e+01
6.313254383939218428e+01 8.501999644343092655e+01
6.583789183419932556e+01 8.504780090938503179e+01
6.864790920114126038e+01 8.509123532346129082e+01
7.156706331827794543e+01 8.516259469150431016e+01
7.459999506975809425e+01 8.525615120089980792e+01
7.775152622391776447e+01 8.536292827156303531e+01
8.102666709894874941e+01 8.547144810639174750e+01
8.443062452832482734e+01 8.556592507891488708e+01
8.796881013864843624e+01 8.568290949014647140e+01
9.164684895307910040e+01 8.580000045191138724e+01
9.547058833401952427e+01 8.586572430909514253e+01
9.944610727927876326e+01 8.592133901969647525e+01
1.035797260864896145e+02 8.601929721104009730e+01
1.078780164011460556e+02 8.616707832837775527e+01
1.123478116642339018e+02 8.634055601509221844e+01
1.169962179760660490e+02 8.648493051495668738e+01
1.218306253935919159e+02 8.663885870883819962e+01
1.268587196791429079e+02 8.687505059086780079e+01
1.320884945192913165e+02 8.713355558424618152e+01
1.375282642332486205e+02 8.738086888893950288e+01
1.431866769910072037e+02 8.758082512378862816e+01
1.490727285622392060e+02 8.775107286502479553e+01
1.551957766178107363e+02 8.792914413809157281e+01
1.615655556066490135e+02 8.819264508336996755e+01
1.681921922316118980e+02 8.844480316702450295e+01
1.750862215489653124e+02 8.864065776005526232e+01
1.822586037170622149e+02 8.890438865838591198e+01
1.897207414208509135e+02 8.922471382417838015e+01
1.974844979999140833e+02 8.947139219844875413e+01
2.055622163088586376e+02 8.969535360878293773e+01
2.139667383400408198e+02 8.986095053480285344e+01
2.227114256398223233e+02 8.998035013265300108e+01
2.318101805508159430e+02 9.020286692924237570e+01
2.412774683138918306e+02 9.036261013993147628e+01
2.511283400650815167e+02 9.050921059367914268e+01
2.613784567639419265e+02 9.069600793983093467e+01
2.720441140914218181e+02 9.099459226442111515e+01
2.831422683568178513e+02 9.147501981054294617e+01
2.946905634550190598e+02 9.196544696023445908e+01
3.067073589169293655e+02 9.212306775906995426e+01
3.192117590977425721e+02 9.227873792163937594e+01
3.322236435496672584e+02 9.240554532303613655e+01
3.457636986278344011e+02 9.224713074988575556e+01
3.598534503806059206e+02 9.253826806348597245e+01
3.745152987785776304e+02 9.252833966162313573e+01
3.897725533405512124e+02 9.193535885329917789e+01
4.056494702199451581e+02 9.152467844327816238e+01
4.221712908213600031e+02 9.069075326133018677e+01
4.393642820225025503e+02 8.964288159752075558e+01
4.572557780753273278e+02 8.814093033226801310e+01
4.758742242364540402e+02 8.647377878766235426e+01
4.952492220961206044e+02 8.416471270395228998e+01
5.154115763688367906e+02 8.129391245623561701e+01
5.363933424543660067e+02 7.754949659066524248e+01
5.582278731721454506e+02 7.319717980557116732e+01
5.809498614122001072e+02 6.764735892599377109e+01
6.045953726232040708e+02 6.108743874138111352e+01
6.292018565980076801e+02 5.310764407416353805e+01
6.548081214793520530e+02 4.450742955938531509e+01
6.814542440836931974e+02 3.594950052411390118e+01
7.091813798321367130e+02 2.814064638203529611e+01
7.380314239343100553e+02 2.073999646004311970e+01
7.680464652765499523e+02 1.396634323866130423e+01
7.992679692214741181e+02 8.894857121029628999e+00
8.317356296575884471e+02 5.258532851654633689e+00
8.654858486837338205e+02 3.596255850408435428e+00
9.005498375927285224e+02 2.657404125517755400e+00
9.369513857842847528e+02 1.980167583140503229e+00
9.747044109661350149e+02 1.439691693601491185e+00
1.013810475436953311e+03 1.038934323283289274e+00
1.054256515778911080e+03 6.948903921110667348e-01
1.096013071007293547e+03 4.840204312319177360e-01
1.139033292594966497e+03 4.104815652703405759e-01
1.183252969974704456e+03 3.781881579232185264e-01
1.228591707655591790e+03 3.601334760546352487e-01
1.274955256541068138e+03 3.453245243125983577e-01
1.322238853756645540e+03 3.331795493299395949e-01
1.370331289185335208e+03 3.237128471050241263e-01
1.419119319179387503e+03 3.139140378340817827e-01
1.468492007593246399e+03 3.063472686953029878e-01
1.518344598409632226e+03 3.005383883683594437e-01
1.568581606254213966e+03 2.944717318500245651e-01
1.619118932875942846e+03 2.895177906319074679e-01
1.669884954421159819e+03 2.838745383705604253e-01
1.720820650871126645e+03 2.801025465859894870e-01
1.771878945477898242e+03 2.759699043426138143e-01
1.823023477500349827e+03 2.728273685884558541e-01
1.874227044901140516e+03 2.700197656554483849e-01
1.925469931957196650e+03 2.682001514820244736e-01
1.976738291888425238e+03 2.673192421509787420e-01
2.028022699771349153e+03 2.656030064905845478e-01
2.079316937520680767e+03 2.650609557146290651e-01
2.130617028343561742e+03 2.632174058214393209e-01
2.181920506503113756e+03 2.622451278988482959e-01
2.233225889715001358e+03 2.605825113329497955e-01
2.284532313976040768e+03 2.589071611931533234e-01
2.335839290947307745e+03 2.582447669947028901e-01
2.387146552978143063e+03 2.574222490742765768e-01
2.438453957812383123e+03 2.576899777497304034e-01
2.489761432126920226e+03 2.572446589272486817e-01
2.541068939270794090e+03 2.580032009636968326e-01
2.592376461477216708e+03 2.578030724058708589e-01
2.643683990393752538e+03 2.588963570388080337e-01
2.694991522212415930e+03 2.595005993988537818e-01
2.746299055249556659e+03 2.601462346125854030e-01
2.797606588783281495e+03 2.603334008658431120e-01
2.848914122513432176e+03 2.609128237814161144e-01
2.900221656318988607e+03 2.613061820185096362e-01
2.951529190152634328e+03 2.605965488829206644e-01
3.002836723996433193e+03 2.612434601165726789e-01
3.054144257843791820e+03 2.609803377056571505e-01
3.105451791692362349e+03 2.620421373403769572e-01
3.156759325541333055e+03 2.622308961441119357e-01
3.208066859390430636e+03 2.628300650332862087e-01
3.259374393239568690e+03 2.633487792898840940e-01
3.310681927088717657e+03 2.639637264761190427e-01
3.361989460937871627e+03 2.639784910228122339e-01
3.413296994787025596e+03 2.646155457667420663e-01
3.464604528636180021e+03 2.650131159808308823e-01
3.515912062485333990e+03 2.663132206203444041e-01
3.567219596334487960e+03 2.665521010156859938e-01
3.618527130183641930e+03 2.670480588581876091e-01
3.669834664032796354e+03 2.664985500484531311e-01
3.721142197881950324e+03 2.671270128488731910e-01
3.772449731731104293e+03 2.666677111081502960e-01
3.823757265580258718e+03 2.674076933238997977e-01
3.875064799429412687e+03 2.671957897336767473e-01
3.926372333278566657e+03 2.678294162776864162e-01
3.977679867127720627e+03 2.673524053513316456e-01
4.028987400976875051e+03 2.679211922061479623e-01
4.080294934826029021e+03 2.690384976395831518e-01
4.131602468675183445e+03 2.691523385821452119e-01
4.182910002524337870e+03 2.696893547559959803e-01
4.234217536373492294e+03 2.700799384800127712e-01
4.285525070222645809e+03 2.705604635992045481e-01
4.336832604071800233e+03 2.718119600707747385e-01
4.388140137920954658e+03 2.722187988888493670e-01
4.439447671770108172e+03 2.731974691309638770e-01
4.490755205619262597e+03 2.738366918664871252e-01
4.542062739468417021e+03 2.734784992271090398e-01
4.593370273317570536e+03 2.738987595928438767e-01
4.644677807166724961e+03 2.740627946254154956e-01
4.695985341015879385e+03 2.744848968741168127e-01
4.747292874865032900e+03 2.748415612137177777e-01
4.798600408714187324e+03 2.754286740781221043e-01
4.849907942563341749e+03 2.759809043669744777e-01
4.901215476412495264e+03 2.769585880175445269e-01
4.952523010261649688e+03 2.767065439422269346e-01
5.003830544110803203e+03 2.779801006582300893e-01
5.055138077959957627e+03 2.783992033912239816e-01
5.106445611809112052e+03 2.796614913929693080e-01
5.157753145658265566e+03 2.797062457350501519e-01
5.209060679507419991e+03 2.802554752668423577e-01
5.260368213356574415e+03 2.803771535019951577e-01
5.311675747205727930e+03 2.807779208080331546e-01
5.362983281054882355e+03 2.803875783315576964e-01
5.414290814904036779e+03 2.817286634525711930e-01
5.465598348753190294e+03 2.812597568610518683e-01
5.516905882602344718e+03 2.815806457691997777e-01
5.568213416451499143e+03 2.817754357715518965e-01
5.619520950300652657e+03 2.816519398271667418e-01
5.670828484149807082e+03 2.815767924771941932e-01
5.722136017998961506e+03 2.818999642506892500e-01
5.773443551848115021e+03 2.822266348037038575e-01
5.824751085697269446e+03 2.832302019799179393e-01
5.876058619546422960e+03 2.831484410787655781e-01
5.927366153395577385e+03 2.834943517474224350e-01
5.978673687244731809e+03 2.838461725450038275e-01
6.029981221093885324e+03 2.838008322011092432e-01
6.081288754943039748e+03 2.847584731243046896e-01
6.132596288792194173e+03 2.852034183610062112e-01
6.183903822641347688e+03 2.862942674405234422e-01
6.235211356490502112e+03 2.867182080879662198e-01
6.286518890339656537e+03 2.876280701042498444e-01
6.337826424188810051e+03 2.876664370137573257e-01
6.389133958037964476e+03 2.881125693325853887e-01
6.440441491887118900e+03 2.879298224107815218e-01
6.491749025736272415e+03 2.883891371023055705e-01
6.543056559585426839e+03 2.879411868776848848e-01
6.594364093434581264e+03 2.881421516140896255e-01
6.645671627283735688e+03 2.888634980715387157e-01
6.696979161132890113e+03 2.887193507597870523e-01
6.748286694982043628e+03 2.881897984983085581e-01
6.799594228831198052e+03 2.886275839992734626e-01
6.850901762680352476e+03 2.892483756853675425e-01
6.902209296529505991e+03 2.897145377754287709e-01
6.953516830378660416e+03 2.897592039274516917e-01
7.004824364227813930e+03 2.902677048321143927e-01
7.056131898076968355e+03 2.904415037584140991e-01
7.107439431926122779e+03 2.914507729453050811e-01
7.158746965775276294e+03 2.920467733828063239e-01
7.210054499624430719e+03 2.934433559850620488e-01
7.261362033473585143e+03 2.944417614641005598e-01
7.312669567322738658e+03 2.962299035867119734e-01
7.363977101171893082e+03 2.970957785962170528e-01
7.415284635021047507e+03 2.988068854485170789e-01
7.466592168870201021e+03 2.988552711142987151e-01
7.517899702719355446e+03 3.009530319076431648e-01
7.569207236568509870e+03 3.011637577907103624e-01
7.620514770417663385e+03 3.026879345782514941e-01
7.671822304266817810e+03 2.999670258992624960e-01
7.723129838115972234e+03 2.997408652749867786e-01
7.774437371965125749e+03 2.959488244960201686e-01
7.825744905814280173e+03 2.936789522117643214e-01
7.877052439663433688e+03 2.864428580142041603e-01
7.928359973512588112e+03 2.840755580077726217e-01
7.979667507361742537e+03 2.723730775734435894e-01
8.030975041210896052e+03 2.657094812586110466e-01
8.082282575060050476e+03 2.437223069972864475e-01
8.133590108909204901e+03 2.229184670956527725e-01
8.184897642758358415e+03 1.863817319084320745e-01
