# Columns: yplus Trms_plus | Case=jet_M16_T05 | x*=5.00
4.302548796539760745e-01 7.310690990796778976e+01
1.260478087668954084e+00 7.320706591081265913e+01
2.094121923969253452e+00 7.338700929955921026e+01
2.932113150609154673e+00 7.361608788909468615e+01
3.775479136253089063e+00 7.385552067891680394e+01
4.625334305081145736e+00 7.407699893426183735e+01
5.482866621232030724e+00 7.426609949379681552e+01
6.349325268555674917e+00 7.441318929574819663e+01
7.226010252873939166e+00 7.451315766877503677e+01
8.114264255417419136e+00 7.456522291747130282e+01
9.015466749792208745e+00 7.457290252140681730e+01
9.931030180336597013e+00 7.454291426054531655e+01
1.086239788336524192e+01 7.448550423271701959e+01
1.181104339607692921e+01 7.441125437574044099e+01
1.277847081619309932e+01 7.432967363587069087e+01
1.376621592471210676e+01 7.424199697413919807e+01
1.477584784523653916e+01 7.414911308448891702e+01
1.580897107309798422e+01 7.405399793005069853e+01
1.686722775877001368e+01 7.395956550297856325e+01
1.795230017014750246e+01 7.386918731400055549e+01
1.906591328741213687e+01 7.378195998441093195e+01
2.020983750412565527e+01 7.369628167787075768e+01
2.138589142109987762e+01 7.361212356588633554e+01
2.259594472756697670e+01 7.353326568573230304e+01
2.384192116890103819e+01 7.346218740425372573e+01
2.512580160285248709e+01 7.340074313193599664e+01
2.644962714778121793e+01 7.334301900165901600e+01
2.781550242723380606e+01 7.327567555070959315e+01
2.922559891571768631e+01 7.320084056593282185e+01
3.068215839085480923e+01 7.312657267436445352e+01
3.218749649734403562e+01 7.305771321244138505e+01
3.374400642837374420e+01 7.299356784031407130e+01
3.535416273032758028e+01 7.294039543397403236e+01
3.702052523682791474e+01 7.290923064659871500e+01
3.874574313837040052e+01 7.291001658029693999e+01
4.053255919401850349e+01 7.293471361018981725e+01
4.238381409185401338e+01 7.296282563140218258e+01
4.430245096511556824e+01 7.299014893808421789e+01
4.629152007120482182e+01 7.303409146334463742e+01
4.835418364099929533e+01 7.310082841843818358e+01
5.049372090618093267e+01 7.317618120011869109e+01
5.271353331257322594e+01 7.325247972534171481e+01
5.501714992777475288e+01 7.335092687393820654e+01
5.740823305168667900e+01 7.346444176482096111e+01
5.989058403885312742e+01 7.358456181820868380e+01
6.246814934187170110e+01 7.368696177222778942e+01
6.514502678548102210e+01 7.378381061905631100e+01
6.792547208130092429e+01 7.391466880211652324e+01
7.081390559358167991e+01 7.408000637695306523e+01
7.381491936671828569e+01 7.428701901097578286e+01
7.693328442570340542e+01 7.453964856389788451e+01
8.017395836112380891e+01 7.482055498559316220e+01
8.354209321075994410e+01 7.511638660407534474e+01
8.704304365031831026e+01 7.543815727237027602e+01
9.068237550631891963e+01 7.576335220536111592e+01
9.446587460467050335e+01 7.609153721522910985e+01
9.839955596900256296e+01 7.645197062583743275e+01
1.024896733833764131e+02 7.681491196450146219e+01
1.067427293345788968e+02 7.712929848417918777e+01
1.111654853498044275e+02 7.746930419367542697e+01
1.157649727461612770e+02 7.788866386008629661e+01
1.205485038090902634e+02 7.825983445730568633e+01
1.255236834174688312e+02 7.871728252941302628e+01
1.306984211338811122e+02 7.921018545864396287e+01
1.360809437792754011e+02 7.962004515848116171e+01
1.416798085120008182e+02 8.008494248058750031e+01
1.475039164320155010e+02 8.067313954296098188e+01
1.535625267318944509e+02 8.122474784907099377e+01
1.598652714171353466e+02 8.177045863784348967e+01
1.664221706191631824e+02 8.226411864791063522e+01
1.732436485253799106e+02 8.276358333278460577e+01
1.803405499515837107e+02 8.339622139496073316e+01
1.877241575831049261e+02 8.399184113181416933e+01
1.954062099120694427e+02 8.450763842085686406e+01
2.033989198993053549e+02 8.493418093603951036e+01
2.117149943905624525e+02 8.532397407692742775e+01
2.203676543179115583e+02 8.589726540512202746e+01
2.293706557184410713e+02 8.651115913675266711e+01
2.387383116036659487e+02 8.720866007422392840e+01
2.484855147144168654e+02 8.797724548385542676e+01
2.586277611973868602e+02 8.865167387791352382e+01
2.691811752409774954e+02 8.926561564645390945e+01
2.801625347096151017e+02 9.022142366350892928e+01
2.915892978173027359e+02 9.131001835352043372e+01
3.034796308828452425e+02 9.234605613408241709e+01
3.158524372109529281e+02 9.340448323878177916e+01
3.287273871453295442e+02 9.436752008830890759e+01
3.421249493419657028e+02 9.526473697283392994e+01
3.560664233133161360e+02 9.608772572761395736e+01
3.705739732970836826e+02 9.685743354887137002e+01
3.856706635072701488e+02 9.755526169406276438e+01
4.013804948302972662e+02 9.831291097264755763e+01
4.177284430351787705e+02 9.881840436299523844e+01
4.347404985721570938e+02 9.894608033232897526e+01
4.524437080328852971e+02 9.879903178007481301e+01
4.708662173216866904e+02 9.831232760784271818e+01
4.900373165074746566e+02 9.741865024956022978e+01
5.099874861219909121e+02 9.591868832187934402e+01
5.307484442202647870e+02 9.381122205584870244e+01
5.523531926232092246e+02 9.045403273728862814e+01
5.748360591196855012e+02 8.560061492557474594e+01
5.982327296126658212e+02 8.001955086193625277e+01
6.225802597807327174e+02 7.260354575242332942e+01
6.479170493573515159e+02 6.390115163559270428e+01
6.742827533984298043e+02 5.336873865994044763e+01
7.017180942135004216e+02 4.252013028804257999e+01
7.302645261152297280e+02 3.146281852844725080e+01
7.599636950547773040e+02 2.081160630443903869e+01
7.908566300214246212e+02 1.286057971158263591e+01
8.229826071729877413e+02 8.435174170750103784e+00
8.563776455197654514e+02 4.860389022789846081e+00
8.910726278930577564e+02 3.191613383272601023e+00
9.270910933376044341e+02 2.365009432359060249e+00
9.644468130939139883e+02 1.605322596747805086e+00
1.003141333019336003e+03 1.020942557730732947e+00
1.043161727172886685e+03 7.372856017752503766e-01
1.084478844611470322e+03 5.242261221690460715e-01
1.127046329832655829e+03 4.200310548236692587e-01
1.170800648008621238e+03 3.785305062325429182e-01
1.215662249714814834e+03 3.545794636643412323e-01
1.261537877713665921e+03 3.397701147847608794e-01
1.308323871634610896e+03 3.300195107089340940e-01
1.355910191714100165e+03 3.200564172814309716e-01
1.404184786058301597e+03 3.132989621099793731e-01
1.453037885991876692e+03 3.058907279082174191e-01
1.502365837929306508e+03 3.003465863441586725e-01
1.552074161365594136e+03 2.958667519120858902e-01
1.602079643083175142e+03 2.909780132574176226e-01
1.652311412983765649e+03 2.899346847690919549e-01
1.702711072163717972e+03 2.851747182403805425e-01
1.753232039301540908e+03 2.839725461372649695e-01
1.803838336309410579e+03 2.803247509639242296e-01
1.854503047418887490e+03 2.792179713608026748e-01
1.905206664391296727e+03 2.774477748934432442e-01
1.955935486167340741e+03 2.753276472276170450e-01
2.006680187009587144e+03 2.737579686835233117e-01
2.057434614270656766e+03 2.724905136824303797e-01
2.108194833008678870e+03 2.714080081614670958e-01
2.158958403435705804e+03 2.707329166950937505e-01
2.209723858866671435e+03 2.702246677532657015e-01
2.260490344390992050e+03 2.692657285519562960e-01
2.311257376808925983e+03 2.697964476400665501e-01
2.362024691286517736e+03 2.685847868361246338e-01
2.412792147064679284e+03 2.686273384114996610e-01
2.463559671591940514e+03 2.681495843463436723e-01
2.514327228603049207e+03 2.663664341837482796e-01
2.565094800518191278e+03 2.672836029331018826e-01
2.615862379072830663e+03 2.664008194705923538e-01
2.666629960499056324e+03 2.664289431032304534e-01
2.717397543130936356e+03 2.661528688362908568e-01
2.768165126254174083e+03 2.665924386604853202e-01
2.818932709571771284e+03 2.658157836575722466e-01
2.869700292963980246e+03 2.664237129121821424e-01
2.920467876383982912e+03 2.660584099636068012e-01
2.971235459814031401e+03 2.653563330267680320e-01
3.022003043247603273e+03 2.650059076422839333e-01
3.072770626682373404e+03 2.639948028211432374e-01
3.123538210117539620e+03 2.641436820960772480e-01
3.174305793552831346e+03 2.644756265289966435e-01
3.225073376988163091e+03 2.649242071049149883e-01
3.275840960423506203e+03 2.653817603834865979e-01
3.326608543858853864e+03 2.662500298764602924e-01
3.377376127294201524e+03 2.671594916685550158e-01
3.428143710729549184e+03 2.684782445281246321e-01
3.478911294164897299e+03 2.690614107598159332e-01
3.529678877600244959e+03 2.708439152818592488e-01
3.580446461035592620e+03 2.709741770264831318e-01
3.631214044470940735e+03 2.722570948029428561e-01
3.681981627906288395e+03 2.725221724290252112e-01
3.732749211341636055e+03 2.729435141815507171e-01
3.783516794776984170e+03 2.736589489851175006e-01
3.834284378212331831e+03 2.732664802034048268e-01
3.885051961647679491e+03 2.747364073751326075e-01
3.935819545083027606e+03 2.746713201804392157e-01
3.986587128518375266e+03 2.758771965780477120e-01
4.037354711953722926e+03 2.750560593471938486e-01
4.088122295389071496e+03 2.752954752205504785e-01
4.138889878824419611e+03 2.741202415500807454e-01
4.189657462259767271e+03 2.743786720299745130e-01
4.240425045695114932e+03 2.733722229487643429e-01
4.291192629130462592e+03 2.738333674684028107e-01
4.341960212565810252e+03 2.732801467207089940e-01
4.392727796001158822e+03 2.733252009259453663e-01
4.443495379436506482e+03 2.730889566625343545e-01
4.494262962871854143e+03 2.738396215110012188e-01
4.545030546307201803e+03 2.739178086589007521e-01
4.595798129742549463e+03 2.746286063147617140e-01
4.646565713177897123e+03 2.750258818660041849e-01
4.697333296613244784e+03 2.734485983863457204e-01
4.748100880048593353e+03 2.745061787716596147e-01
4.798868463483941014e+03 2.738578770387545824e-01
4.849636046919288674e+03 2.749098111943508727e-01
4.900403630354636334e+03 2.742002511831190259e-01
4.951171213789983995e+03 2.753036922241885454e-01
5.001938797225331655e+03 2.750055641293915887e-01
5.052706380660680225e+03 2.761770809445199260e-01
5.103473964096027885e+03 2.756106294562118419e-01
5.154241547531375545e+03 2.761772080526624928e-01
5.205009130966723205e+03 2.757055681328391405e-01
5.255776714402070866e+03 2.766079512468546109e-01
5.306544297837418526e+03 2.777658499149595617e-01
5.357311881272767096e+03 2.789876262427107845e-01
5.408079464708114756e+03 2.785594330973205635e-01
5.458847048143462416e+03 2.790494379882243470e-01
5.509614631578810076e+03 2.788000849251077162e-01
5.560382215014157737e+03 2.795192602656368930e-01
5.611149798449505397e+03 2.792655230833964719e-01
5.661917381884853057e+03 2.802576422936078893e-01
5.712684965320201627e+03 2.805423323944836733e-01
5.763452548755549287e+03 2.809409998199808300e-01
5.814220132190896948e+03 2.808453426339871384e-01
5.864987715626244608e+03 2.811551614976049995e-01
5.915755299061592268e+03 2.809828883910904795e-01
5.966522882496939928e+03 2.815298037027919031e-01
6.017290465932288498e+03 2.815798665145549107e-01
6.068058049367636158e+03 2.817070444587876366e-01
6.118825632802983819e+03 2.812704052278557354e-01
6.169593216238331479e+03 2.819907531215333774e-01
6.220360799673679139e+03 2.821508450730502160e-01
6.271128383109026800e+03 2.835316329534463553e-01
6.321895966544375369e+03 2.839901302195252386e-01
6.372663549979723030e+03 2.848959842590759739e-01
6.423431133415070690e+03 2.837269794861489447e-01
6.474198716850418350e+03 2.838913616479281643e-01
6.524966300285766920e+03 2.842821308055785146e-01
6.575733883721114580e+03 2.843263438155773648e-01
6.626501467156462240e+03 2.835805656974249578e-01
6.677269050591809901e+03 2.833621389432336990e-01
6.728036634027158470e+03 2.835789306627739537e-01
6.778804217462506131e+03 2.840276090813168564e-01
6.829571800897853791e+03 2.836950711798368885e-01
6.880339384333201451e+03 2.837841915886029076e-01
6.931106967768549111e+03 2.854270041152002779e-01
6.981874551203896772e+03 2.867634954227374355e-01
7.032642134639245342e+03 2.888157079997255017e-01
7.083409718074593002e+03 2.888689142877251537e-01
7.134177301509940662e+03 2.893508683426043726e-01
7.184944884945288322e+03 2.900225440202578442e-01
7.235712468380635983e+03 2.917966153129969431e-01
7.286480051815983643e+03 2.917859350647113437e-01
7.337247635251331303e+03 2.930863919801960371e-01
7.388015218686679873e+03 2.922686830870673269e-01
7.438782802122027533e+03 2.943644636462025010e-01
7.489550385557375193e+03 2.935571137930042540e-01
7.540317968992722854e+03 2.955371313951098422e-01
7.591085552428070514e+03 2.933077504085262466e-01
7.641853135863418174e+03 2.935261138213345333e-01
7.692620719298766744e+03 2.887793975828453763e-01
7.743388302734114404e+03 2.876307268221514057e-01
7.794155886169462065e+03 2.807917179960063292e-01
7.844923469604809725e+03 2.788930813848749524e-01
7.895691053040157385e+03 2.666140863662340710e-01
7.946458636475505045e+03 2.599879282809093306e-01
7.997226219910853615e+03 2.388075898972181477e-01
8.047993803346201275e+03 2.183268690255724120e-01
8.098761386781548936e+03 1.813544707107491438e-01
